1283;0;0.0000;-0.0001;-0.0519;6.3317;25.822900
1283;1;0.0000;-0.0001;-0.0522;6.3667;25.822901
1283;2;0.0000;-0.0001;-0.0526;6.4649;25.822902
1283;3;0.0000;-0.0001;-0.0524;6.6047;25.822903
1283;4;0.0000;-0.0001;-0.0524;6.7161;25.822904
1283;5;0.0000;-0.0001;-0.0524;6.7904;25.822905
1283;6;0.0000;-0.0001;-0.0521;6.9127;25.822906
1283;7;0.0000;0.0000;-0.0523;6.9848;25.822907
1283;8;0.0000;0.0000;-0.0525;6.9083;25.822908
1283;9;0.0000;0.0000;-0.0524;6.7511;25.822909
1283;10;0.0000;0.0000;-0.0521;6.6571;25.822910
1283;11;0.0000;0.0000;-0.0517;6.5982;25.822911
1283;12;0.0000;0.0000;-0.0519;6.5043;25.822912
1283;13;0.0000;0.0001;-0.0522;6.4780;25.822913
1283;14;0.0000;0.0001;-0.0524;6.5392;25.822914
1283;15;-0.0001;0.0000;-0.0526;6.5763;25.822915
1283;16;-0.0001;0.0001;-0.0524;6.5872;25.822916
1283;17;-0.0001;0.0001;-0.0524;6.5720;25.822917
1283;18;-0.0001;0.0001;-0.0526;6.5370;25.822918
1283;19;-0.0001;0.0001;-0.0524;6.5043;25.822919
1283;20;-0.0001;0.0001;-0.0521;6.4628;25.822920
1283;21;-0.0001;0.0002;-0.0517;6.4606;25.822921
1283;22;-0.0001;0.0002;-0.0521;6.4890;25.822922
1283;23;-0.0001;0.0002;-0.0522;6.5720;25.822923
1283;24;-0.0001;0.0002;-0.0521;6.7532;25.822924
1283;25;-0.0001;0.0002;-0.0523;6.8930;25.822925
1283;26;-0.0001;0.0002;-0.0525;6.9433;25.822926
1283;27;-0.0001;0.0003;-0.0525;6.9869;25.822927
1283;28;-0.0001;0.0003;-0.0525;6.9760;25.822928
1283;29;-0.0001;0.0003;-0.0521;6.8406;25.822929
1283;30;-0.0001;0.0003;-0.0522;6.5610;25.822930
1283;31;-0.0001;0.0003;-0.0521;6.3426;25.822931
1283;32;-0.0001;0.0003;-0.0521;6.2749;25.822932
1283;33;-0.0001;0.0004;-0.0522;6.2640;25.822933
1283;34;-0.0001;0.0004;-0.0521;6.3514;25.822934
1283;35;-0.0001;0.0004;-0.0519;6.4846;25.822935
1283;36;-0.0001;0.0004;-0.0519;6.6178;25.822936
1283;37;-0.0001;0.0004;-0.0521;6.7227;25.822937
1283;38;-0.0001;0.0005;-0.0524;6.8035;25.822938
1283;39;-0.0001;0.0005;-0.0525;6.9323;25.822939
1283;40;-0.0001;0.0005;-0.0527;7.0088;25.822940
1283;41;-0.0001;0.0005;-0.0527;6.9651;25.822941
1283;42;-0.0001;0.0005;-0.0523;6.9192;25.822942
1283;43;-0.0001;0.0005;-0.0527;6.8887;25.822943
1283;44;-0.0001;0.0006;-0.0525;6.9083;25.822944
1283;45;-0.0001;0.0006;-0.0521;6.9214;25.822945
1283;46;-0.0001;0.0006;-0.0519;6.8144;25.822946
1283;47;-0.0001;0.0006;-0.0519;6.7292;25.822947
1283;48;-0.0001;0.0006;-0.0521;6.7620;25.822948
1283;49;-0.0001;0.0006;-0.0519;6.9542;25.822949
1283;50;-0.0001;0.0006;-0.0520;7.0852;25.822950
1283;51;-0.0001;0.0007;-0.0522;7.0066;25.822951
1283;52;-0.0001;0.0007;-0.0522;6.8450;25.822952
1283;53;-0.0001;0.0007;-0.0521;6.7030;25.822953
1283;54;-0.0001;0.0007;-0.0520;6.6309;25.822954
1283;55;-0.0001;0.0007;-0.0518;6.5698;25.822955
1283;56;-0.0001;0.0007;-0.0518;6.4759;25.822956
1283;57;-0.0001;0.0008;-0.0518;6.4278;25.822957
1283;58;-0.0001;0.0008;-0.0523;6.4234;25.822958
1283;59;-0.0001;0.0008;-0.0523;6.5021;25.822959
1283;60;-0.0001;0.0008;-0.0525;6.6571;25.822960
1283;61;-0.0001;0.0008;-0.0525;6.7576;25.822961
1283;62;-0.0001;0.0008;-0.0521;6.8100;25.822962
1283;63;-0.0001;0.0009;-0.0520;6.7947;25.822963
1283;64;-0.0001;0.0009;-0.0520;6.7816;25.822964
1283;65;-0.0001;0.0009;-0.0523;6.7904;25.822965
1283;66;-0.0001;0.0009;-0.0527;6.7248;25.822966
1283;67;-0.0001;0.0009;-0.0523;6.6571;25.822967
1283;68;-0.0001;0.0009;-0.0523;6.5916;25.822968
1283;69;-0.0001;0.0009;-0.0521;6.5523;25.822969
1283;70;-0.0001;0.0010;-0.0520;6.5152;25.822970
1283;71;-0.0001;0.0010;-0.0520;6.4562;25.822971
1283;72;-0.0001;0.0010;-0.0521;6.3907;25.822972
1283;73;-0.0001;0.0010;-0.0521;6.3055;25.822973
1283;74;-0.0001;0.0010;-0.0521;6.2422;25.822974
1283;75;-0.0001;0.0010;-0.0521;6.2706;25.822975
1283;76;-0.0001;0.0011;-0.0520;6.3601;25.822976
1283;77;-0.0001;0.0011;-0.0518;6.4322;25.822977
1283;78;-0.0001;0.0011;-0.0516;6.4649;25.822978
1283;79;-0.0001;0.0011;-0.0518;6.5305;25.822979
1283;80;-0.0001;0.0011;-0.0518;6.6571;25.822980
1283;81;-0.0001;0.0011;-0.0520;6.7183;25.822981
1283;82;-0.0001;0.0012;-0.0520;6.6615;25.822982
1283;83;-0.0001;0.0012;-0.0523;6.5305;25.822983
1283;84;-0.0001;0.0012;-0.0525;6.4256;25.822984
1283;85;-0.0001;0.0012;-0.0521;6.4016;25.822985
1283;86;-0.0001;0.0012;-0.0518;6.3732;25.822986
1283;87;-0.0001;0.0012;-0.0516;6.3535;25.822987
1283;88;-0.0001;0.0012;-0.0516;6.3754;25.822988
1283;89;-0.0001;0.0013;-0.0521;6.3710;25.822989
1283;90;-0.0001;0.0013;-0.0521;6.3667;25.822990
1283;91;-0.0001;0.0013;-0.0523;6.2858;25.822991
1283;92;-0.0001;0.0013;-0.0521;6.1592;25.822992
1283;93;-0.0001;0.0013;-0.0520;6.0041;25.822993
1283;94;-0.0001;0.0014;-0.0521;5.8359;25.822994
1283;95;-0.0001;0.0014;-0.0520;5.7573;25.822995
1283;96;-0.0001;0.0014;-0.0520;5.8010;25.822996
1283;97;-0.0001;0.0014;-0.0525;5.8905;25.822997
1283;98;-0.0001;0.0014;-0.0527;5.9975;25.822998
1283;99;-0.0001;0.0014;-0.0527;6.0827;25.822999
1283;100;-0.0001;0.0014;-0.0521;6.1679;25.823000
1283;101;-0.0001;0.0015;-0.0520;6.2094;25.823001
1283;102;-0.0001;0.0015;-0.0518;6.2028;25.823002
1283;103;-0.0001;0.0015;-0.0518;6.2160;25.823003
1283;104;-0.0001;0.0015;-0.0521;6.2247;25.823004
1283;105;-0.0001;0.0015;-0.0523;6.2815;25.823005
1283;106;-0.0001;0.0016;-0.0527;6.3754;25.823006
1283;107;-0.0001;0.0016;-0.0527;6.4147;25.823007
1283;108;-0.0001;0.0016;-0.0520;6.3863;25.823008
1283;109;-0.0001;0.0016;-0.0520;6.2574;25.823009
1283;110;-0.0001;0.0016;-0.0521;6.1679;25.823010
1283;111;-0.0001;0.0016;-0.0523;6.2422;25.823011
1283;112;-0.0001;0.0016;-0.0523;6.3732;25.823012
1283;113;-0.0001;0.0017;-0.0523;6.4322;25.823013
1283;114;-0.0001;0.0017;-0.0525;6.3645;25.823014
1283;115;-0.0001;0.0017;-0.0523;6.2684;25.823015
1283;116;-0.0001;0.0017;-0.0521;6.1504;25.823016
1283;117;-0.0001;0.0017;-0.0520;6.0237;25.823017
1283;118;-0.0001;0.0017;-0.0518;6.0237;25.823018
1283;119;-0.0001;0.0017;-0.0520;6.1876;25.823019
1283;120;-0.0001;0.0018;-0.0521;6.3710;25.823020
1283;121;-0.0001;0.0018;-0.0525;6.4169;25.823021
1283;122;-0.0001;0.0018;-0.0528;6.4278;25.823022
1283;123;-0.0001;0.0018;-0.0527;6.5348;25.823023
1283;124;-0.0001;0.0019;-0.0527;6.5436;25.823024
1283;125;-0.0001;0.0019;-0.0527;6.3667;25.823025
1283;126;-0.0001;0.0019;-0.0525;6.1788;25.823026
1283;127;-0.0001;0.0019;-0.0521;6.1002;25.823027
1283;128;-0.0001;0.0019;-0.0518;6.1264;25.823028
1283;129;-0.0001;0.0019;-0.0520;6.1482;25.823029
1283;130;-0.0001;0.0019;-0.0521;6.1264;25.823030
1283;131;-0.0001;0.0020;-0.0523;6.0718;25.823031
1283;132;-0.0001;0.0020;-0.0525;5.9844;25.823032
1283;133;-0.0001;0.0020;-0.0521;5.9102;25.823033
1283;134;-0.0001;0.0020;-0.0520;5.8687;25.823034
1283;135;-0.0001;0.0020;-0.0520;5.8730;25.823035
1283;136;-0.0001;0.0020;-0.0520;5.9823;25.823036
1283;137;-0.0001;0.0021;-0.0525;6.1504;25.823037
1283;138;-0.0001;0.0021;-0.0527;6.3164;25.823038
1283;139;-0.0001;0.0021;-0.0528;6.4256;25.823039
1283;140;-0.0001;0.0021;-0.0528;6.3950;25.823040
1283;141;-0.0001;0.0021;-0.0527;6.2837;25.823041
1283;142;-0.0001;0.0021;-0.0525;6.1548;25.823042
1283;143;-0.0001;0.0021;-0.0521;6.0347;25.823043
1283;144;-0.0001;0.0022;-0.0521;5.9451;25.823044
1283;145;-0.0001;0.0022;-0.0521;5.9408;25.823045
1283;146;-0.0001;0.0022;-0.0520;6.0849;25.823046
1283;147;-0.0001;0.0022;-0.0521;6.2247;25.823047
1283;148;-0.0001;0.0022;-0.0523;6.2640;25.823048
1283;149;-0.0001;0.0023;-0.0525;6.3011;25.823049
1283;150;-0.0001;0.0023;-0.0523;6.3383;25.823050
1283;151;-0.0001;0.0023;-0.0518;6.3208;25.823051
1283;152;-0.0001;0.0023;-0.0518;6.2028;25.823052
1283;153;-0.0001;0.0023;-0.0516;6.1089;25.823053
1283;154;-0.0001;0.0023;-0.0518;6.1264;25.823054
1283;155;-0.0001;0.0023;-0.0518;6.1482;25.823055
1283;156;-0.0001;0.0023;-0.0516;6.0871;25.823056
1283;157;-0.0001;0.0023;-0.0518;5.9080;25.823057
1283;158;-0.0001;0.0024;-0.0516;5.6896;25.823058
1283;159;-0.0001;0.0024;-0.0515;5.5083;25.823059
1283;160;-0.0001;0.0024;-0.0515;5.3969;25.823060
1283;161;-0.0001;0.0024;-0.0515;5.4406;25.823061
1283;162;-0.0001;0.0024;-0.0516;5.5957;25.823062
1283;163;-0.0001;0.0024;-0.0516;5.7988;25.823063
1283;164;-0.0001;0.0025;-0.0518;6.0500;25.823064
1283;165;-0.0001;0.0025;-0.0521;6.2596;25.823065
1283;166;-0.0001;0.0025;-0.0523;6.4103;25.823066
1283;167;-0.0001;0.0026;-0.0528;6.4890;25.823067
1283;168;-0.0001;0.0026;-0.0528;6.4584;25.823068
1283;169;-0.0001;0.0026;-0.0527;6.3798;25.823069
1283;170;-0.0001;0.0026;-0.0527;6.2771;25.823070
1283;171;-0.0001;0.0026;-0.0525;6.1745;25.823071
1283;172;-0.0001;0.0026;-0.0521;6.0871;25.823072
1283;173;-0.0001;0.0026;-0.0521;6.0041;25.823073
1283;174;-0.0001;0.0026;-0.0521;5.9495;25.823074
1283;175;-0.0001;0.0027;-0.0525;5.9080;25.823075
1283;176;-0.0001;0.0027;-0.0525;5.8818;25.823076
1283;177;-0.0001;0.0027;-0.0527;5.8272;25.823077
1283;178;-0.0001;0.0027;-0.0525;5.7180;25.823078
1283;179;-0.0001;0.0027;-0.0520;5.6808;25.823079
1283;180;-0.0001;0.0027;-0.0520;5.7027;25.823080
1283;181;-0.0001;0.0027;-0.0520;5.6765;25.823081
1283;182;-0.0001;0.0028;-0.0521;5.6459;25.823082
1283;183;-0.0001;0.0028;-0.0521;5.6350;25.823083
1283;184;-0.0001;0.0028;-0.0523;5.6481;25.823084
1283;185;-0.0001;0.0028;-0.0527;5.6568;25.823085
1283;186;-0.0001;0.0029;-0.0527;5.6393;25.823086
1283;187;-0.0001;0.0029;-0.0523;5.6612;25.823087
1283;188;-0.0001;0.0029;-0.0525;5.7245;25.823088
1283;189;-0.0001;0.0029;-0.0527;5.8010;25.823089
1283;190;-0.0001;0.0029;-0.0528;5.8294;25.823090
1283;191;-0.0001;0.0030;-0.0530;5.8250;25.823091
1283;192;-0.0001;0.0030;-0.0527;5.8468;25.823092
1283;193;-0.0001;0.0030;-0.0528;5.8949;25.823093
1283;194;-0.0001;0.0030;-0.0527;5.9495;25.823094
1283;195;-0.0001;0.0030;-0.0525;5.9429;25.823095
1283;196;-0.0001;0.0030;-0.0521;5.9145;25.823096
1283;197;-0.0001;0.0030;-0.0521;5.9539;25.823097
1283;198;-0.0001;0.0031;-0.0527;5.9298;25.823098
1283;199;-0.0001;0.0031;-0.0525;5.8359;25.823099
1283;200;-0.0001;0.0031;-0.0523;5.7617;25.823100
1283;201;-0.0001;0.0031;-0.0525;5.7398;25.823101
1283;202;-0.0001;0.0031;-0.0525;5.7660;25.823102
1283;203;-0.0001;0.0031;-0.0527;5.7507;25.823103
1283;204;-0.0001;0.0031;-0.0525;5.6918;25.823104
1283;205;-0.0001;0.0032;-0.0525;5.6546;25.823105
1283;206;-0.0001;0.0032;-0.0528;5.6393;25.823106
1283;207;-0.0001;0.0032;-0.0530;5.6415;25.823107
1283;208;-0.0001;0.0032;-0.0530;5.6372;25.823108
1283;209;-0.0001;0.0032;-0.0528;5.6437;25.823109
1283;210;-0.0001;0.0032;-0.0525;5.6415;25.823110
1283;211;-0.0001;0.0032;-0.0521;5.6262;25.823111
1283;212;-0.0001;0.0032;-0.0520;5.6241;25.823112
1283;213;-0.0001;0.0033;-0.0521;5.5913;25.823113
1283;214;-0.0001;0.0033;-0.0520;5.5607;25.823114
1283;215;-0.0001;0.0033;-0.0520;5.5782;25.823115
1283;216;-0.0001;0.0033;-0.0524;5.6110;25.823116
1283;217;-0.0001;0.0033;-0.0524;5.6503;25.823117
1283;218;-0.0001;0.0034;-0.0526;5.6590;25.823118
1283;219;-0.0001;0.0034;-0.0526;5.6088;25.823119
1283;220;-0.0001;0.0034;-0.0526;5.5651;25.823120
1283;221;-0.0001;0.0034;-0.0527;5.4624;25.823121
1283;222;-0.0001;0.0034;-0.0525;5.3314;25.823122
1283;223;-0.0001;0.0034;-0.0521;5.2593;25.823123
1283;224;-0.0001;0.0034;-0.0520;5.2331;25.823124
1283;225;-0.0001;0.0034;-0.0520;5.2113;25.823125
1283;226;-0.0001;0.0035;-0.0521;5.1523;25.823126
1283;227;-0.0001;0.0035;-0.0523;5.1392;25.823127
1283;228;-0.0001;0.0035;-0.0527;5.1676;25.823128
1283;229;-0.0001;0.0036;-0.0527;5.1654;25.823129
1283;230;-0.0001;0.0036;-0.0527;5.1523;25.823130
1283;231;-0.0001;0.0036;-0.0528;5.1392;25.823131
1283;232;-0.0001;0.0036;-0.0530;5.1588;25.823132
1283;233;-0.0001;0.0036;-0.0530;5.2200;25.823133
1283;234;-0.0001;0.0036;-0.0528;5.3205;25.823134
1283;235;-0.0001;0.0036;-0.0523;5.4515;25.823135
1283;236;-0.0001;0.0037;-0.0527;5.5083;25.823136
1283;237;-0.0001;0.0037;-0.0527;5.5083;25.823137
1283;238;-0.0001;0.0037;-0.0527;5.4952;25.823138
1283;239;-0.0001;0.0037;-0.0525;5.4690;25.823139
1283;240;-0.0001;0.0037;-0.0521;5.4712;25.823140
1283;241;-0.0001;0.0038;-0.0527;5.4843;25.823141
1283;242;-0.0001;0.0038;-0.0532;5.5039;25.823142
1283;243;-0.0001;0.0038;-0.0534;5.5454;25.823143
1283;244;-0.0001;0.0039;-0.0534;5.5760;25.823144
1283;245;-0.0001;0.0038;-0.0527;5.6022;25.823145
1283;246;-0.0001;0.0038;-0.0527;5.5629;25.823146
1283;247;-0.0001;0.0038;-0.0523;5.4777;25.823147
1283;248;-0.0001;0.0038;-0.0520;5.4188;25.823148
1283;249;-0.0001;0.0038;-0.0521;5.3838;25.823149
1283;250;-0.0001;0.0039;-0.0523;5.4209;25.823150
1283;251;-0.0001;0.0039;-0.0528;5.4843;25.823151
1283;252;-0.0001;0.0039;-0.0528;5.4930;25.823152
1283;253;-0.0001;0.0039;-0.0527;5.4362;25.823153
1283;254;-0.0001;0.0040;-0.0527;5.2724;25.823154
1283;255;-0.0001;0.0039;-0.0523;5.1195;25.823155
1283;256;-0.0001;0.0040;-0.0523;5.0453;25.823156
1283;257;-0.0001;0.0040;-0.0523;5.0453;25.823157
1283;258;-0.0001;0.0040;-0.0520;5.1436;25.823158
1283;259;-0.0001;0.0040;-0.0521;5.2244;25.823159
1283;260;-0.0001;0.0040;-0.0523;5.2440;25.823160
1283;261;-0.0001;0.0041;-0.0525;5.2309;25.823161
1283;262;-0.0001;0.0041;-0.0525;5.1676;25.823162
1283;263;-0.0001;0.0041;-0.0521;5.1436;25.823163
1283;264;-0.0001;0.0041;-0.0523;5.1414;25.823164
1283;265;-0.0001;0.0041;-0.0527;5.1654;25.823165
1283;266;-0.0001;0.0042;-0.0532;5.2156;25.823166
1283;267;-0.0001;0.0042;-0.0532;5.2593;25.823167
1283;268;-0.0001;0.0042;-0.0527;5.2855;25.823168
1283;269;-0.0001;0.0042;-0.0527;5.2549;25.823169
1283;270;-0.0001;0.0042;-0.0528;5.1916;25.823170
1283;271;-0.0001;0.0042;-0.0525;5.1501;25.823171
1283;272;-0.0001;0.0043;-0.0527;5.1436;25.823172
1283;273;-0.0001;0.0043;-0.0527;5.1785;25.823173
1283;274;-0.0001;0.0043;-0.0527;5.2113;25.823174
1283;275;-0.0001;0.0043;-0.0525;5.2528;25.823175
1283;276;-0.0001;0.0043;-0.0525;5.2964;25.823176
1283;277;-0.0001;0.0043;-0.0527;5.3117;25.823177
1283;278;-0.0001;0.0044;-0.0528;5.3205;25.823178
1283;279;-0.0001;0.0044;-0.0527;5.2855;25.823179
1283;280;-0.0001;0.0044;-0.0527;5.2287;25.823180
1283;281;-0.0001;0.0044;-0.0527;5.1676;25.823181
1283;282;-0.0001;0.0044;-0.0527;5.0868;25.823182
1283;283;-0.0001;0.0044;-0.0528;5.0278;25.823183
1283;284;-0.0001;0.0045;-0.0528;4.9885;25.823184
1283;285;-0.0001;0.0045;-0.0527;4.9841;25.823185
1283;286;-0.0001;0.0045;-0.0525;5.0475;25.823186
1283;287;-0.0001;0.0045;-0.0528;5.1130;25.823187
1283;288;-0.0001;0.0045;-0.0530;5.1676;25.823188
1283;289;-0.0001;0.0046;-0.0532;5.1938;25.823189
1283;290;-0.0001;0.0046;-0.0530;5.1720;25.823190
1283;291;-0.0001;0.0046;-0.0528;5.1698;25.823191
1283;292;-0.0001;0.0046;-0.0530;5.1414;25.823192
1283;293;-0.0001;0.0046;-0.0528;5.1173;25.823193
1283;294;-0.0001;0.0046;-0.0525;5.1283;25.823194
1283;295;-0.0001;0.0046;-0.0521;5.1436;25.823195
1283;296;-0.0001;0.0046;-0.0518;5.1195;25.823196
1283;297;-0.0001;0.0046;-0.0522;5.0409;25.823197
1283;298;-0.0001;0.0047;-0.0526;4.9754;25.823198
1283;299;-0.0001;0.0047;-0.0527;4.9383;25.823199
1283;300;-0.0001;0.0047;-0.0527;4.9273;25.823200
1283;301;-0.0001;0.0047;-0.0524;4.9404;25.823201
1283;302;-0.0001;0.0047;-0.0526;4.9142;25.823202
1283;303;-0.0001;0.0048;-0.0527;4.8465;25.823203
1283;304;-0.0001;0.0048;-0.0527;4.7875;25.823204
1283;305;-0.0001;0.0048;-0.0527;4.7570;25.823205
1283;306;-0.0001;0.0048;-0.0527;4.8072;25.823206
1283;307;-0.0001;0.0049;-0.0533;4.8553;25.823207
1283;308;-0.0001;0.0049;-0.0536;4.8443;25.823208
1283;309;-0.0001;0.0049;-0.0531;4.7963;25.823209
1283;310;-0.0001;0.0049;-0.0527;4.7264;25.823210
1283;311;-0.0001;0.0049;-0.0524;4.7198;25.823211
1283;312;-0.0001;0.0049;-0.0524;4.8050;25.823212
1283;313;-0.0001;0.0049;-0.0522;4.9251;25.823213
1283;314;-0.0001;0.0049;-0.0522;5.0060;25.823214
1283;315;-0.0001;0.0049;-0.0522;4.9972;25.823215
1283;316;-0.0001;0.0049;-0.0524;4.9645;25.823216
1283;317;-0.0001;0.0050;-0.0526;4.9230;25.823217
1283;318;-0.0001;0.0050;-0.0526;4.8662;25.823218
1283;319;-0.0001;0.0050;-0.0526;4.8290;25.823219
1283;320;-0.0001;0.0050;-0.0527;4.8072;25.823220
1283;321;-0.0001;0.0051;-0.0527;4.8290;25.823221
1283;322;-0.0001;0.0051;-0.0527;4.8422;25.823222
1283;323;-0.0001;0.0051;-0.0526;4.7548;25.823223
1283;324;-0.0001;0.0051;-0.0524;4.6587;25.823224
1283;325;-0.0001;0.0051;-0.0524;4.6237;25.823225
1283;326;-0.0001;0.0051;-0.0526;4.6587;25.823226
1283;327;-0.0001;0.0051;-0.0524;4.7155;25.823227
1283;328;-0.0001;0.0051;-0.0522;4.7875;25.823228
1283;329;-0.0001;0.0051;-0.0522;4.8640;25.823229
1283;330;-0.0001;0.0052;-0.0526;4.8531;25.823230
1283;331;-0.0001;0.0052;-0.0524;4.7504;25.823231
1283;332;-0.0001;0.0052;-0.0524;4.6325;25.823232
1283;333;-0.0001;0.0052;-0.0526;4.5342;25.823233
1283;334;-0.0001;0.0052;-0.0524;4.4927;25.823234
1283;335;-0.0001;0.0053;-0.0524;4.5058;25.823235
1283;336;-0.0001;0.0053;-0.0526;4.5648;25.823236
1283;337;-0.0001;0.0053;-0.0529;4.6106;25.823237
1283;338;-0.0001;0.0054;-0.0531;4.5953;25.823238
1283;339;-0.0001;0.0053;-0.0527;4.5801;25.823239
1283;340;-0.0001;0.0054;-0.0526;4.5560;25.823240
1283;341;-0.0001;0.0054;-0.0526;4.4730;25.823241
1283;342;-0.0001;0.0054;-0.0525;4.4490;25.823242
1283;343;-0.0001;0.0054;-0.0522;4.4774;25.823243
1283;344;-0.0001;0.0054;-0.0522;4.4905;25.823244
1283;345;-0.0001;0.0054;-0.0523;4.4425;25.823245
1283;346;-0.0001;0.0054;-0.0525;4.4031;25.823246
1283;347;-0.0001;0.0054;-0.0523;4.3857;25.823247
1283;348;-0.0001;0.0055;-0.0525;4.3464;25.823248
1283;349;-0.0001;0.0055;-0.0525;4.3354;25.823249
1283;350;-0.0001;0.0055;-0.0523;4.3704;25.823250
1283;351;-0.0001;0.0055;-0.0520;4.3616;25.823251
1283;352;-0.0001;0.0055;-0.0518;4.2983;25.823252
1283;353;-0.0001;0.0055;-0.0521;4.2546;25.823253
1283;354;-0.0001;0.0055;-0.0521;4.3114;25.823254
1283;355;-0.0001;0.0055;-0.0521;4.4010;25.823255
1283;356;-0.0001;0.0056;-0.0521;4.4381;25.823256
1283;357;-0.0001;0.0056;-0.0525;4.4381;25.823257
1283;358;-0.0001;0.0056;-0.0525;4.4315;25.823258
1283;359;-0.0001;0.0056;-0.0525;4.4337;25.823259
1283;360;-0.0001;0.0057;-0.0529;4.3988;25.823260
1283;361;-0.0001;0.0058;-0.0531;4.3420;25.823261
1283;362;-0.0001;0.0058;-0.0529;4.3049;25.823262
1283;363;-0.0001;0.0058;-0.0531;4.2765;25.823263
1283;364;-0.0001;0.0058;-0.0529;4.2328;25.823264
1283;365;-0.0001;0.0058;-0.0529;4.1694;25.823265
1283;366;-0.0001;0.0058;-0.0527;4.0974;25.823266
1283;367;-0.0001;0.0058;-0.0526;4.0886;25.823267
1283;368;-0.0001;0.0058;-0.0529;4.0908;25.823268
1283;369;-0.0001;0.0058;-0.0527;4.0886;25.823269
1283;370;-0.0001;0.0058;-0.0522;4.1170;25.823270
1283;371;-0.0001;0.0058;-0.0520;4.1280;25.823271
1283;372;-0.0001;0.0058;-0.0522;4.1214;25.823272
1283;373;-0.0001;0.0059;-0.0524;4.0974;25.823273
1283;374;-0.0001;0.0059;-0.0524;4.0799;25.823274
1283;375;-0.0001;0.0059;-0.0524;4.0537;25.823275
1283;376;-0.0001;0.0059;-0.0526;3.9729;25.823276
1283;377;-0.0001;0.0059;-0.0524;3.9030;25.823277
1283;378;-0.0001;0.0060;-0.0524;3.8899;25.823278
1283;379;-0.0001;0.0060;-0.0527;3.9161;25.823279
1283;380;-0.0001;0.0060;-0.0529;4.0100;25.823280
1283;381;-0.0001;0.0061;-0.0531;4.1236;25.823281
1283;382;-0.0001;0.0061;-0.0527;4.1957;25.823282
1283;383;-0.0001;0.0061;-0.0529;4.1694;25.823283
1283;384;-0.0001;0.0061;-0.0531;4.0602;25.823284
1283;385;-0.0001;0.0061;-0.0527;3.9510;25.823285
1283;386;-0.0001;0.0061;-0.0526;3.8659;25.823286
1283;387;-0.0001;0.0061;-0.0524;3.8396;25.823287
1283;388;-0.0001;0.0061;-0.0527;3.8156;25.823288
1283;389;-0.0001;0.0062;-0.0531;3.7567;25.823289
1283;390;-0.0001;0.0062;-0.0527;3.7261;25.823290
1283;391;-0.0001;0.0062;-0.0527;3.7239;25.823291
1283;392;-0.0001;0.0063;-0.0531;3.7152;25.823292
1283;393;-0.0001;0.0063;-0.0531;3.6737;25.823293
1283;394;-0.0001;0.0063;-0.0533;3.6191;25.823294
1283;395;-0.0001;0.0063;-0.0533;3.5885;25.823295
1283;396;-0.0001;0.0063;-0.0533;3.5645;25.823296
1283;397;-0.0001;0.0063;-0.0527;3.5754;25.823297
1283;398;-0.0001;0.0063;-0.0524;3.6343;25.823298
1283;399;-0.0001;0.0063;-0.0524;3.6955;25.823299
1283;400;-0.0001;0.0063;-0.0527;3.7414;25.823300
1283;401;-0.0001;0.0063;-0.0526;3.7435;25.823301
1283;402;-0.0001;0.0063;-0.0522;3.7108;25.823302
1283;403;-0.0001;0.0064;-0.0524;3.6802;25.823303
1283;404;-0.0001;0.0064;-0.0527;3.6431;25.823304
1283;405;-0.0001;0.0064;-0.0527;3.6234;25.823305
1283;406;-0.0001;0.0064;-0.0527;3.6081;25.823306
1283;407;-0.0001;0.0065;-0.0529;3.5623;25.823307
1283;408;-0.0001;0.0065;-0.0529;3.5164;25.823308
1283;409;-0.0001;0.0065;-0.0529;3.4684;25.823309
1283;410;-0.0001;0.0065;-0.0527;3.4312;25.823310
1283;411;-0.0001;0.0066;-0.0531;3.3985;25.823311
1283;412;-0.0001;0.0066;-0.0533;3.3635;25.823312
1283;413;-0.0001;0.0066;-0.0533;3.3635;25.823313
1283;414;-0.0001;0.0067;-0.0534;3.3832;25.823314
1283;415;-0.0001;0.0066;-0.0531;3.4116;25.823315
1283;416;-0.0001;0.0067;-0.0532;3.4225;25.823316
1283;417;-0.0001;0.0067;-0.0534;3.3875;25.823317
1283;418;-0.0001;0.0067;-0.0531;3.3417;25.823318
1283;419;-0.0001;0.0067;-0.0531;3.3002;25.823319
1283;420;-0.0001;0.0067;-0.0529;3.2456;25.823320
1283;421;-0.0001;0.0067;-0.0529;3.1953;25.823321
1283;422;-0.0001;0.0068;-0.0531;3.1451;25.823322
1283;423;-0.0001;0.0068;-0.0533;3.1036;25.823323
1283;424;-0.0001;0.0068;-0.0531;3.0403;25.823324
1283;425;-0.0001;0.0068;-0.0531;2.9922;25.823325
1283;426;-0.0001;0.0068;-0.0529;3.0119;25.823326
1283;427;-0.0001;0.0068;-0.0526;3.0490;25.823327
1283;428;-0.0001;0.0067;-0.0520;3.0883;25.823328
1283;429;-0.0001;0.0068;-0.0524;3.1080;25.823329
1283;430;-0.0001;0.0068;-0.0527;3.1058;25.823330
1283;431;-0.0001;0.0069;-0.0531;3.0883;25.823331
1283;432;-0.0001;0.0069;-0.0529;3.0512;25.823332
1283;433;-0.0001;0.0069;-0.0527;3.0337;25.823333
1283;434;-0.0001;0.0070;-0.0533;3.0250;25.823334
1283;435;-0.0001;0.0070;-0.0534;3.0031;25.823335
1283;436;-0.0001;0.0070;-0.0534;2.9616;25.823336
1283;437;-0.0001;0.0071;-0.0536;2.9114;25.823337
1283;438;-0.0001;0.0070;-0.0531;2.8939;25.823338
1283;439;-0.0001;0.0071;-0.0533;2.8917;25.823339
1283;440;-0.0001;0.0071;-0.0533;2.8808;25.823340
1283;441;-0.0001;0.0071;-0.0533;2.8699;25.823341
1283;442;-0.0001;0.0071;-0.0534;2.8612;25.823342
1283;443;-0.0001;0.0071;-0.0531;2.8459;25.823343
1283;444;-0.0001;0.0071;-0.0529;2.8109;25.823344
1283;445;-0.0001;0.0072;-0.0533;2.7585;25.823345
1283;446;-0.0001;0.0072;-0.0533;2.7454;25.823346
1283;447;-0.0001;0.0072;-0.0533;2.7520;25.823347
1283;448;-0.0001;0.0072;-0.0533;2.7585;25.823348
1283;449;-0.0001;0.0072;-0.0534;2.7673;25.823349
1283;450;-0.0001;0.0073;-0.0534;2.7432;25.823350
1283;451;-0.0001;0.0072;-0.0529;2.6974;25.823351
1283;452;-0.0001;0.0073;-0.0531;2.6275;25.823352
1283;453;-0.0001;0.0073;-0.0534;2.5532;25.823353
1283;454;-0.0001;0.0074;-0.0536;2.4986;25.823354
1283;455;-0.0001;0.0074;-0.0535;2.4637;25.823355
1283;456;-0.0001;0.0073;-0.0529;2.4527;25.823356
1283;457;-0.0001;0.0073;-0.0529;2.4375;25.823357
1283;458;-0.0001;0.0074;-0.0534;2.4178;25.823358
1283;459;-0.0001;0.0074;-0.0536;2.4200;25.823359
1283;460;-0.0001;0.0075;-0.0536;2.4244;25.823360
1283;461;-0.0001;0.0074;-0.0533;2.4156;25.823361
1283;462;-0.0001;0.0075;-0.0533;2.3829;25.823362
1283;463;-0.0001;0.0074;-0.0531;2.3435;25.823363
1283;464;-0.0001;0.0074;-0.0527;2.3086;25.823364
1283;465;-0.0001;0.0075;-0.0531;2.2715;25.823365
1283;466;-0.0001;0.0075;-0.0533;2.2496;25.823366
1283;467;-0.0001;0.0076;-0.0538;2.2322;25.823367
1283;468;-0.0001;0.0077;-0.0540;2.2103;25.823368
1283;469;-0.0001;0.0076;-0.0538;2.1885;25.823369
1283;470;-0.0001;0.0077;-0.0538;2.1666;25.823370
1283;471;-0.0001;0.0077;-0.0540;2.1579;25.823371
1283;472;-0.0001;0.0078;-0.0543;2.1470;25.823372
1283;473;-0.0001;0.0078;-0.0543;2.1295;25.823373
1283;474;-0.0001;0.0078;-0.0540;2.1295;25.823374
1283;475;-0.0001;0.0077;-0.0534;2.1339;25.823375
1283;476;-0.0001;0.0076;-0.0529;2.1426;25.823376
1283;477;-0.0001;0.0077;-0.0533;2.1470;25.823377
1283;478;-0.0001;0.0078;-0.0538;2.1361;25.823378
1283;479;-0.0001;0.0078;-0.0540;2.1229;25.823379
1283;480;-0.0001;0.0079;-0.0543;2.1077;25.823380
1283;481;-0.0001;0.0079;-0.0542;2.0814;25.823381
1283;482;-0.0001;0.0078;-0.0536;2.0552;25.823382
1283;483;-0.0001;0.0078;-0.0536;2.0290;25.823383
1283;484;-0.0001;0.0079;-0.0538;2.0072;25.823384
1283;485;-0.0001;0.0079;-0.0538;1.9919;25.823385
1283;486;-0.0001;0.0079;-0.0538;1.9722;25.823386
1283;487;-0.0001;0.0080;-0.0542;1.9744;25.823387
1283;488;-0.0001;0.0081;-0.0545;1.9919;25.823388
1283;489;-0.0001;0.0080;-0.0542;2.0159;25.823389
1283;490;-0.0001;0.0081;-0.0543;2.0203;25.823390
1283;491;-0.0001;0.0081;-0.0547;2.0072;25.823391
1283;492;-0.0001;0.0082;-0.0548;1.9875;25.823392
1283;493;-0.0001;0.0081;-0.0544;1.9679;25.823393
1283;494;-0.0001;0.0081;-0.0541;1.9591;25.823394
1283;495;-0.0001;0.0081;-0.0539;1.9504;25.823395
1283;496;-0.0001;0.0081;-0.0541;1.9395;25.823396
1283;497;-0.0001;0.0082;-0.0541;1.9264;25.823397
1283;498;-0.0001;0.0081;-0.0539;1.9002;25.823398
1283;499;-0.0001;0.0081;-0.0533;1.8849;25.823399
1283;500;-0.0001;0.0081;-0.0532;1.8914;25.823400
1283;501;-0.0001;0.0081;-0.0535;1.8936;25.823401
1283;502;-0.0001;0.0082;-0.0541;1.8958;25.823402
1283;503;-0.0001;0.0084;-0.0548;1.8980;25.823403
1283;504;-0.0001;0.0083;-0.0544;1.9133;25.823404
1283;505;-0.0001;0.0083;-0.0542;1.9307;25.823405
1283;506;-0.0001;0.0083;-0.0541;1.9438;25.823406
1283;507;-0.0001;0.0083;-0.0537;1.9548;25.823407
1283;508;-0.0001;0.0083;-0.0537;1.9460;25.823408
1283;509;-0.0001;0.0084;-0.0541;1.9176;25.823409
1283;510;-0.0001;0.0084;-0.0542;1.8740;25.823410
1283;511;-0.0001;0.0084;-0.0544;1.8412;25.823411
1283;512;-0.0001;0.0084;-0.0542;1.8303;25.823412
1283;513;-0.0001;0.0084;-0.0542;1.8128;25.823413
1283;514;-0.0001;0.0085;-0.0544;1.7866;25.823414
1283;515;-0.0001;0.0086;-0.0548;1.7713;25.823415
1283;516;-0.0001;0.0086;-0.0549;1.7582;25.823416
1283;517;-0.0001;0.0086;-0.0549;1.7516;25.823417
1283;518;-0.0001;0.0086;-0.0546;1.7407;25.823418
1283;519;-0.0001;0.0086;-0.0544;1.7233;25.823419
1283;520;-0.0001;0.0087;-0.0548;1.7211;25.823420
1283;521;-0.0001;0.0087;-0.0548;1.7254;25.823421
1283;522;-0.0001;0.0086;-0.0542;1.7320;25.823422
1283;523;-0.0001;0.0086;-0.0541;1.7145;25.823423
1283;524;-0.0001;0.0087;-0.0544;1.6883;25.823424
1283;525;-0.0001;0.0087;-0.0546;1.6927;25.823425
1283;526;-0.0001;0.0086;-0.0541;1.6970;25.823426
1283;527;-0.0001;0.0085;-0.0532;1.6970;25.823427
1283;528;-0.0001;0.0085;-0.0533;1.6949;25.823428
1283;529;-0.0001;0.0087;-0.0539;1.6818;25.823429
1283;530;-0.0001;0.0087;-0.0542;1.6774;25.823430
1283;531;-0.0001;0.0088;-0.0543;1.6687;25.823431
1283;532;-0.0001;0.0087;-0.0541;1.6599;25.823432
1283;533;-0.0001;0.0088;-0.0540;1.6490;25.823433
1283;534;-0.0001;0.0088;-0.0541;1.6359;25.823434
1283;535;-0.0001;0.0088;-0.0541;1.6315;25.823435
1283;536;-0.0001;0.0088;-0.0541;1.6206;25.823436
1283;537;-0.0001;0.0088;-0.0536;1.6162;25.823437
1283;538;-0.0001;0.0087;-0.0532;1.6206;25.823438
1283;539;-0.0001;0.0088;-0.0536;1.6162;25.823439
1283;540;-0.0001;0.0089;-0.0541;1.6141;25.823440
1283;541;-0.0001;0.0090;-0.0548;1.6075;25.823441
1283;542;-0.0001;0.0091;-0.0550;1.5988;25.823442
1283;543;-0.0001;0.0090;-0.0545;1.5988;25.823443
1283;544;-0.0001;0.0090;-0.0543;1.5922;25.823444
1283;545;-0.0001;0.0090;-0.0545;1.5878;25.823445
1283;546;-0.0001;0.0091;-0.0547;1.5813;25.823446
1283;547;-0.0001;0.0091;-0.0547;1.5835;25.823447
1283;548;-0.0001;0.0091;-0.0547;1.5878;25.823448
1283;549;-0.0001;0.0091;-0.0547;1.5813;25.823449
1283;550;-0.0001;0.0092;-0.0547;1.5791;25.823450
1283;551;-0.0001;0.0092;-0.0547;1.5857;25.823451
1283;552;-0.0001;0.0092;-0.0547;1.5857;25.823452
1283;553;-0.0001;0.0091;-0.0543;1.5791;25.823453
1283;554;-0.0001;0.0091;-0.0541;1.5638;25.823454
1283;555;-0.0001;0.0091;-0.0536;1.5638;25.823455
1283;556;-0.0001;0.0091;-0.0536;1.5660;25.823456
1283;557;-0.0001;0.0092;-0.0540;1.5660;25.823457
1283;558;-0.0001;0.0092;-0.0541;1.5660;25.823458
1283;559;-0.0001;0.0093;-0.0545;1.5660;25.823459
1283;560;-0.0001;0.0093;-0.0547;1.5682;25.823460
1283;561;-0.0001;0.0093;-0.0543;1.5660;25.823461
1283;562;-0.0001;0.0092;-0.0540;1.5551;25.823462
1283;563;-0.0001;0.0092;-0.0538;1.5507;25.823463
1283;564;-0.0001;0.0093;-0.0540;1.5442;25.823464
1283;565;-0.0001;0.0094;-0.0545;1.5398;25.823465
1283;566;-0.0001;0.0095;-0.0551;1.5398;25.823466
1283;567;-0.0001;0.0095;-0.0549;1.5398;25.823467
1283;568;-0.0001;0.0095;-0.0546;1.5463;25.823468
1283;569;-0.0001;0.0095;-0.0546;1.5485;25.823469
1283;570;-0.0001;0.0095;-0.0544;1.5442;25.823470
1283;571;-0.0001;0.0095;-0.0544;1.5420;25.823471
1283;572;-0.0001;0.0095;-0.0546;1.5398;25.823472
1283;573;-0.0001;0.0095;-0.0544;1.5463;25.823473
1283;574;-0.0001;0.0096;-0.0546;1.5442;25.823474
1283;575;-0.0001;0.0095;-0.0540;1.5311;25.823475
1283;576;-0.0001;0.0095;-0.0539;1.5245;25.823476
1283;577;-0.0001;0.0096;-0.0544;1.5201;25.823477
1283;578;-0.0001;0.0096;-0.0547;1.5311;25.823478
1283;579;-0.0001;0.0097;-0.0549;1.5507;25.823479
1283;580;-0.0001;0.0097;-0.0546;1.5551;25.823480
1283;581;-0.0001;0.0096;-0.0540;1.5529;25.823481
1283;582;-0.0001;0.0095;-0.0537;1.5354;25.823482
1283;583;-0.0001;0.0095;-0.0535;1.5245;25.823483
1283;584;-0.0001;0.0096;-0.0539;1.5289;25.823484
1283;585;-0.0001;0.0097;-0.0544;1.5354;25.823485
1283;586;-0.0001;0.0098;-0.0547;1.5332;25.823486
1283;587;-0.0001;0.0098;-0.0546;1.5223;25.823487
1283;588;-0.0001;0.0097;-0.0543;1.5201;25.823488
1283;589;-0.0001;0.0098;-0.0546;1.5223;25.823489
1283;590;-0.0001;0.0099;-0.0548;1.5136;25.823490
1283;591;-0.0001;0.0099;-0.0548;1.5092;25.823491
1283;592;-0.0001;0.0099;-0.0547;1.5027;25.823492
1283;593;-0.0001;0.0098;-0.0541;1.4983;25.823493
1283;594;-0.0001;0.0098;-0.0540;1.5005;25.823494
1283;595;-0.0001;0.0099;-0.0543;1.5070;25.823495
1283;596;-0.0001;0.0100;-0.0548;1.5114;25.823496
1283;597;-0.0001;0.0100;-0.0548;1.5114;25.823497
1283;598;-0.0001;0.0100;-0.0547;1.5136;25.823498
1283;599;-0.0001;0.0100;-0.0546;1.5136;25.823499
1283;600;-0.0001;0.0099;-0.0543;1.5114;25.823500
1283;601;-0.0001;0.0099;-0.0538;1.5114;25.823501
1283;602;-0.0001;0.0099;-0.0539;1.5048;25.823502
1283;603;-0.0001;0.0100;-0.0544;1.4983;25.823503
1283;604;-0.0001;0.0101;-0.0549;1.4983;25.823504
1283;605;-0.0001;0.0102;-0.0551;1.4939;25.823505
1283;606;-0.0001;0.0101;-0.0544;1.4939;25.823506
1283;607;-0.0001;0.0101;-0.0544;1.4917;25.823507
1283;608;-0.0001;0.0102;-0.0547;1.4852;25.823508
1283;609;-0.0001;0.0103;-0.0551;1.4852;25.823509
1283;610;-0.0001;0.0103;-0.0551;1.4786;25.823510
1283;611;-0.0001;0.0102;-0.0547;1.4786;25.823511
1283;612;-0.0001;0.0102;-0.0544;1.4808;25.823512
1283;613;-0.0001;0.0101;-0.0537;1.4786;25.823513
1283;614;-0.0001;0.0100;-0.0535;1.4830;25.823514
1283;615;-0.0001;0.0102;-0.0542;1.4852;25.823515
1283;616;-0.0001;0.0103;-0.0547;1.4852;25.823516
1283;617;-0.0001;0.0104;-0.0549;1.4852;25.823517
1283;618;-0.0001;0.0104;-0.0549;1.4786;25.823518
1283;619;-0.0001;0.0103;-0.0546;1.4808;25.823519
1283;620;-0.0001;0.0103;-0.0546;1.4765;25.823520
1283;621;-0.0001;0.0102;-0.0540;1.4699;25.823521
1283;622;-0.0001;0.0102;-0.0535;1.4721;25.823522
1283;623;-0.0001;0.0103;-0.0540;1.4699;25.823523
1283;624;-0.0001;0.0103;-0.0542;1.4699;25.823524
1283;625;-0.0001;0.0104;-0.0546;1.4721;25.823525
1283;626;-0.0001;0.0104;-0.0544;1.4786;25.823526
1283;627;-0.0001;0.0104;-0.0544;1.4852;25.823527
1283;628;-0.0001;0.0103;-0.0539;1.4874;25.823528
1283;629;-0.0001;0.0103;-0.0537;1.4852;25.823529
1283;630;-0.0001;0.0104;-0.0539;1.4721;25.823530
1283;631;-0.0001;0.0104;-0.0540;1.4677;25.823531
1283;632;-0.0001;0.0105;-0.0542;1.4655;25.823532
1283;633;-0.0001;0.0106;-0.0545;1.4612;25.823533
1283;634;-0.0001;0.0105;-0.0543;1.4612;25.823534
1283;635;-0.0001;0.0105;-0.0539;1.4524;25.823535
1283;636;-0.0001;0.0104;-0.0536;1.4502;25.823536
1283;637;-0.0001;0.0106;-0.0541;1.4568;25.823537
1283;638;-0.0001;0.0107;-0.0550;1.4546;25.823538
1283;639;-0.0001;0.0107;-0.0546;1.4524;25.823539
1283;640;-0.0001;0.0106;-0.0543;1.4524;25.823540
1283;641;-0.0001;0.0107;-0.0545;1.4502;25.823541
1283;642;-0.0001;0.0107;-0.0545;1.4481;25.823542
1283;643;-0.0001;0.0107;-0.0545;1.4437;25.823543
1283;644;-0.0001;0.0108;-0.0546;1.4502;25.823544
1283;645;-0.0001;0.0108;-0.0545;1.4481;25.823545
1283;646;-0.0001;0.0107;-0.0541;1.4481;25.823546
1283;647;-0.0001;0.0108;-0.0543;1.4590;25.823547
1283;648;-0.0001;0.0109;-0.0548;1.4633;25.823548
1283;649;-0.0001;0.0109;-0.0546;1.4633;25.823549
1283;650;-0.0001;0.0108;-0.0545;1.4612;25.823550
1283;651;-0.0001;0.0109;-0.0546;1.4524;25.823551
1283;652;-0.0001;0.0109;-0.0545;1.4481;25.823552
1283;653;-0.0001;0.0109;-0.0545;1.4415;25.823553
1283;654;-0.0001;0.0108;-0.0538;1.4415;25.823554
1283;655;-0.0001;0.0108;-0.0538;1.4437;25.823555
1283;656;-0.0001;0.0110;-0.0546;1.4371;25.823556
1283;657;-0.0001;0.0110;-0.0548;1.4240;25.823557
1283;658;-0.0001;0.0110;-0.0546;1.4175;25.823558
1283;659;-0.0001;0.0109;-0.0539;1.4218;25.823559
1283;660;-0.0001;0.0109;-0.0538;1.4306;25.823560
1283;661;-0.0001;0.0110;-0.0541;1.4284;25.823561
1283;662;-0.0001;0.0110;-0.0544;1.4350;25.823562
1283;663;-0.0001;0.0111;-0.0545;1.4415;25.823563
1283;664;-0.0001;0.0109;-0.0536;1.4350;25.823564
1283;665;-0.0001;0.0108;-0.0529;1.4262;25.823565
1283;666;-0.0001;0.0109;-0.0534;1.4153;25.823566
1283;667;-0.0001;0.0110;-0.0538;1.4153;25.823567
1283;668;-0.0001;0.0111;-0.0542;1.4131;25.823568
1283;669;-0.0001;0.0110;-0.0538;1.4109;25.823569
1283;670;-0.0001;0.0110;-0.0537;1.4087;25.823570
1283;671;-0.0001;0.0112;-0.0544;1.4044;25.823571
1283;672;-0.0001;0.0112;-0.0545;1.4066;25.823572
1283;673;-0.0001;0.0112;-0.0544;1.4066;25.823573
1283;674;-0.0001;0.0112;-0.0542;1.3978;25.823574
1283;675;-0.0001;0.0112;-0.0540;1.3956;25.823575
1283;676;-0.0001;0.0112;-0.0542;1.3956;25.823576
1283;677;-0.0001;0.0112;-0.0538;1.4000;25.823577
1283;678;-0.0001;0.0112;-0.0538;1.4066;25.823578
1283;679;-0.0001;0.0113;-0.0542;1.3978;25.823579
1283;680;-0.0001;0.0114;-0.0545;1.3869;25.823580
1283;681;-0.0001;0.0114;-0.0545;1.3782;25.823581
1283;682;-0.0001;0.0114;-0.0544;1.3782;25.823582
1283;683;-0.0001;0.0114;-0.0544;1.3847;25.823583
1283;684;-0.0001;0.0114;-0.0544;1.3913;25.823584
1283;685;-0.0001;0.0114;-0.0542;1.3978;25.823585
1283;686;-0.0001;0.0116;-0.0549;1.3891;25.823586
1283;687;-0.0001;0.0116;-0.0548;1.3782;25.823587
1283;688;-0.0001;0.0114;-0.0542;1.3738;25.823588
1283;689;-0.0001;0.0114;-0.0540;1.3738;25.823589
1283;690;-0.0001;0.0115;-0.0542;1.3694;25.823590
1283;691;-0.0001;0.0116;-0.0548;1.3629;25.823591
1283;692;-0.0001;0.0116;-0.0544;1.3563;25.823592
1283;693;-0.0001;0.0115;-0.0541;1.3520;25.823593
1283;694;-0.0001;0.0116;-0.0543;1.3476;25.823594
1283;695;-0.0001;0.0117;-0.0548;1.3476;25.823595
1283;696;-0.0001;0.0118;-0.0551;1.3454;25.823596
1283;697;-0.0001;0.0118;-0.0551;1.3432;25.823597
1283;698;-0.0001;0.0118;-0.0551;1.3432;25.823598
1283;699;-0.0001;0.0119;-0.0553;1.3345;25.823599
1283;700;-0.0001;0.0119;-0.0553;1.3323;25.823600
1283;701;-0.0001;0.0119;-0.0553;1.3301;25.823601
1283;702;-0.0001;0.0118;-0.0546;1.3345;25.823602
1283;703;-0.0001;0.0116;-0.0539;1.3389;25.823603
1283;704;-0.0001;0.0117;-0.0543;1.3323;25.823604
1283;705;-0.0001;0.0118;-0.0546;1.3257;25.823605
1283;706;-0.0001;0.0118;-0.0546;1.3148;25.823606
1283;707;-0.0001;0.0119;-0.0546;1.3083;25.823607
1283;708;-0.0001;0.0119;-0.0546;1.3105;25.823608
1283;709;-0.0001;0.0119;-0.0544;1.3105;25.823609
1283;710;-0.0001;0.0118;-0.0539;1.3083;25.823610
1283;711;-0.0001;0.0119;-0.0543;1.3061;25.823611
1283;712;-0.0001;0.0119;-0.0546;1.2995;25.823612
1283;713;-0.0001;0.0120;-0.0549;1.2974;25.823613
1283;714;-0.0001;0.0121;-0.0550;1.2908;25.823614
1283;715;-0.0001;0.0120;-0.0546;1.2821;25.823615
1283;716;-0.0001;0.0119;-0.0541;1.2799;25.823616
1283;717;-0.0001;0.0119;-0.0539;1.2799;25.823617
1283;718;-0.0001;0.0120;-0.0543;1.2777;25.823618
1283;719;-0.0001;0.0122;-0.0549;1.2733;25.823619
1283;720;-0.0001;0.0120;-0.0542;1.2711;25.823620
1283;721;-0.0001;0.0120;-0.0542;1.2777;25.823621
1283;722;-0.0001;0.0123;-0.0554;1.2799;25.823622
1283;723;-0.0001;0.0124;-0.0557;1.2777;25.823623
1283;724;-0.0001;0.0123;-0.0550;1.2690;25.823624
1283;725;-0.0001;0.0122;-0.0545;1.2559;25.823625
1283;726;-0.0001;0.0123;-0.0549;1.2515;25.823626
1283;727;-0.0001;0.0122;-0.0547;1.2471;25.823627
1283;728;-0.0001;0.0122;-0.0545;1.2428;25.823628
1283;729;-0.0001;0.0123;-0.0550;1.2384;25.823629
1283;730;-0.0001;0.0124;-0.0550;1.2362;25.823630
1283;731;-0.0001;0.0124;-0.0549;1.2296;25.823631
1283;732;-0.0001;0.0124;-0.0549;1.2165;25.823632
1283;733;-0.0001;0.0123;-0.0545;1.2100;25.823633
1283;734;-0.0001;0.0123;-0.0543;1.2034;25.823634
1283;735;-0.0001;0.0122;-0.0540;1.1991;25.823635
1283;736;-0.0001;0.0122;-0.0538;1.1969;25.823636
1283;737;-0.0001;0.0123;-0.0543;1.1925;25.823637
1283;738;-0.0001;0.0124;-0.0547;1.1925;25.823638
1283;739;-0.0001;0.0124;-0.0543;1.1838;25.823639
1283;740;-0.0001;0.0123;-0.0540;1.1685;25.823640
1283;741;-0.0001;0.0124;-0.0545;1.1663;25.823641
1283;742;-0.0001;0.0125;-0.0546;1.1685;25.823642
1283;743;-0.0001;0.0124;-0.0543;1.1641;25.823643
1283;744;-0.0001;0.0123;-0.0538;1.1598;25.823644
1283;745;-0.0001;0.0123;-0.0538;1.1576;25.823645
1283;746;-0.0001;0.0125;-0.0542;1.1554;25.823646
1283;747;-0.0001;0.0127;-0.0553;1.1445;25.823647
1283;748;-0.0001;0.0128;-0.0553;1.1335;25.823648
1283;749;-0.0001;0.0127;-0.0549;1.1248;25.823649
1283;750;-0.0001;0.0127;-0.0548;1.1139;25.823650
1283;751;-0.0001;0.0127;-0.0548;1.1095;25.823651
1283;752;-0.0001;0.0127;-0.0548;1.1095;25.823652
1283;753;-0.0001;0.0126;-0.0542;1.1117;25.823653
1283;754;-0.0001;0.0126;-0.0544;1.1095;25.823654
1283;755;-0.0001;0.0127;-0.0544;1.1008;25.823655
1283;756;-0.0001;0.0126;-0.0541;1.0986;25.823656
1283;757;-0.0001;0.0127;-0.0546;1.0921;25.823657
1283;758;-0.0001;0.0128;-0.0548;1.0833;25.823658
1283;759;-0.0001;0.0128;-0.0548;1.0724;25.823659
1283;760;-0.0001;0.0130;-0.0555;1.0637;25.823660
1283;761;-0.0001;0.0130;-0.0554;1.0571;25.823661
1283;762;-0.0001;0.0130;-0.0554;1.0484;25.823662
1283;763;-0.0001;0.0130;-0.0550;1.0418;25.823663
1283;764;-0.0001;0.0129;-0.0546;1.0396;25.823664
1283;765;-0.0001;0.0128;-0.0542;1.0374;25.823665
1283;766;-0.0001;0.0128;-0.0541;1.0331;25.823666
1283;767;-0.0001;0.0128;-0.0541;1.0178;25.823667
1283;768;-0.0001;0.0127;-0.0537;1.0047;25.823668
1283;769;-0.0001;0.0127;-0.0535;1.0047;25.823669
1283;770;-0.0001;0.0127;-0.0535;1.0025;25.823670
1283;771;-0.0001;0.0128;-0.0537;1.0003;25.823671
1283;772;-0.0001;0.0128;-0.0537;0.9981;25.823672
1283;773;-0.0001;0.0128;-0.0538;0.9938;25.823673
1283;774;-0.0001;0.0129;-0.0541;0.9850;25.823674
1283;775;-0.0001;0.0130;-0.0543;0.9741;25.823675
1283;776;-0.0001;0.0130;-0.0543;0.9654;25.823676
1283;777;-0.0001;0.0131;-0.0547;0.9566;25.823677
1283;778;-0.0001;0.0130;-0.0541;0.9457;25.823678
1283;779;-0.0001;0.0130;-0.0540;0.9392;25.823679
1283;780;-0.0001;0.0131;-0.0543;0.9326;25.823680
1283;781;-0.0001;0.0132;-0.0547;0.9304;25.823681
1283;782;-0.0001;0.0132;-0.0548;0.9282;25.823682
1283;783;-0.0001;0.0132;-0.0547;0.9195;25.823683
1283;784;-0.0001;0.0133;-0.0548;0.9130;25.823684
1283;785;-0.0001;0.0133;-0.0547;0.9042;25.823685
1283;786;-0.0001;0.0131;-0.0538;0.8998;25.823686
1283;787;-0.0001;0.0130;-0.0533;0.8911;25.823687
1283;788;-0.0001;0.0130;-0.0536;0.8758;25.823688
1283;789;-0.0001;0.0132;-0.0543;0.8649;25.823689
1283;790;-0.0001;0.0134;-0.0547;0.8627;25.823690
1283;791;-0.0001;0.0134;-0.0547;0.8671;25.823691
1283;792;-0.0001;0.0133;-0.0543;0.8649;25.823692
1283;793;-0.0001;0.0133;-0.0542;0.8474;25.823693
1283;794;-0.0001;0.0134;-0.0546;0.8300;25.823694
1283;795;-0.0001;0.0136;-0.0553;0.8169;25.823695
1283;796;-0.0001;0.0137;-0.0556;0.8081;25.823696
1283;797;-0.0001;0.0135;-0.0547;0.8081;25.823697
1283;798;-0.0001;0.0133;-0.0540;0.8059;25.823698
1283;799;-0.0001;0.0134;-0.0542;0.8016;25.823699
1283;800;-0.0001;0.0135;-0.0547;0.7972;25.823700
1283;801;-0.0001;0.0136;-0.0551;0.7841;25.823701
1283;802;-0.0001;0.0137;-0.0553;0.7710;25.823702
1283;803;-0.0001;0.0137;-0.0553;0.7579;25.823703
1283;804;-0.0001;0.0137;-0.0549;0.7535;25.823704
1283;805;-0.0001;0.0136;-0.0546;0.7470;25.823705
1283;806;-0.0001;0.0136;-0.0544;0.7382;25.823706
1283;807;-0.0001;0.0136;-0.0546;0.7382;25.823707
1283;808;-0.0001;0.0136;-0.0544;0.7382;25.823708
1283;809;-0.0001;0.0134;-0.0537;0.7317;25.823709
1283;810;-0.0001;0.0136;-0.0542;0.7229;25.823710
1283;811;-0.0001;0.0138;-0.0550;0.7164;25.823711
1283;812;-0.0001;0.0139;-0.0552;0.7098;25.823712
1283;813;-0.0001;0.0139;-0.0550;0.7011;25.823713
1283;814;-0.0001;0.0138;-0.0548;0.6967;25.823714
1283;815;-0.0001;0.0138;-0.0546;0.6880;25.823715
1283;816;-0.0001;0.0140;-0.0552;0.6727;25.823716
1283;817;-0.0001;0.0141;-0.0557;0.6618;25.823717
1283;818;-0.0001;0.0142;-0.0559;0.6574;25.823718
1283;819;-0.0001;0.0141;-0.0557;0.6530;25.823719
1283;820;-0.0001;0.0140;-0.0552;0.6465;25.823720
1283;821;-0.0001;0.0139;-0.0548;0.6421;25.823721
1283;822;-0.0001;0.0139;-0.0546;0.6399;25.823722
1283;823;-0.0001;0.0139;-0.0545;0.6290;25.823723
1283;824;-0.0001;0.0140;-0.0550;0.6203;25.823724
1283;825;-0.0001;0.0142;-0.0557;0.6159;25.823725
1283;826;-0.0001;0.0144;-0.0561;0.6050;25.823726
1283;827;-0.0001;0.0143;-0.0559;0.5963;25.823727
1283;828;-0.0001;0.0145;-0.0563;0.5897;25.823728
1283;829;-0.0001;0.0146;-0.0568;0.5853;25.823729
1283;830;-0.0001;0.0145;-0.0563;0.5832;25.823730
1283;831;-0.0001;0.0145;-0.0563;0.5788;25.823731
1283;832;-0.0001;0.0146;-0.0565;0.5679;25.823732
1283;833;-0.0001;0.0144;-0.0556;0.5591;25.823733
1283;834;-0.0001;0.0142;-0.0549;0.5569;25.823734
1283;835;-0.0001;0.0141;-0.0546;0.5548;25.823735
1283;836;-0.0001;0.0143;-0.0552;0.5460;25.823736
1283;837;-0.0001;0.0147;-0.0566;0.5373;25.823737
1283;838;-0.0001;0.0147;-0.0566;0.5329;25.823738
1283;839;-0.0001;0.0145;-0.0558;0.5286;25.823739
1283;840;-0.0001;0.0143;-0.0549;0.5242;25.823740
1283;841;-0.0001;0.0143;-0.0547;0.5176;25.823741
1283;842;-0.0001;0.0142;-0.0545;0.5133;25.823742
1283;843;-0.0001;0.0144;-0.0551;0.5089;25.823743
1283;844;-0.0001;0.0146;-0.0556;0.4980;25.823744
1283;845;-0.0001;0.0145;-0.0552;0.4892;25.823745
1283;846;-0.0001;0.0145;-0.0554;0.4827;25.823746
1283;847;-0.0001;0.0145;-0.0551;0.4783;25.823747
1283;848;-0.0001;0.0145;-0.0552;0.4718;25.823748
1283;849;-0.0001;0.0147;-0.0558;0.4630;25.823749
1283;850;-0.0001;0.0147;-0.0558;0.4587;25.823750
1283;851;-0.0001;0.0147;-0.0558;0.4565;25.823751
1283;852;-0.0001;0.0149;-0.0562;0.4499;25.823752
1283;853;-0.0001;0.0152;-0.0574;0.4477;25.823753
1283;854;-0.0001;0.0157;-0.0591;0.4497;25.823754
1283;855;-0.0001;0.0158;-0.0594;0.4432;25.823755
1283;856;-0.0001;0.0155;-0.0584;0.4301;25.823756
1283;857;-0.0001;0.0153;-0.0574;0.4215;25.823757
1283;858;-0.0001;0.0154;-0.0577;0.4215;25.823758
1283;859;-0.0001;0.0155;-0.0580;0.4170;25.823759
1283;860;-0.0001;0.0151;-0.0567;0.4106;25.823760
1283;861;-0.0001;0.0149;-0.0558;0.4019;25.823761
1283;862;-0.0001;0.0150;-0.0560;0.3975;25.823762
1283;863;-0.0001;0.0151;-0.0565;0.3953;25.823763
1283;864;-0.0001;0.0153;-0.0571;0.3931;25.823764
1283;865;-0.0001;0.0155;-0.0575;0.3910;25.823765
1283;866;-0.0001;0.0154;-0.0571;0.3866;25.823766
1283;867;-0.0001;0.0152;-0.0563;0.3778;25.823767
1283;868;-0.0001;0.0150;-0.0558;0.3691;25.823768
1283;869;-0.0001;0.0151;-0.0560;0.3647;25.823769
1283;870;-0.0001;0.0154;-0.0570;0.3647;25.823770
1283;871;-0.0001;0.0156;-0.0577;0.3626;25.823771
1283;872;-0.0001;0.0156;-0.0577;0.3560;25.823772
1283;873;-0.0001;0.0156;-0.0577;0.3516;25.823773
1283;874;-0.0001;0.0157;-0.0577;0.3495;25.823774
1283;875;-0.0001;0.0155;-0.0570;0.3495;25.823775
1283;876;-0.0001;0.0154;-0.0564;0.3473;25.823776
1283;877;-0.0001;0.0154;-0.0564;0.3407;25.823777
1283;878;-0.0001;0.0154;-0.0563;0.3342;25.823778
1283;879;-0.0001;0.0153;-0.0561;0.3276;25.823779
1283;880;-0.0001;0.0152;-0.0556;0.3189;25.823780
1283;881;-0.0001;0.0153;-0.0559;0.3145;25.823781
1283;882;-0.0001;0.0154;-0.0563;0.3123;25.823782
1283;883;-0.0001;0.0155;-0.0564;0.3080;25.823783
1283;884;-0.0001;0.0156;-0.0567;0.2992;25.823784
1283;885;-0.0001;0.0158;-0.0574;0.2927;25.823785
1283;886;-0.0001;0.0162;-0.0588;0.2904;25.823786
1283;887;-0.0001;0.0161;-0.0585;0.2882;25.823787
1283;888;-0.0001;0.0158;-0.0570;0.2817;25.823788
1283;889;-0.0001;0.0161;-0.0583;0.2794;25.823789
1283;890;-0.0001;0.0162;-0.0586;0.2787;25.823790
1283;891;-0.0001;0.0157;-0.0565;0.2780;25.823791
1283;892;-0.0001;0.0154;-0.0556;0.2750;25.823792
1283;893;-0.0001;0.0155;-0.0556;0.2706;25.823793
1283;894;-0.0001;0.0157;-0.0563;0.2666;25.823794
1283;895;-0.0001;0.0158;-0.0569;0.2621;25.823795
1283;896;-0.0001;0.0155;-0.0555;0.2610;25.823796
1283;897;-0.0001;0.0157;-0.0562;0.2609;25.823797
1283;898;-0.0001;0.0162;-0.0580;0.2559;25.823798
1283;899;-0.0001;0.0163;-0.0584;0.2508;25.823799
1283;900;-0.0001;0.0166;-0.0591;0.2457;25.823800
1283;901;-0.0001;0.0166;-0.0591;0.2432;25.823801
1283;902;-0.0001;0.0166;-0.0592;0.2399;25.823802
1283;903;-0.0001;0.0168;-0.0597;0.2354;25.823803
1283;904;-0.0001;0.0173;-0.0616;0.2336;25.823804
1283;905;-0.0001;0.0179;-0.0634;0.2320;25.823805
1283;906;-0.0001;0.0176;-0.0622;0.2281;25.823806
1283;907;-0.0001;0.0168;-0.0595;0.2211;25.823807
1283;908;-0.0001;0.0163;-0.0577;0.2145;25.823808
1283;909;-0.0001;0.0165;-0.0582;0.2114;25.823809
1283;910;-0.0001;0.0170;-0.0600;0.2089;25.823810
1283;911;-0.0001;0.0173;-0.0608;0.2084;25.823811
1283;912;-0.0001;0.0170;-0.0598;0.2078;25.823812
1283;913;-0.0001;0.0170;-0.0598;0.2054;25.823813
1283;914;-0.0001;0.0174;-0.0610;0.2018;25.823814
1283;915;-0.0001;0.0175;-0.0615;0.1972;25.823815
1283;916;-0.0001;0.0175;-0.0613;0.1943;25.823816
1283;917;-0.0001;0.0174;-0.0608;0.1941;25.823817
1283;918;-0.0001;0.0174;-0.0608;0.1929;25.823818
1283;919;-0.0001;0.0179;-0.0623;0.1872;25.823819
1283;920;-0.0001;0.0180;-0.0626;0.1805;25.823820
1283;921;-0.0001;0.0178;-0.0621;0.1752;25.823821
1283;922;-0.0001;0.0183;-0.0637;0.1710;25.823822
1283;923;-0.0001;0.0188;-0.0653;0.1681;25.823823
1283;924;-0.0001;0.0183;-0.0637;0.1658;25.823824
1283;925;-0.0001;0.0178;-0.0616;0.1648;25.823825
1283;926;-0.0001;0.0176;-0.0610;0.1632;25.823826
1283;927;-0.0001;0.0172;-0.0594;0.1606;25.823827
1283;928;-0.0001;0.0171;-0.0589;0.1566;25.823828
1283;929;-0.0001;0.0173;-0.0597;0.1528;25.823829
1283;930;-0.0001;0.0172;-0.0594;0.1506;25.823830
1283;931;-0.0001;0.0171;-0.0590;0.1494;25.823831
1283;932;-0.0001;0.0174;-0.0599;0.1480;25.823832
1283;933;-0.0001;0.0179;-0.0614;0.1444;25.823833
1283;934;-0.0001;0.0176;-0.0602;0.1394;25.823834
1283;935;-0.0001;0.0176;-0.0603;0.1367;25.823835
1283;936;-0.0001;0.0180;-0.0617;0.1365;25.823836
1283;937;-0.0001;0.0183;-0.0625;0.1349;25.823837
1283;938;-0.0001;0.0187;-0.0638;0.1318;25.823838
1283;939;-0.0001;0.0191;-0.0652;0.1320;25.823839
1283;940;-0.0001;0.0194;-0.0663;0.1330;25.823840
1283;941;-0.0001;0.0193;-0.0658;0.1298;25.823841
1283;942;-0.0001;0.0195;-0.0664;0.1253;25.823842
1283;943;-0.0001;0.0199;-0.0676;0.1215;25.823843
1283;944;-0.0001;0.0192;-0.0652;0.1208;25.823844
1283;945;-0.0001;0.0186;-0.0631;0.1192;25.823845
1283;946;-0.0001;0.0186;-0.0629;0.1166;25.823846
1283;947;-0.0001;0.0190;-0.0642;0.1147;25.823847
1283;948;-0.0001;0.0198;-0.0667;0.1155;25.823848
1283;949;-0.0001;0.0199;-0.0671;0.1170;25.823849
1283;950;-0.0001;0.0197;-0.0665;0.1157;25.823850
1283;951;-0.0001;0.0199;-0.0669;0.1127;25.823851
1283;952;-0.0001;0.0198;-0.0667;0.1120;25.823852
1283;953;-0.0001;0.0195;-0.0655;0.1106;25.823853
1283;954;-0.0001;0.0186;-0.0624;0.1083;25.823854
1283;955;-0.0001;0.0184;-0.0618;0.1076;25.823855
1283;956;-0.0001;0.0194;-0.0650;0.1066;25.823856
1283;957;-0.0001;0.0208;-0.0695;0.1070;25.823857
1283;958;-0.0001;0.0212;-0.0708;0.1054;25.823858
1283;959;-0.0001;0.0206;-0.0686;0.0997;25.823859
1283;960;-0.0001;0.0208;-0.0692;0.0955;25.823860
1283;961;-0.0001;0.0211;-0.0703;0.0934;25.823861
1283;962;-0.0001;0.0222;-0.0737;0.0934;25.823862
1283;963;-0.0001;0.0231;-0.0766;0.0941;25.823863
1283;964;-0.0001;0.0223;-0.0741;0.0941;25.823864
1283;965;-0.0001;0.0210;-0.0695;0.0963;25.823865
1283;966;-0.0001;0.0208;-0.0690;0.0973;25.823866
1283;967;-0.0001;0.0209;-0.0690;0.0964;25.823867
1283;968;-0.0001;0.0216;-0.0712;0.0923;25.823868
1283;969;-0.0001;0.0226;-0.0747;0.0871;25.823869
1283;970;-0.0001;0.0228;-0.0752;0.0867;25.823870
1283;971;-0.0001;0.0234;-0.0769;0.0862;25.823871
1283;972;-0.0001;0.0230;-0.0756;0.0862;25.823872
1283;973;-0.0001;0.0234;-0.0767;0.0886;25.823873
1283;974;-0.0001;0.0241;-0.0790;0.0886;25.823874
1283;975;-0.0001;0.0237;-0.0776;0.0872;25.823875
1283;976;-0.0001;0.0237;-0.0775;0.0837;25.823876
1283;977;-0.0002;0.0251;-0.0820;0.0783;25.823877
1283;978;-0.0002;0.0265;-0.0867;0.0749;25.823878
1283;979;-0.0002;0.0257;-0.0840;0.0756;25.823879
1283;980;-0.0001;0.0241;-0.0786;0.0766;25.823880
1283;981;-0.0001;0.0228;-0.0742;0.0780;25.823881
1283;982;-0.0001;0.0223;-0.0726;0.0801;25.823882
1283;983;-0.0001;0.0231;-0.0751;0.0805;25.823883
1283;984;-0.0001;0.0245;-0.0795;0.0804;25.823884
1283;985;-0.0002;0.0256;-0.0828;0.0769;25.823885
1283;986;-0.0002;0.0258;-0.0835;0.0729;25.823886
1283;987;-0.0002;0.0258;-0.0835;0.0718;25.823887
1283;988;-0.0002;0.0256;-0.0828;0.0718;25.823888
1283;989;-0.0002;0.0265;-0.0856;0.0719;25.823889
1283;990;-0.0002;0.0272;-0.0876;0.0733;25.823890
1283;991;-0.0002;0.0274;-0.0881;0.0753;25.823891
1283;992;-0.0002;0.0273;-0.0878;0.0767;25.823892
1283;993;-0.0002;0.0267;-0.0859;0.0755;25.823893
1283;994;-0.0002;0.0266;-0.0854;0.0742;25.823894
1283;995;-0.0002;0.0265;-0.0850;0.0722;25.823895
1283;996;-0.0002;0.0263;-0.0843;0.0698;25.823896
1283;997;-0.0002;0.0260;-0.0832;0.0704;25.823897
1283;998;-0.0002;0.0268;-0.0856;0.0689;25.823898
1283;999;-0.0002;0.0279;-0.0891;0.0658;25.823899
1283;1000;-0.0002;0.0284;-0.0906;0.0657;25.823900
1283;1001;-0.0002;0.0295;-0.0940;0.0666;25.823901
1283;1002;-0.0002;0.0302;-0.0962;0.0663;25.823902
1283;1003;-0.0002;0.0288;-0.0915;0.0662;25.823903
1283;1004;-0.0002;0.0272;-0.0864;0.0673;25.823904
1283;1005;-0.0002;0.0270;-0.0855;0.0698;25.823905
1283;1006;-0.0002;0.0269;-0.0853;0.0721;25.823906
1283;1007;-0.0002;0.0284;-0.0899;0.0706;25.823907
1283;1008;-0.0002;0.0315;-0.0997;0.0672;25.823908
1283;1009;-0.0002;0.0328;-0.1036;0.0676;25.823909
1283;1010;-0.0002;0.0314;-0.0992;0.0694;25.823910
1283;1011;-0.0002;0.0296;-0.0932;0.0710;25.823911
1283;1012;-0.0002;0.0291;-0.0916;0.0725;25.823912
1283;1013;-0.0002;0.0300;-0.0943;0.0740;25.823913
1283;1014;-0.0002;0.0303;-0.0951;0.0714;25.823914
1283;1015;-0.0002;0.0297;-0.0932;0.0690;25.823915
1283;1016;-0.0002;0.0291;-0.0912;0.0693;25.823916
1283;1017;-0.0002;0.0300;-0.0938;0.0690;25.823917
1283;1018;-0.0002;0.0316;-0.0989;0.0672;25.823918
1283;1019;-0.0002;0.0321;-0.1002;0.0679;25.823919
1283;1020;-0.0002;0.0319;-0.0995;0.0689;25.823920
1283;1021;-0.0002;0.0316;-0.0984;0.0670;25.823921
1283;1022;-0.0002;0.0321;-0.1001;0.0663;25.823922
1283;1023;-0.0002;0.0324;-0.1008;0.0666;25.823923
1283;1024;-0.0002;0.0330;-0.1026;0.0673;25.823924
1283;1025;-0.0002;0.0350;-0.1088;0.0669;25.823925
1283;1026;-0.0002;0.0383;-0.1188;0.0666;25.823926
1283;1027;-0.0002;0.0380;-0.1178;0.0682;25.823927
1283;1028;-0.0002;0.0341;-0.1056;0.0674;25.823928
1283;1029;-0.0002;0.0321;-0.0992;0.0644;25.823929
1283;1030;-0.0002;0.0324;-0.1000;0.0611;25.823930
1283;1031;-0.0002;0.0332;-0.1025;0.0614;25.823931
1283;1032;-0.0002;0.0333;-0.1028;0.0648;25.823932
1283;1033;-0.0002;0.0319;-0.0983;0.0658;25.823933
1283;1034;-0.0002;0.0322;-0.0990;0.0645;25.823934
1283;1035;-0.0002;0.0329;-0.1009;0.0649;25.823935
1283;1036;-0.0002;0.0322;-0.0989;0.0674;25.823936
1283;1037;-0.0002;0.0320;-0.0983;0.0680;25.823937
1283;1038;-0.0002;0.0345;-0.1056;0.0657;25.823938
1283;1039;-0.0002;0.0380;-0.1163;0.0651;25.823939
1283;1040;-0.0002;0.0378;-0.1154;0.0651;25.823940
1283;1041;-0.0002;0.0351;-0.1071;0.0638;25.823941
1283;1042;-0.0002;0.0352;-0.1074;0.0629;25.823942
1283;1043;-0.0002;0.0345;-0.1050;0.0650;25.823943
1283;1044;-0.0002;0.0331;-0.1007;0.0661;25.823944
1283;1045;-0.0002;0.0328;-0.0999;0.0654;25.823945
1283;1046;-0.0002;0.0335;-0.1019;0.0656;25.823946
1283;1047;-0.0002;0.0359;-0.1089;0.0671;25.823947
1283;1048;-0.0002;0.0385;-0.1169;0.0685;25.823948
1283;1049;-0.0002;0.0379;-0.1149;0.0692;25.823949
1283;1050;-0.0002;0.0354;-0.1070;0.0710;25.823950
1283;1051;-0.0002;0.0358;-0.1082;0.0722;25.823951
1283;1052;-0.0002;0.0387;-0.1168;0.0733;25.823952
1283;1053;-0.0002;0.0394;-0.1188;0.0737;25.823953
1283;1054;-0.0002;0.0395;-0.1190;0.0706;25.823954
1283;1055;-0.0002;0.0409;-0.1231;0.0672;25.823955
1283;1056;-0.0002;0.0413;-0.1243;0.0676;25.823956
1283;1057;-0.0002;0.0400;-0.1203;0.0687;25.823957
1283;1058;-0.0002;0.0392;-0.1176;0.0663;25.823958
1283;1059;-0.0002;0.0391;-0.1171;0.0627;25.823959
1283;1060;-0.0002;0.0364;-0.1090;0.0628;25.823960
1283;1061;-0.0002;0.0348;-0.1040;0.0673;25.823961
1283;1062;-0.0002;0.0356;-0.1064;0.0698;25.823962
1283;1063;-0.0002;0.0387;-0.1155;0.0676;25.823963
1283;1064;-0.0002;0.0399;-0.1189;0.0669;25.823964
1283;1065;-0.0002;0.0405;-0.1206;0.0669;25.823965
1283;1066;-0.0002;0.0409;-0.1217;0.0702;25.823966
1283;1067;-0.0002;0.0414;-0.1230;0.0738;25.823967
1283;1068;-0.0002;0.0408;-0.1213;0.0715;25.823968
1283;1069;-0.0002;0.0388;-0.1151;0.0668;25.823969
1283;1070;-0.0002;0.0387;-0.1146;0.0682;25.823970
1283;1071;-0.0002;0.0402;-0.1190;0.0711;25.823971
1283;1072;-0.0002;0.0423;-0.1251;0.0702;25.823972
1283;1073;-0.0002;0.0434;-0.1282;0.0694;25.823973
1283;1074;-0.0002;0.0424;-0.1251;0.0690;25.823974
1283;1075;-0.0002;0.0399;-0.1176;0.0681;25.823975
1283;1076;-0.0002;0.0394;-0.1161;0.0646;25.823976
1283;1077;-0.0002;0.0404;-0.1190;0.0648;25.823977
1283;1078;-0.0002;0.0416;-0.1222;0.0661;25.823978
1283;1079;-0.0002;0.0436;-0.1279;0.0656;25.823979
1283;1080;-0.0002;0.0459;-0.1347;0.0651;25.823980
1283;1081;-0.0003;0.0471;-0.1379;0.0665;25.823981
1283;1082;-0.0002;0.0456;-0.1336;0.0689;25.823982
1283;1083;-0.0002;0.0445;-0.1301;0.0692;25.823983
1283;1084;-0.0002;0.0442;-0.1291;0.0661;25.823984
1283;1085;-0.0002;0.0439;-0.1281;0.0628;25.823985
1283;1086;-0.0002;0.0438;-0.1279;0.0638;25.823986
1283;1087;-0.0002;0.0428;-0.1247;0.0653;25.823987
1283;1088;-0.0002;0.0413;-0.1204;0.0652;25.823988
1283;1089;-0.0002;0.0405;-0.1179;0.0634;25.823989
1283;1090;-0.0002;0.0422;-0.1227;0.0617;25.823990
1283;1091;-0.0002;0.0450;-0.1306;0.0586;25.823991
1283;1092;-0.0002;0.0449;-0.1303;0.0573;25.823992
1283;1093;-0.0002;0.0433;-0.1253;0.0578;25.823993
1283;1094;-0.0002;0.0424;-0.1226;0.0570;25.823994
1283;1095;-0.0002;0.0444;-0.1283;0.0564;25.823995
1283;1096;-0.0002;0.0460;-0.1329;0.0557;25.823996
1283;1097;-0.0002;0.0452;-0.1304;0.0552;25.823997
1283;1098;-0.0002;0.0448;-0.1292;0.0535;25.823998
1283;1099;-0.0002;0.0449;-0.1294;0.0492;25.823999
1283;1100;-0.0002;0.0441;-0.1267;0.0463;25.824000
1283;1101;-0.0002;0.0422;-0.1212;0.0474;25.824001
1283;1102;-0.0002;0.0425;-0.1222;0.0516;25.824002
1283;1103;-0.0002;0.0440;-0.1263;0.0521;25.824003
1283;1104;-0.0015;0.2828;-0.8102;0.0352;25.824004
1283;1105;-0.0015;0.2830;-0.8101;0.0340;25.824005
1283;1106;-0.0015;0.2821;-0.8066;0.0359;25.824006
1283;1107;-0.0002;0.0429;-0.1227;0.0497;25.824007
1283;1108;-0.0002;0.0409;-0.1168;0.0480;25.824008
1283;1109;-0.0015;0.2793;-0.7963;0.0340;25.824009
1283;1110;-0.0015;0.2780;-0.7919;0.0339;25.824010
1283;1111;-0.0015;0.2742;-0.7802;0.0357;25.824011
1283;1112;-0.0015;0.2754;-0.7829;0.0351;25.824012
1283;1113;-0.0015;0.2767;-0.7859;0.0325;25.824013
1283;1114;-0.0015;0.2748;-0.7797;0.0312;25.824014
1283;1115;-0.0015;0.2752;-0.7800;0.0315;25.824015
1283;1116;-0.0015;0.2792;-0.7906;0.0319;25.824016
1283;1117;-0.0015;0.2799;-0.7916;0.0314;25.824017
1283;1118;-0.0015;0.2784;-0.7868;0.0301;25.824018
1283;1119;-0.0015;0.2773;-0.7828;0.0296;25.824019
1283;1120;-0.0014;0.2747;-0.7748;0.0286;25.824020
1283;1121;-0.0014;0.2717;-0.7658;0.0273;25.824021
1283;1122;-0.0014;0.2704;-0.7613;0.0278;25.824022
1283;1123;-0.0014;0.2680;-0.7538;0.0302;25.824023
1283;1124;-0.0014;0.2680;-0.7531;0.0316;25.824024
1283;1125;-0.0014;0.2684;-0.7535;0.0305;25.824025
1283;1126;-0.0014;0.2660;-0.7458;0.0274;25.824026
1283;1127;-0.0014;0.2623;-0.7349;0.0268;25.824027
1283;1128;-0.0014;0.2634;-0.7371;0.0268;25.824028
1283;1129;-0.0014;0.2636;-0.7370;0.0275;25.824029
1283;1130;-0.0013;0.2587;-0.7227;0.0274;25.824030
1283;1131;-0.0013;0.2522;-0.7037;0.0270;25.824031
1283;1132;-0.0013;0.2506;-0.6986;0.0268;25.824032
1283;1133;-0.0013;0.2540;-0.7075;0.0244;25.824033
1283;1134;-0.0013;0.2583;-0.7188;0.0260;25.824034
1283;1135;-0.0013;0.2575;-0.7158;0.0281;25.824035
1283;1136;-0.0013;0.2549;-0.7079;0.0272;25.824036
1283;1137;-0.0013;0.2547;-0.7066;0.0259;25.824037
1283;1138;-0.0013;0.2540;-0.7042;0.0242;25.824038
1283;1139;-0.0013;0.2503;-0.6930;0.0230;25.824039
1283;1140;-0.0013;0.2481;-0.6865;0.0248;25.824040
1283;1141;-0.0013;0.2487;-0.6874;0.0273;25.824041
1283;1142;-0.0013;0.2482;-0.6854;0.0295;25.824042
1283;1143;-0.0013;0.2484;-0.6854;0.0291;25.824043
1283;1144;-0.0013;0.2516;-0.6933;0.0285;25.824044
1283;1145;-0.0013;0.2530;-0.6967;0.0288;25.824045
1283;1146;-0.0013;0.2513;-0.6913;0.0294;25.824046
1283;1147;-0.0013;0.2517;-0.6918;0.0314;25.824047
1283;1148;-0.0013;0.2537;-0.6965;0.0315;25.824048
1283;1149;-0.0013;0.2525;-0.6926;0.0300;25.824049
1283;1150;-0.0013;0.2513;-0.6885;0.0292;25.824050
1283;1151;-0.0013;0.2516;-0.6889;0.0275;25.824051
1283;1152;-0.0013;0.2505;-0.6851;0.0273;25.824052
1283;1153;-0.0012;0.2487;-0.6796;0.0289;25.824053
1283;1154;-0.0012;0.2484;-0.6782;0.0285;25.824054
1283;1155;-0.0013;0.2520;-0.6873;0.0265;25.824055
1283;1156;-0.0013;0.2559;-0.6974;0.0269;25.824056
1283;1157;-0.0013;0.2545;-0.6928;0.0271;25.824057
1283;1158;-0.0013;0.2530;-0.6881;0.0263;25.824058
1283;1159;-0.0013;0.2546;-0.6917;0.0252;25.824059
1283;1160;-0.0013;0.2558;-0.6942;0.0260;25.824060
1283;1161;-0.0013;0.2538;-0.6883;0.0276;25.824061
1283;1162;-0.0013;0.2530;-0.6856;0.0298;25.824062
1283;1163;-0.0013;0.2554;-0.6914;0.0314;25.824063
1283;1164;-0.0013;0.2553;-0.6905;0.0308;25.824064
1283;1165;-0.0012;0.2523;-0.6815;0.0306;25.824065
1283;1166;-0.0013;0.2533;-0.6836;0.0322;25.824066
1283;1167;-0.0013;0.2573;-0.6937;0.0336;25.824067
1283;1168;-0.0013;0.2591;-0.6980;0.0334;25.824068
1283;1169;-0.0013;0.2599;-0.6996;0.0351;25.824069
1283;1170;-0.0013;0.2591;-0.6967;0.0385;25.824070
1283;1171;-0.0013;0.2589;-0.6956;0.0397;25.824071
1283;1172;-0.0013;0.2614;-0.7015;0.0395;25.824072
1283;1173;-0.0013;0.2625;-0.7039;0.0407;25.824073
1283;1174;-0.0013;0.2616;-0.7008;0.0441;25.824074
1283;1175;-0.0013;0.2600;-0.6960;0.0469;25.824075
1283;1176;-0.0013;0.2603;-0.6959;0.0478;25.824076
1283;1177;-0.0013;0.2629;-0.7025;0.0493;25.824077
1283;1178;-0.0013;0.2640;-0.7045;0.0536;25.824078
1283;1179;-0.0013;0.2636;-0.7030;0.0560;25.824079
1283;1180;-0.0013;0.2648;-0.7055;0.0560;25.824080
1283;1181;-0.0013;0.2653;-0.7061;0.0568;25.824081
1283;1182;-0.0013;0.2654;-0.7056;0.0616;25.824082
1283;1183;-0.0013;0.2659;-0.7064;0.0685;25.824083
1283;1184;-0.0013;0.2651;-0.7035;0.0745;25.824084
1283;1185;-0.0013;0.2642;-0.7005;0.0825;25.824085
1283;1186;-0.0013;0.2656;-0.7035;0.0916;25.824086
1283;1187;-0.0013;0.2666;-0.7056;0.1002;25.824087
1283;1188;-0.0013;0.2674;-0.7071;0.1078;25.824088
1283;1189;-0.0013;0.2682;-0.7085;0.1142;25.824089
1283;1190;-0.0013;0.2682;-0.7079;0.1199;25.824090
1283;1191;-0.0013;0.2686;-0.7083;0.1277;25.824091
1283;1192;-0.0013;0.2691;-0.7089;0.1342;25.824092
1283;1193;-0.0013;0.2691;-0.7083;0.1401;25.824093
1283;1194;-0.0013;0.2698;-0.7094;0.1462;25.824094
1283;1195;-0.0013;0.2707;-0.7113;0.1475;25.824095
1283;1196;-0.0013;0.2715;-0.7127;0.1457;25.824096
1283;1197;-0.0013;0.2715;-0.7119;0.1453;25.824097
1283;1198;-0.0013;0.2712;-0.7104;0.1482;25.824098
1283;1199;-0.0013;0.2716;-0.7108;0.1515;25.824099
1283;1200;-0.0013;0.2725;-0.7127;0.1513;25.824100
1283;1201;-0.0013;0.2735;-0.7146;0.1506;25.824101
1283;1202;-0.0013;0.2744;-0.7163;0.1504;25.824102
1283;1203;-0.0013;0.2749;-0.7170;0.1524;25.824103
1283;1204;-0.0013;0.2751;-0.7167;0.1594;25.824104
1283;1205;-0.0013;0.2756;-0.7173;0.1665;25.824105
1283;1206;-0.0013;0.2757;-0.7170;0.1714;25.824106
1283;1207;-0.0013;0.2752;-0.7152;0.1768;25.824107
1283;1208;-0.0013;0.2744;-0.7122;0.1877;25.824108
1283;1209;-0.0013;0.2727;-0.7074;0.2105;25.824109
1283;1210;-0.0013;0.2717;-0.7041;0.2430;25.824110
1283;1211;-0.0013;0.2713;-0.7023;0.2927;25.824111
1283;1212;-0.0013;0.2707;-0.7001;0.3548;25.824112
1283;1213;-0.0013;0.2695;-0.6963;0.4307;25.824113
1283;1214;-0.0013;0.2688;-0.6941;0.5183;25.824114
1283;1215;-0.0013;0.2687;-0.6931;0.6094;25.824115
1283;1216;-0.0013;0.2686;-0.6924;0.6970;25.824116
1283;1217;-0.0013;0.2687;-0.6918;0.7756;25.824117
1283;1218;-0.0013;0.2689;-0.6917;0.8524;25.824118
1283;1219;-0.0013;0.2690;-0.6913;0.9239;25.824119
1283;1220;-0.0013;0.2689;-0.6905;0.9865;25.824120
1283;1221;-0.0013;0.2692;-0.6906;1.0347;25.824121
1283;1222;-0.0013;0.2698;-0.6914;1.0526;25.824122
1283;1223;-0.0013;0.2700;-0.6913;1.0419;25.824123
1283;1224;-0.0013;0.2702;-0.6912;1.0186;25.824124
1283;1225;-0.0013;0.2703;-0.6910;0.9758;25.824125
1283;1226;-0.0013;0.2705;-0.6907;0.9186;25.824126
1283;1227;-0.0013;0.2706;-0.6904;0.8489;25.824127
1283;1228;-0.0013;0.2707;-0.6901;0.7685;25.824128
1283;1229;-0.0013;0.2711;-0.6906;0.6773;25.824129
1283;1230;-0.0013;0.2715;-0.6908;0.5737;25.824130
1283;1231;-0.0013;0.2716;-0.6905;0.4772;25.824131
1283;1232;-0.0013;0.2719;-0.6907;0.3878;25.824132
1283;1233;-0.0013;0.2724;-0.6912;0.3092;25.824133
1283;1234;-0.0013;0.2733;-0.6930;0.2430;25.824134
1283;1235;-0.0013;0.2739;-0.6938;0.1887;25.824135
1283;1236;-0.0013;0.2742;-0.6940;0.1513;25.824136
1283;1237;-0.0013;0.2748;-0.6949;0.1276;25.824137
1283;1238;-0.0013;0.2765;-0.6985;0.1109;25.824138
1283;1239;-0.0013;0.2791;-0.7045;0.0999;25.824139
1283;1240;-0.0013;0.2808;-0.7082;0.0894;25.824140
1283;1241;-0.0013;0.2801;-0.7056;0.0809;25.824141
1283;1242;-0.0013;0.2788;-0.7018;0.0742;25.824142
1283;1243;-0.0013;0.2790;-0.7017;0.0711;25.824143
1283;1244;-0.0013;0.2819;-0.7083;0.0716;25.824144
1283;1245;-0.0013;0.2860;-0.7180;0.0747;25.824145
1283;1246;-0.0013;0.2880;-0.7226;0.0759;25.824146
1283;1247;-0.0013;0.2883;-0.7225;0.0733;25.824147
1283;1248;-0.0013;0.2889;-0.7235;0.0701;25.824148
1283;1249;-0.0014;0.2892;-0.7234;0.0705;25.824149
1283;1250;-0.0013;0.2889;-0.7222;0.0734;25.824150
1283;1251;-0.0014;0.2906;-0.7258;0.0763;25.824151
1283;1252;-0.0014;0.2920;-0.7285;0.0810;25.824152
1283;1253;-0.0014;0.2938;-0.7325;0.0874;25.824153
1283;1254;-0.0014;0.2967;-0.7391;0.0968;25.824154
1283;1255;-0.0014;0.2992;-0.7445;0.1096;25.824155
1283;1256;-0.0029;0.5700;-1.4170;0.0652;25.824156
1283;1257;-0.0029;0.5722;-1.4214;0.0788;25.824157
1283;1258;-0.0029;0.5739;-1.4243;0.0954;25.824158
1283;1259;-0.0029;0.5748;-1.4254;0.1155;25.824159
1283;1260;-0.0029;0.5756;-1.4261;0.1386;25.824160
1283;1261;-0.0029;0.5768;-1.4275;0.1669;25.824161
1283;1262;-0.0029;0.5782;-1.4300;0.1988;25.824162
1283;1263;-0.0029;0.5793;-1.4313;0.2370;25.824163
1283;1264;-0.0029;0.5800;-1.4317;0.2752;25.824164
1283;1265;-0.0029;0.5808;-1.4325;0.3075;25.824165
1283;1266;-0.0029;0.5815;-1.4332;0.3305;25.824166
1283;1267;-0.0029;0.5820;-1.4330;0.3449;25.824167
1283;1268;-0.0029;0.5826;-1.4333;0.3483;25.824168
1283;1269;-0.0029;0.5834;-1.4339;0.3466;25.824169
1283;1270;-0.0029;0.5840;-1.4341;0.3474;25.824170
1283;1271;-0.0029;0.5847;-1.4346;0.3483;25.824171
1283;1272;-0.0029;0.5853;-1.4349;0.3517;25.824172
1283;1273;-0.0029;0.5857;-1.4345;0.3602;25.824173
1283;1274;-0.0029;0.5859;-1.4337;0.3772;25.824174
1283;1275;-0.0029;0.5862;-1.4333;0.3925;25.824175
1283;1276;-0.0029;0.5869;-1.4337;0.3984;25.824176
1283;1277;-0.0029;0.5874;-1.4338;0.4001;25.824177
1283;1278;-0.0029;0.5878;-1.4334;0.4027;25.824178
1283;1279;-0.0029;0.5882;-1.4331;0.4086;25.824179
1283;1280;-0.0029;0.5888;-1.4334;0.4188;25.824180
1283;1281;-0.0029;0.5895;-1.4337;0.4242;25.824181
1283;1282;-0.0029;0.5899;-1.4333;0.4316;25.824182
1283;1283;-0.0029;0.5905;-1.4337;0.4309;25.824183
1283;1284;-0.0029;0.5911;-1.4340;0.4326;25.824184
1283;1285;-0.0029;0.5914;-1.4333;0.4385;25.824185
1283;1286;-0.0029;0.5920;-1.4336;0.4461;25.824186
1283;1287;-0.0029;0.5927;-1.4341;0.4570;25.824187
1283;1288;-0.0029;0.5933;-1.4344;0.4663;25.824188
1283;1289;-0.0029;0.5939;-1.4344;0.4672;25.824189
1283;1290;-0.0029;0.5942;-1.4340;0.4697;25.824190
1283;1291;-0.0029;0.5949;-1.4344;0.4714;25.824191
1283;1292;-0.0029;0.5955;-1.4347;0.4714;25.824192
1283;1293;-0.0029;0.5960;-1.4347;0.4722;25.824193
1283;1294;-0.0029;0.5966;-1.4348;0.4756;25.824194
1283;1295;-0.0029;0.5969;-1.4343;0.4815;25.824195
1283;1296;-0.0029;0.5974;-1.4342;0.4849;25.824196
1283;1297;-0.0029;0.5979;-1.4342;0.4806;25.824197
1283;1298;-0.0029;0.5984;-1.4342;0.4773;25.824198
1283;1299;-0.0029;0.5989;-1.4342;0.4790;25.824199
1283;1300;-0.0029;0.5996;-1.4345;0.4790;25.824200
1283;1301;-0.0029;0.6001;-1.4345;0.4747;25.824201
1283;1302;-0.0029;0.6006;-1.4343;0.4697;25.824202
1283;1303;-0.0029;0.6011;-1.4346;0.4680;25.824203
1283;1304;-0.0029;0.6019;-1.4350;0.4756;25.824204
1283;1305;-0.0029;0.6022;-1.4347;0.4891;25.824205
1283;1306;-0.0029;0.6026;-1.4342;0.5026;25.824206
1283;1307;-0.0029;0.6028;-1.4337;0.5068;25.824207
1283;1308;-0.0029;0.6033;-1.4334;0.5034;25.824208
1283;1309;-0.0029;0.6039;-1.4337;0.4958;25.824209
1283;1310;-0.0029;0.6047;-1.4343;0.4958;25.824210
1283;1311;-0.0029;0.6054;-1.4348;0.5059;25.824211
1283;1312;-0.0029;0.6059;-1.4347;0.5110;25.824212
1283;1313;-0.0029;0.6064;-1.4346;0.5102;25.824213
1283;1314;-0.0029;0.6070;-1.4349;0.5051;25.824214
1283;1315;-0.0029;0.6074;-1.4347;0.5017;25.824215
1283;1316;-0.0029;0.6079;-1.4346;0.5000;25.824216
1283;1317;-0.0029;0.6085;-1.4347;0.4984;25.824217
1283;1318;-0.0029;0.6089;-1.4346;0.4984;25.824218
1283;1319;-0.0029;0.6095;-1.4346;0.4992;25.824219
1283;1320;-0.0029;0.6099;-1.4344;0.5043;25.824220
1283;1321;-0.0029;0.6105;-1.4346;0.5135;25.824221
1283;1322;-0.0029;0.6113;-1.4350;0.5178;25.824222
1283;1323;-0.0029;0.6119;-1.4354;0.5114;25.824223
1283;1324;-0.0029;0.6126;-1.4358;0.5031;25.824224
1283;1325;-0.0029;0.6131;-1.4359;0.5014;25.824225
1283;1326;-0.0029;0.6136;-1.4355;0.5031;25.824226
1283;1327;-0.0029;0.6138;-1.4351;0.5056;25.824227
1283;1328;-0.0029;0.6140;-1.4342;0.5064;25.824228
1283;1329;-0.0029;0.6145;-1.4343;0.5039;25.824229
1283;1330;-0.0029;0.6153;-1.4347;0.5022;25.824230
1283;1331;-0.0029;0.6158;-1.4348;0.5072;25.824231
1283;1332;-0.0029;0.6165;-1.4352;0.5114;25.824232
1283;1333;-0.0029;0.6168;-1.4348;0.5165;25.824233
1283;1334;-0.0029;0.6173;-1.4346;0.5232;25.824234
1283;1335;-0.0029;0.6177;-1.4344;0.5265;25.824235
1283;1336;-0.0029;0.6182;-1.4342;0.5298;25.824236
1283;1337;-0.0029;0.6189;-1.4347;0.5282;25.824237
1283;1338;-0.0029;0.6193;-1.4346;0.5223;25.824238
1283;1339;-0.0029;0.6198;-1.4344;0.5156;25.824239
1283;1340;-0.0029;0.6202;-1.4342;0.5098;25.824240
1283;1341;-0.0029;0.6208;-1.4342;0.5064;25.824241
1283;1342;-0.0029;0.6213;-1.4344;0.5047;25.824242
1283;1343;-0.0029;0.6219;-1.4342;0.5039;25.824243
1283;1344;-0.0029;0.6225;-1.4346;0.5072;25.824244
1283;1345;-0.0029;0.6231;-1.4347;0.5131;25.824245
1283;1346;-0.0029;0.6234;-1.4342;0.5198;25.824246
1283;1347;-0.0029;0.6241;-1.4347;0.5215;25.824247
1283;1348;-0.0029;0.6248;-1.4351;0.5181;25.824248
1283;1349;-0.0029;0.6254;-1.4352;0.5165;25.824249
1283;1350;-0.0029;0.6259;-1.4350;0.5156;25.824250
1283;1351;-0.0029;0.6263;-1.4350;0.5148;25.824251
1283;1352;-0.0029;0.6271;-1.4354;0.5139;25.824252
1283;1353;-0.0029;0.6276;-1.4355;0.5173;25.824253
1283;1354;-0.0029;0.6279;-1.4348;0.5265;25.824254
1283;1355;-0.0029;0.6283;-1.4346;0.5298;25.824255
1283;1356;-0.0029;0.6287;-1.4344;0.5232;25.824256
1283;1357;-0.0029;0.6292;-1.4342;0.5123;25.824257
1283;1358;-0.0029;0.6296;-1.4340;0.5089;25.824258
1283;1359;-0.0029;0.6301;-1.4338;0.5139;25.824259
1283;1360;-0.0029;0.6305;-1.4337;0.5181;25.824260
1283;1361;-0.0029;0.6312;-1.4339;0.5206;25.824261
1283;1362;-0.0029;0.6317;-1.4340;0.5240;25.824262
1283;1363;-0.0029;0.6323;-1.4342;0.5198;25.824263
1283;1364;-0.0029;0.6329;-1.4344;0.5131;25.824264
1283;1365;-0.0029;0.6338;-1.4350;0.5114;25.824265
1283;1366;-0.0029;0.6342;-1.4351;0.5165;25.824266
1283;1367;-0.0029;0.6349;-1.4353;0.5257;25.824267
1283;1368;-0.0029;0.6357;-1.4359;0.5261;25.824268
1283;1369;-0.0029;0.6364;-1.4362;0.5278;25.824269
1283;1370;-0.0029;0.6368;-1.4362;0.5278;25.824270
1283;1371;-0.0029;0.6370;-1.4353;0.5303;25.824271
1283;1372;-0.0029;0.6374;-1.4350;0.5311;25.824272
1283;1373;-0.0029;0.6380;-1.4352;0.5278;25.824273
1283;1374;-0.0029;0.6386;-1.4354;0.5212;25.824274
1283;1375;-0.0029;0.6393;-1.4359;0.5178;25.824275
1283;1376;-0.0029;0.6397;-1.4355;0.5220;25.824276
1283;1377;-0.0029;0.6400;-1.4351;0.5345;25.824277
1283;1378;-0.0029;0.6407;-1.4353;0.5403;25.824278
1283;1379;-0.0029;0.6410;-1.4349;0.5369;25.824279
1283;1380;-0.0029;0.6415;-1.4347;0.5328;25.824280
1283;1381;-0.0029;0.6421;-1.4349;0.5303;25.824281
1283;1382;-0.0029;0.6427;-1.4351;0.5311;25.824282
1283;1383;-0.0029;0.6431;-1.4349;0.5345;25.824283
1283;1384;-0.0029;0.6435;-1.4345;0.5403;25.824284
1283;1385;-0.0029;0.6441;-1.4347;0.5411;25.824285
1283;1386;-0.0029;0.6446;-1.4346;0.5336;25.824286
1283;1387;-0.0029;0.6450;-1.4343;0.5236;25.824287
1283;1388;-0.0029;0.6454;-1.4341;0.5220;25.824288
1283;1389;-0.0029;0.6459;-1.4340;0.5278;25.824289
1283;1390;-0.0029;0.6466;-1.4344;0.5345;25.824290
1283;1391;-0.0029;0.6474;-1.4349;0.5345;25.824291
1283;1392;-0.0029;0.6479;-1.4349;0.5311;25.824292
1283;1393;-0.0029;0.6487;-1.4355;0.5311;25.824293
1283;1394;-0.0029;0.6490;-1.4350;0.5353;25.824294
1283;1395;-0.0029;0.6493;-1.4344;0.5419;25.824295
1283;1396;-0.0029;0.6498;-1.4344;0.5478;25.824296
1283;1397;-0.0029;0.6505;-1.4347;0.5494;25.824297
1283;1398;-0.0029;0.6513;-1.4353;0.5453;25.824298
1283;1399;-0.0029;0.6518;-1.4354;0.5403;25.824299
1283;1400;-0.0029;0.6526;-1.4357;0.5394;25.824300
1283;1401;-0.0029;0.6531;-1.4360;0.5378;25.824301
1283;1402;-0.0029;0.6536;-1.4358;0.5353;25.824302
1283;1403;-0.0029;0.6542;-1.4359;0.5336;25.824303
1283;1404;-0.0029;0.6547;-1.4356;0.5328;25.824304
1283;1405;-0.0029;0.6547;-1.4348;0.5369;25.824305
1283;1406;-0.0029;0.6552;-1.4345;0.5419;25.824306
1283;1407;-0.0029;0.6556;-1.4344;0.5444;25.824307
1283;1408;-0.0029;0.6565;-1.4350;0.5469;25.824308
1283;1409;-0.0029;0.6571;-1.4352;0.5478;25.824309
1283;1410;-0.0029;0.6575;-1.4350;0.5469;25.824310
1283;1411;-0.0029;0.6580;-1.4349;0.5428;25.824311
1283;1412;-0.0029;0.6585;-1.4349;0.5436;25.824312
1283;1413;-0.0029;0.6591;-1.4350;0.5502;25.824313
1283;1414;-0.0029;0.6595;-1.4348;0.5561;25.824314
1283;1415;-0.0029;0.6600;-1.4344;0.5577;25.824315
1283;1416;-0.0029;0.6604;-1.4342;0.5536;25.824316
1283;1417;-0.0029;0.6608;-1.4340;0.5527;25.824317
1283;1418;-0.0029;0.6617;-1.4348;0.5448;25.824318
1283;1419;-0.0029;0.6624;-1.4351;0.5340;25.824319
1283;1420;-0.0029;0.6627;-1.4347;0.5307;25.824320
1283;1421;-0.0029;0.6634;-1.4351;0.5332;25.824321
1283;1422;-0.0029;0.6641;-1.4356;0.5398;25.824322
1283;1423;-0.0029;0.6646;-1.4352;0.5489;25.824323
1283;1424;-0.0029;0.6650;-1.4350;0.5563;25.824324
1283;1425;-0.0029;0.6654;-1.4348;0.5563;25.824325
1283;1426;-0.0029;0.6659;-1.4345;0.5522;25.824326
1283;1427;-0.0029;0.6662;-1.4343;0.5506;25.824327
1283;1428;-0.0029;0.6668;-1.4341;0.5522;25.824328
1283;1429;-0.0029;0.6671;-1.4340;0.5539;25.824329
1283;1430;-0.0029;0.6676;-1.4336;0.5605;25.824330
1283;1431;-0.0029;0.6683;-1.4342;0.5695;25.824331
1283;1432;-0.0029;0.6691;-1.4346;0.5728;25.824332
1283;1433;-0.0029;0.6697;-1.4348;0.5638;25.824333
1283;1434;-0.0029;0.6701;-1.4345;0.5431;25.824334
1283;1435;-0.0029;0.6706;-1.4343;0.5291;25.824335
1283;1436;-0.0029;0.6714;-1.4350;0.5283;25.824336
1283;1437;-0.0029;0.6720;-1.4350;0.5349;25.824337
1283;1438;-0.0029;0.6723;-1.4345;0.5382;25.824338
1283;1439;-0.0029;0.6727;-1.4343;0.5316;25.824339
1283;1440;-0.0029;0.6732;-1.4342;0.5225;25.824340
1283;1441;-0.0029;0.6738;-1.4342;0.5192;25.824341
1283;1442;-0.0029;0.6741;-1.4338;0.5184;25.824342
1283;1443;-0.0029;0.6744;-1.4333;0.5175;25.824343
1283;1444;-0.0029;0.6750;-1.4336;0.5192;25.824344
1283;1445;-0.0029;0.6759;-1.4342;0.5200;25.824345
1283;1446;-0.0029;0.6768;-1.4350;0.5184;25.824346
1283;1447;-0.0029;0.6774;-1.4352;0.5134;25.824347
1283;1448;-0.0029;0.6778;-1.4348;0.5085;25.824348
1283;1449;-0.0029;0.6783;-1.4348;0.5068;25.824349
1283;1450;-0.0029;0.6787;-1.4344;0.5093;25.824350
1283;1451;-0.0029;0.6793;-1.4346;0.5118;25.824351
1283;1452;-0.0029;0.6802;-1.4352;0.5126;25.824352
1283;1453;-0.0029;0.6809;-1.4357;0.5167;25.824353
1283;1454;-0.0029;0.6817;-1.4363;0.5192;25.824354
1283;1455;-0.0029;0.6819;-1.4357;0.5151;25.824355
1283;1456;-0.0029;0.6823;-1.4352;0.5076;25.824356
1283;1457;-0.0029;0.6827;-1.4350;0.4994;25.824357
1283;1458;-0.0029;0.6833;-1.4350;0.4936;25.824358
1283;1459;-0.0029;0.6837;-1.4349;0.4853;25.824359
1283;1460;-0.0029;0.6841;-1.4346;0.4779;25.824360
1283;1461;-0.0029;0.6845;-1.4342;0.4763;25.824361
1283;1462;-0.0029;0.6852;-1.4346;0.4730;25.824362
1283;1463;-0.0029;0.6858;-1.4348;0.4623;25.824363
1283;1464;-0.0029;0.6863;-1.4345;0.4541;25.824364
1283;1465;-0.0029;0.6867;-1.4341;0.4476;25.824365
1283;1466;-0.0029;0.6874;-1.4346;0.4418;25.824366
1283;1467;-0.0029;0.6881;-1.4348;0.4402;25.824367
1283;1468;-0.0029;0.6883;-1.4344;0.4394;25.824368
1283;1469;-0.0029;0.6888;-1.4342;0.4345;25.824369
1283;1470;-0.0029;0.6894;-1.4344;0.4263;25.824370
1283;1471;-0.0029;0.6900;-1.4344;0.4197;25.824371
1283;1472;-0.0029;0.6906;-1.4346;0.4255;25.824372
1283;1473;-0.0029;0.6909;-1.4339;0.4402;25.824373
1283;1474;-0.0029;0.6913;-1.4338;0.4541;25.824374
1283;1475;-0.0029;0.6919;-1.4339;0.4574;25.824375
1283;1476;-0.0029;0.6922;-1.4334;0.4582;25.824376
1283;1477;-0.0029;0.6927;-1.4333;0.4566;25.824377
1283;1478;-0.0029;0.6936;-1.4339;0.4500;25.824378
1283;1479;-0.0029;0.6944;-1.4346;0.4443;25.824379
1283;1480;-0.0029;0.6950;-1.4346;0.4435;25.824380
1283;1481;-0.0029;0.6952;-1.4341;0.4476;25.824381
1283;1482;-0.0029;0.6958;-1.4340;0.4492;25.824382
1283;1483;-0.0029;0.6964;-1.4341;0.4468;25.824383
1283;1484;-0.0029;0.6973;-1.4349;0.4418;25.824384
1283;1485;-0.0029;0.6978;-1.4348;0.4378;25.824385
1283;1486;-0.0029;0.6983;-1.4347;0.4386;25.824386
1283;1487;-0.0029;0.6993;-1.4355;0.4443;25.824387
1283;1488;-0.0029;0.6997;-1.4353;0.4533;25.824388
1283;1489;-0.0029;0.7001;-1.4349;0.4648;25.824389
1283;1490;-0.0029;0.7003;-1.4345;0.4771;25.824390
1283;1491;-0.0029;0.7005;-1.4337;0.4845;25.824391
1283;1492;-0.0029;0.7010;-1.4336;0.4853;25.824392
1283;1493;-0.0029;0.7018;-1.4340;0.4845;25.824393
1283;1494;-0.0029;0.7025;-1.4345;0.4878;25.824394
1283;1495;-0.0029;0.7033;-1.4349;0.4927;25.824395
1283;1496;-0.0029;0.7038;-1.4349;0.4943;25.824396
1283;1497;-0.0029;0.7046;-1.4352;0.4943;25.824397
1283;1498;-0.0029;0.7049;-1.4349;0.4919;25.824398
1283;1499;-0.0029;0.7052;-1.4343;0.4943;25.824399
1283;1500;-0.0029;0.7057;-1.4342;0.5066;25.824400
1283;1501;-0.0029;0.7063;-1.4344;0.5238;25.824401
1283;1502;-0.0029;0.7072;-1.4350;0.5386;25.824402
1283;1503;-0.0029;0.7077;-1.4350;0.5423;25.824403
1283;1504;-0.0029;0.7082;-1.4348;0.5390;25.824404
1283;1505;-0.0029;0.7087;-1.4348;0.5317;25.824405
1283;1506;-0.0029;0.7090;-1.4342;0.5320;25.824406
1283;1507;-0.0029;0.7095;-1.4343;0.5309;25.824407
1283;1508;-0.0029;0.7103;-1.4345;0.5366;25.824408
1283;1509;-0.0029;0.7108;-1.4347;0.5439;25.824409
1283;1510;-0.0029;0.7115;-1.4349;0.5488;25.824410
1283;1511;-0.0029;0.7121;-1.4350;0.5545;25.824411
1283;1512;-0.0029;0.7130;-1.4357;0.5659;25.824412
1283;1513;-0.0029;0.7138;-1.4363;0.5748;25.824413
1283;1514;-0.0029;0.7139;-1.4354;0.5789;25.824414
1283;1515;-0.0029;0.7141;-1.4346;0.5814;25.824415
1283;1516;-0.0029;0.7142;-1.4338;0.5838;25.824416
1283;1517;-0.0029;0.7150;-1.4342;0.5862;25.824417
1283;1518;-0.0029;0.7157;-1.4346;0.5879;25.824418
1283;1519;-0.0029;0.7163;-1.4346;0.5911;25.824419
1283;1520;-0.0029;0.7169;-1.4347;0.5976;25.824420
1283;1521;-0.0029;0.7174;-1.4346;0.6017;25.824421
1283;1522;-0.0029;0.7180;-1.4347;0.6074;25.824422
1283;1523;-0.0029;0.7186;-1.4349;0.6107;25.824423
1283;1524;-0.0029;0.7191;-1.4346;0.6123;25.824424
1283;1525;-0.0029;0.7196;-1.4347;0.6115;25.824425
1283;1526;-0.0029;0.7202;-1.4346;0.6058;25.824426
1283;1527;-0.0029;0.7207;-1.4346;0.6042;25.824427
1283;1528;-0.0029;0.7214;-1.4348;0.6025;25.824428
1283;1529;-0.0029;0.7218;-1.4346;0.5976;25.824429
1283;1530;-0.0029;0.7224;-1.4345;0.5911;25.824430
1283;1531;-0.0029;0.7228;-1.4344;0.5862;25.824431
1283;1532;-0.0029;0.7231;-1.4339;0.5846;25.824432
1283;1533;-0.0029;0.7236;-1.4339;0.5854;25.824433
1283;1534;-0.0029;0.7242;-1.4339;0.5871;25.824434
1283;1535;-0.0029;0.7250;-1.4343;0.5903;25.824435
1283;1536;-0.0029;0.7257;-1.4347;0.5968;25.824436
1283;1537;-0.0029;0.7261;-1.4342;0.6074;25.824437
1283;1538;-0.0029;0.7260;-1.4331;0.6180;25.824438
1283;1539;-0.0029;0.7262;-1.4324;0.6213;25.824439
1283;1540;-0.0029;0.7274;-1.4336;0.6164;25.824440
1283;1541;-0.0029;0.7284;-1.4346;0.6090;25.824441
1283;1542;-0.0029;0.7292;-1.4350;0.6017;25.824442
1283;1543;-0.0029;0.7298;-1.4350;0.5944;25.824443
1283;1544;-0.0029;0.7300;-1.4344;0.5879;25.824444
1283;1545;-0.0029;0.7306;-1.4345;0.5854;25.824445
1283;1546;-0.0029;0.7312;-1.4348;0.5777;25.824446
1283;1547;-0.0029;0.7316;-1.4343;0.5777;25.824447
1283;1548;-0.0029;0.7321;-1.4343;0.5857;25.824448
1283;1549;-0.0029;0.7327;-1.4342;0.5930;25.824449
1283;1550;-0.0029;0.7332;-1.4343;0.5979;25.824450
1283;1551;-0.0029;0.7339;-1.4344;0.6052;25.824451
1283;1552;-0.0029;0.7342;-1.4340;0.6149;25.824452
1283;1553;-0.0029;0.7349;-1.4342;0.6230;25.824453
1283;1554;-0.0029;0.7355;-1.4344;0.6205;25.824454
1283;1555;-0.0029;0.7361;-1.4344;0.6084;25.824455
1283;1556;-0.0030;0.7367;-1.4345;0.5963;25.824456
1283;1557;-0.0029;0.7372;-1.4343;0.5890;25.824457
1283;1558;-0.0029;0.7377;-1.4343;0.5890;25.824458
1283;1559;-0.0030;0.7383;-1.4345;0.5930;25.824459
1283;1560;-0.0029;0.7390;-1.4347;0.5979;25.824460
1283;1561;-0.0029;0.7397;-1.4348;0.6035;25.824461
1283;1562;-0.0030;0.7401;-1.4347;0.6084;25.824462
1283;1563;-0.0029;0.7409;-1.4351;0.6108;25.824463
1283;1564;-0.0029;0.7414;-1.4350;0.6076;25.824464
1283;1565;-0.0030;0.7417;-1.4345;0.6068;25.824465
1283;1566;-0.0029;0.7422;-1.4343;0.6076;25.824466
1283;1567;-0.0029;0.7427;-1.4342;0.6084;25.824467
1283;1568;-0.0030;0.7435;-1.4348;0.6100;25.824468
1283;1569;-0.0030;0.7443;-1.4351;0.6108;25.824469
1283;1570;-0.0029;0.7448;-1.4351;0.6173;25.824470
1283;1571;-0.0030;0.7454;-1.4351;0.6254;25.824471
1283;1572;-0.0030;0.7458;-1.4348;0.6262;25.824472
1283;1573;-0.0029;0.7462;-1.4346;0.6246;25.824473
1283;1574;-0.0030;0.7467;-1.4343;0.6254;25.824474
1283;1575;-0.0030;0.7473;-1.4344;0.6319;25.824475
1283;1576;-0.0029;0.7480;-1.4348;0.6359;25.824476
1283;1577;-0.0030;0.7484;-1.4346;0.6335;25.824477
1283;1578;-0.0030;0.7491;-1.4346;0.6294;25.824478
1283;1579;-0.0030;0.7497;-1.4349;0.6270;25.824479
1283;1580;-0.0030;0.7500;-1.4343;0.6270;25.824480
1283;1581;-0.0030;0.7504;-1.4340;0.6302;25.824481
1283;1582;-0.0030;0.7511;-1.4342;0.6319;25.824482
1283;1583;-0.0030;0.7517;-1.4344;0.6294;25.824483
1283;1584;-0.0030;0.7524;-1.4345;0.6246;25.824484
1283;1585;-0.0030;0.7527;-1.4341;0.6213;25.824485
1283;1586;-0.0030;0.7533;-1.4342;0.6199;25.824486
1283;1587;-0.0030;0.7538;-1.4341;0.6231;25.824487
1283;1588;-0.0030;0.7544;-1.4342;0.6263;25.824488
1283;1589;-0.0030;0.7550;-1.4343;0.6247;25.824489
1283;1590;-0.0030;0.7555;-1.4342;0.6167;25.824490
1283;1591;-0.0030;0.7560;-1.4342;0.6094;25.824491
1283;1592;-0.0030;0.7566;-1.4342;0.6046;25.824492
1283;1593;-0.0030;0.7574;-1.4345;0.6070;25.824493
1283;1594;-0.0030;0.7581;-1.4347;0.6094;25.824494
1283;1595;-0.0030;0.7585;-1.4345;0.6094;25.824495
1283;1596;-0.0030;0.7591;-1.4347;0.6151;25.824496
1283;1597;-0.0030;0.7601;-1.4352;0.6159;25.824497
1283;1598;-0.0030;0.7606;-1.4352;0.6159;25.824498
1283;1599;-0.0030;0.7608;-1.4346;0.6223;25.824499
1283;1600;-0.0030;0.7611;-1.4341;0.6336;25.824500
1283;1601;-0.0030;0.7620;-1.4347;0.6496;25.824501
1283;1602;-0.0030;0.7628;-1.4351;0.6545;25.824502
1283;1603;-0.0030;0.7632;-1.4348;0.6456;25.824503
1283;1604;-0.0030;0.7638;-1.4348;0.6344;25.824504
1283;1605;-0.0030;0.7643;-1.4348;0.6255;25.824505
1283;1606;-0.0030;0.7648;-1.4345;0.6223;25.824506
1283;1607;-0.0030;0.7651;-1.4341;0.6175;25.824507
1283;1608;-0.0030;0.7656;-1.4341;0.6167;25.824508
1283;1609;-0.0030;0.7665;-1.4346;0.6247;25.824509
1283;1610;-0.0030;0.7670;-1.4345;0.6319;25.824510
1283;1611;-0.0030;0.7675;-1.4344;0.6303;25.824511
1283;1612;-0.0030;0.7683;-1.4348;0.6255;25.824512
1283;1613;-0.0030;0.7689;-1.4349;0.6231;25.824513
1283;1614;-0.0030;0.7693;-1.4347;0.6215;25.824514
1283;1615;-0.0030;0.7697;-1.4343;0.6159;25.824515
1283;1616;-0.0030;0.7702;-1.4342;0.6191;25.824516
1283;1617;-0.0030;0.7711;-1.4347;0.6344;25.824517
1283;1618;-0.0030;0.7717;-1.4348;0.6520;25.824518
1283;1619;-0.0030;0.7724;-1.4350;0.6657;25.824519
1283;1620;-0.0030;0.7729;-1.4351;0.6617;25.824520
1283;1621;-0.0030;0.7734;-1.4349;0.6505;25.824521
1283;1622;-0.0030;0.7740;-1.4349;0.6393;25.824522
1283;1623;-0.0030;0.7744;-1.4346;0.6345;25.824523
1283;1624;-0.0030;0.7748;-1.4345;0.6353;25.824524
1283;1625;-0.0030;0.7756;-1.4347;0.6321;25.824525
1283;1626;-0.0030;0.7758;-1.4341;0.6281;25.824526
1283;1627;-0.0030;0.7765;-1.4343;0.6305;25.824527
1283;1628;-0.0030;0.7770;-1.4341;0.6409;25.824528
1283;1629;-0.0030;0.7775;-1.4340;0.6489;25.824529
1283;1630;-0.0030;0.7783;-1.4344;0.6433;25.824530
1283;1631;-0.0030;0.7789;-1.4345;0.6297;25.824531
1283;1632;-0.0030;0.7794;-1.4344;0.6201;25.824532
1283;1633;-0.0030;0.7798;-1.4341;0.6233;25.824533
1283;1634;-0.0030;0.7805;-1.4342;0.6345;25.824534
1283;1635;-0.0030;0.7814;-1.4350;0.6377;25.824535
1283;1636;-0.0030;0.7821;-1.4350;0.6337;25.824536
1283;1637;-0.0030;0.7824;-1.4348;0.6289;25.824537
1283;1638;-0.0030;0.7829;-1.4345;0.6233;25.824538
1283;1639;-0.0030;0.7832;-1.4341;0.6241;25.824539
1283;1640;-0.0030;0.7838;-1.4340;0.6281;25.824540
1283;1641;-0.0030;0.7844;-1.4341;0.6257;25.824541
1283;1642;-0.0030;0.7851;-1.4343;0.6225;25.824542
1283;1643;-0.0030;0.7857;-1.4344;0.6217;25.824543
1283;1644;-0.0030;0.7862;-1.4343;0.6281;25.824544
1283;1645;-0.0030;0.7868;-1.4344;0.6361;25.824545
1283;1646;-0.0030;0.7873;-1.4342;0.6425;25.824546
1283;1647;-0.0030;0.7880;-1.4344;0.6433;25.824547
1283;1648;-0.0030;0.7887;-1.4347;0.6321;25.824548
1283;1649;-0.0030;0.7893;-1.4348;0.6217;25.824549
1283;1650;-0.0030;0.7900;-1.4349;0.6161;25.824550
1283;1651;-0.0030;0.7902;-1.4343;0.6137;25.824551
1283;1652;-0.0030;0.7907;-1.4342;0.6185;25.824552
1283;1653;-0.0030;0.7912;-1.4340;0.6313;25.824553
1283;1654;-0.0030;0.7917;-1.4339;0.6473;25.824554
1283;1655;-0.0030;0.7926;-1.4344;0.6585;25.824555
1283;1656;-0.0030;0.7933;-1.4346;0.6657;25.824556
1283;1657;-0.0030;0.7940;-1.4349;0.6745;25.824557
1283;1658;-0.0030;0.7947;-1.4350;0.6713;25.824558
1283;1659;-0.0030;0.7950;-1.4346;0.6617;25.824559
1283;1660;-0.0030;0.7956;-1.4347;0.6546;25.824560
1283;1661;-0.0030;0.7962;-1.4347;0.6506;25.824561
1283;1662;-0.0030;0.7967;-1.4347;0.6458;25.824562
1283;1663;-0.0030;0.7971;-1.4344;0.6379;25.824563
1283;1664;-0.0030;0.7974;-1.4338;0.6371;25.824564
1283;1665;-0.0030;0.7981;-1.4341;0.6403;25.824565
1283;1666;-0.0030;0.7988;-1.4343;0.6355;25.824566
1283;1667;-0.0030;0.7994;-1.4342;0.6276;25.824567
1283;1668;-0.0030;0.7998;-1.4341;0.6236;25.824568
1283;1669;-0.0030;0.8006;-1.4344;0.6244;25.824569
1283;1670;-0.0030;0.8015;-1.4350;0.6315;25.824570
1283;1671;-0.0030;0.8023;-1.4352;0.6363;25.824571
1283;1672;-0.0030;0.8027;-1.4350;0.6403;25.824572
1283;1673;-0.0030;0.8032;-1.4348;0.6395;25.824573
1283;1674;-0.0030;0.8037;-1.4348;0.6379;25.824574
1283;1675;-0.0030;0.8042;-1.4345;0.6379;25.824575
1283;1676;-0.0030;0.8046;-1.4343;0.6363;25.824576
1283;1677;-0.0030;0.8052;-1.4342;0.6387;25.824577
1283;1678;-0.0030;0.8057;-1.4343;0.6411;25.824578
1283;1679;-0.0030;0.8064;-1.4343;0.6395;25.824579
1283;1680;-0.0030;0.8070;-1.4345;0.6371;25.824580
1283;1681;-0.0030;0.8077;-1.4346;0.6315;25.824581
1283;1682;-0.0030;0.8079;-1.4340;0.6260;25.824582
1283;1683;-0.0030;0.8085;-1.4339;0.6244;25.824583
1283;1684;-0.0030;0.8089;-1.4337;0.6315;25.824584
1283;1685;-0.0030;0.8096;-1.4339;0.6490;25.824585
1283;1686;-0.0030;0.8103;-1.4340;0.6625;25.824586
1283;1687;-0.0030;0.8110;-1.4344;0.6617;25.824587
1283;1688;-0.0030;0.8120;-1.4350;0.6538;25.824588
1283;1689;-0.0030;0.8125;-1.4349;0.6474;25.824589
1283;1690;-0.0030;0.8129;-1.4344;0.6514;25.824590
1283;1691;-0.0030;0.8134;-1.4344;0.6594;25.824591
1283;1692;-0.0030;0.8141;-1.4346;0.6633;25.824592
1283;1693;-0.0030;0.8151;-1.4353;0.6619;25.824593
1283;1694;-0.0030;0.8156;-1.4352;0.6611;25.824594
1283;1695;-0.0030;0.8158;-1.4344;0.6603;25.824595
1283;1696;-0.0030;0.8162;-1.4342;0.6548;25.824596
1283;1697;-0.0030;0.8171;-1.4347;0.6469;25.824597
1283;1698;-0.0030;0.8177;-1.4349;0.6406;25.824598
1283;1699;-0.0030;0.8182;-1.4345;0.6398;25.824599
1283;1700;-0.0030;0.8184;-1.4342;0.6485;25.824600
1283;1701;-0.0030;0.8190;-1.4341;0.6587;25.824601
1283;1702;-0.0030;0.8196;-1.4341;0.6611;25.824602
1283;1703;-0.0030;0.8203;-1.4342;0.6627;25.824603
1283;1704;-0.0030;0.8210;-1.4345;0.6666;25.824604
1283;1705;-0.0030;0.8214;-1.4341;0.6769;25.824605
1283;1706;-0.0030;0.8220;-1.4341;0.6817;25.824606
1283;1707;-0.0030;0.8227;-1.4344;0.6801;25.824607
1283;1708;-0.0030;0.8234;-1.4345;0.6745;25.824608
1283;1709;-0.0030;0.8240;-1.4346;0.6643;25.824609
1283;1710;-0.0030;0.8245;-1.4344;0.6595;25.824610
1283;1711;-0.0030;0.8250;-1.4344;0.6619;25.824611
1283;1712;-0.0030;0.8256;-1.4343;0.6627;25.824612
1283;1713;-0.0030;0.8261;-1.4344;0.6587;25.824613
1283;1714;-0.0030;0.8266;-1.4341;0.6548;25.824614
1283;1715;-0.0030;0.8271;-1.4340;0.6603;25.824615
1283;1716;-0.0030;0.8279;-1.4342;0.6690;25.824616
1283;1717;-0.0030;0.8282;-1.4339;0.6722;25.824617
1283;1718;-0.0030;0.8287;-1.4337;0.6745;25.824618
1283;1719;-0.0030;0.8294;-1.4339;0.6769;25.824619
1283;1720;-0.0030;0.8300;-1.4339;0.6769;25.824620
1283;1721;-0.0030;0.8308;-1.4343;0.6722;25.824621
1283;1722;-0.0030;0.8314;-1.4344;0.6611;25.824622
1283;1723;-0.0030;0.8320;-1.4342;0.6548;25.824623
1283;1724;-0.0030;0.8327;-1.4345;0.6556;25.824624
1283;1725;-0.0030;0.8332;-1.4342;0.6619;25.824625
1283;1726;-0.0030;0.8337;-1.4342;0.6659;25.824626
1283;1727;-0.0030;0.8345;-1.4345;0.6659;25.824627
1283;1728;-0.0030;0.8351;-1.4345;0.6643;25.824628
1283;1729;-0.0030;0.8355;-1.4342;0.6611;25.824629
1283;1730;-0.0030;0.8359;-1.4338;0.6587;25.824630
1283;1731;-0.0030;0.8366;-1.4341;0.6591;25.824631
1283;1732;-0.0030;0.8375;-1.4345;0.6614;25.824632
1283;1733;-0.0030;0.8380;-1.4344;0.6606;25.824633
1283;1734;-0.0030;0.8386;-1.4343;0.6543;25.824634
1283;1735;-0.0030;0.8391;-1.4344;0.6512;25.824635
1283;1736;-0.0030;0.8397;-1.4342;0.6583;25.824636
1283;1737;-0.0030;0.8402;-1.4342;0.6685;25.824637
1283;1738;-0.0030;0.8408;-1.4341;0.6771;25.824638
1283;1739;-0.0030;0.8417;-1.4347;0.6803;25.824639
1283;1740;-0.0030;0.8423;-1.4348;0.6763;25.824640
1283;1741;-0.0030;0.8427;-1.4345;0.6779;25.824641
1283;1742;-0.0030;0.8435;-1.4347;0.6803;25.824642
1283;1743;-0.0030;0.8442;-1.4348;0.6771;25.824643
1283;1744;-0.0030;0.8448;-1.4349;0.6740;25.824644
1283;1745;-0.0030;0.8452;-1.4345;0.6748;25.824645
1283;1746;-0.0030;0.8453;-1.4338;0.6826;25.824646
1283;1747;-0.0030;0.8459;-1.4337;0.6850;25.824647
1283;1748;-0.0030;0.8469;-1.4345;0.6795;25.824648
1283;1749;-0.0030;0.8479;-1.4351;0.6685;25.824649
1283;1750;-0.0030;0.8485;-1.4352;0.6559;25.824650
1283;1751;-0.0030;0.8490;-1.4349;0.6551;25.824651
1283;1752;-0.0030;0.8495;-1.4349;0.6598;25.824652
1283;1753;-0.0030;0.8498;-1.4344;0.6645;25.824653
1283;1754;-0.0030;0.8504;-1.4343;0.6700;25.824654
1283;1755;-0.0030;0.8510;-1.4343;0.6693;25.824655
1283;1756;-0.0030;0.8514;-1.4341;0.6669;25.824656
1283;1757;-0.0030;0.8518;-1.4336;0.6645;25.824657
1283;1758;-0.0030;0.8524;-1.4337;0.6677;25.824658
1283;1759;-0.0030;0.8533;-1.4342;0.6755;25.824659
1283;1760;-0.0030;0.8542;-1.4347;0.6779;25.824660
1283;1761;-0.0030;0.8548;-1.4349;0.6697;25.824661
1283;1762;-0.0030;0.8555;-1.4349;0.6627;25.824662
1283;1763;-0.0030;0.8559;-1.4345;0.6596;25.824663
1283;1764;-0.0030;0.8566;-1.4347;0.6643;25.824664
1283;1765;-0.0030;0.8571;-1.4346;0.6658;25.824665
1283;1766;-0.0030;0.8574;-1.4340;0.6658;25.824666
1283;1767;-0.0030;0.8580;-1.4341;0.6666;25.824667
1283;1768;-0.0030;0.8588;-1.4344;0.6721;25.824668
1283;1769;-0.0030;0.8594;-1.4344;0.6838;25.824669
1283;1770;-0.0030;0.8600;-1.4345;0.6924;25.824670
1283;1771;-0.0030;0.8605;-1.4343;0.6932;25.824671
1283;1772;-0.0030;0.8614;-1.4347;0.6877;25.824672
1283;1773;-0.0030;0.8619;-1.4346;0.6815;25.824673
1283;1774;-0.0030;0.8625;-1.4347;0.6807;25.824674
1283;1775;-0.0030;0.8634;-1.4351;0.6776;25.824675
1283;1776;-0.0030;0.8638;-1.4349;0.6713;25.824676
1283;1777;-0.0030;0.8642;-1.4344;0.6666;25.824677
1283;1778;-0.0030;0.8647;-1.4344;0.6604;25.824678
1283;1779;-0.0030;0.8652;-1.4341;0.6604;25.824679
1283;1780;-0.0030;0.8656;-1.4339;0.6651;25.824680
1283;1781;-0.0030;0.8664;-1.4342;0.6658;25.824681
1283;1782;-0.0030;0.8669;-1.4340;0.6682;25.824682
1283;1783;-0.0030;0.8673;-1.4337;0.6697;25.824683
1283;1784;-0.0030;0.8678;-1.4334;0.6760;25.824684
1283;1785;-0.0030;0.8686;-1.4338;0.6783;25.824685
1283;1786;-0.0030;0.8693;-1.4340;0.6752;25.824686
1283;1787;-0.0030;0.8702;-1.4345;0.6690;25.824687
1283;1788;-0.0030;0.8709;-1.4345;0.6627;25.824688
1283;1789;-0.0030;0.8712;-1.4341;0.6619;25.824689
1283;1790;-0.0030;0.8718;-1.4342;0.6635;25.824690
1283;1791;-0.0030;0.8726;-1.4345;0.6651;25.824691
1283;1792;-0.0030;0.8733;-1.4346;0.6690;25.824692
1283;1793;-0.0030;0.8740;-1.4348;0.6696;25.824693
1283;1794;-0.0030;0.8746;-1.4348;0.6711;25.824694
1283;1795;-0.0030;0.8753;-1.4349;0.6727;25.824695
1283;1796;-0.0030;0.8757;-1.4347;0.6773;25.824696
1283;1797;-0.0030;0.8763;-1.4346;0.6820;25.824697
1283;1798;-0.0030;0.8771;-1.4349;0.6789;25.824698
1283;1799;-0.0030;0.8776;-1.4346;0.6781;25.824699
1283;1800;-0.0030;0.8781;-1.4346;0.6750;25.824700
1283;1801;-0.0030;0.8786;-1.4343;0.6633;25.824701
1283;1802;-0.0030;0.8791;-1.4343;0.6563;25.824702
1283;1803;-0.0030;0.8798;-1.4343;0.6532;25.824703
1283;1804;-0.0030;0.8803;-1.4342;0.6548;25.824704
1283;1805;-0.0030;0.8811;-1.4346;0.6618;25.824705
1283;1806;-0.0030;0.8819;-1.4349;0.6649;25.824706
1283;1807;-0.0030;0.8825;-1.4348;0.6672;25.824707
1283;1808;-0.0030;0.8829;-1.4346;0.6680;25.824708
1283;1809;-0.0030;0.8833;-1.4343;0.6680;25.824709
1283;1810;-0.0030;0.8838;-1.4340;0.6719;25.824710
1283;1811;-0.0030;0.8847;-1.4344;0.6742;25.824711
1283;1812;-0.0030;0.8856;-1.4349;0.6766;25.824712
1283;1813;-0.0030;0.8863;-1.4350;0.6758;25.824713
1283;1814;-0.0030;0.8867;-1.4348;0.6781;25.824714
1283;1815;-0.0030;0.8872;-1.4347;0.6836;25.824715
1283;1816;-0.0030;0.8880;-1.4348;0.6836;25.824716
1283;1817;-0.0030;0.8885;-1.4347;0.6804;25.824717
1283;1818;-0.0030;0.8893;-1.4350;0.6750;25.824718
1283;1819;-0.0030;0.8900;-1.4351;0.6696;25.824719
1283;1820;-0.0030;0.8904;-1.4348;0.6696;25.824720
1283;1821;-0.0030;0.8910;-1.4347;0.6758;25.824721
1283;1822;-0.0030;0.8914;-1.4345;0.6874;25.824722
1283;1823;-0.0030;0.8921;-1.4346;0.6944;25.824723
1283;1824;-0.0030;0.8928;-1.4347;0.6952;25.824724
1283;1825;-0.0030;0.8933;-1.4345;0.6960;25.824725
1283;1826;-0.0030;0.8937;-1.4342;0.6929;25.824726
1283;1827;-0.0030;0.8942;-1.4341;0.6850;25.824727
1283;1828;-0.0030;0.8948;-1.4341;0.6811;25.824728
1283;1829;-0.0030;0.8956;-1.4343;0.6757;25.824729
1283;1830;-0.0030;0.8961;-1.4341;0.6718;25.824730
1283;1831;-0.0030;0.8971;-1.4348;0.6687;25.824731
1283;1832;-0.0030;0.8980;-1.4353;0.6711;25.824732
1283;1833;-0.0030;0.8985;-1.4350;0.6741;25.824733
1283;1834;-0.0030;0.8989;-1.4347;0.6757;25.824734
1283;1835;-0.0030;0.8995;-1.4347;0.6788;25.824735
1283;1836;-0.0030;0.9002;-1.4347;0.6765;25.824736
1283;1837;-0.0030;0.9001;-1.4337;0.6711;25.824737
1283;1838;-0.0030;0.9005;-1.4333;0.6687;25.824738
1283;1839;-0.0030;0.9012;-1.4336;0.6726;25.824739
1283;1840;-0.0030;0.9019;-1.4337;0.6858;25.824740
1283;1841;-0.0030;0.9026;-1.4338;0.6950;25.824741
1283;1842;-0.0030;0.9033;-1.4338;0.6958;25.824742
1283;1843;-0.0030;0.9039;-1.4338;0.6920;25.824743
1283;1844;-0.0030;0.9049;-1.4345;0.6850;25.824744
1283;1845;-0.0030;0.9057;-1.4348;0.6796;25.824745
1283;1846;-0.0030;0.9065;-1.4351;0.6734;25.824746
1283;1847;-0.0030;0.9071;-1.4351;0.6718;25.824747
1283;1848;-0.0030;0.9076;-1.4348;0.6772;25.824748
1283;1849;-0.0030;0.9081;-1.4347;0.6811;25.824749
1283;1850;-0.0030;0.9086;-1.4346;0.6819;25.824750
1283;1851;-0.0030;0.9093;-1.4346;0.6842;25.824751
1283;1852;-0.0030;0.9098;-1.4345;0.6858;25.824752
1283;1853;-0.0030;0.9103;-1.4343;0.6842;25.824753
1283;1854;-0.0030;0.9110;-1.4345;0.6718;25.824754
1283;1855;-0.0030;0.9120;-1.4350;0.6626;25.824755
1283;1856;-0.0030;0.9125;-1.4349;0.6711;25.824756
1283;1857;-0.0030;0.9129;-1.4344;0.6819;25.824757
1283;1858;-0.0030;0.9132;-1.4340;0.6888;25.824758
1283;1859;-0.0030;0.9138;-1.4340;0.6873;25.824759
1283;1860;-0.0030;0.9143;-1.4337;0.6811;25.824760
1283;1861;-0.0030;0.9150;-1.4339;0.6796;25.824761
1283;1862;-0.0030;0.9159;-1.4344;0.6811;25.824762
1283;1863;-0.0030;0.9166;-1.4345;0.6834;25.824763
1283;1864;-0.0030;0.9173;-1.4345;0.6811;25.824764
1283;1865;-0.0030;0.9177;-1.4342;0.6811;25.824765
1283;1866;-0.0030;0.9182;-1.4341;0.6827;25.824766
1283;1867;-0.0030;0.9191;-1.4344;0.6819;25.824767
1283;1868;-0.0030;0.9198;-1.4346;0.6827;25.824768
1283;1869;-0.0030;0.9205;-1.4348;0.6834;25.824769
1283;1870;-0.0030;0.9211;-1.4346;0.6873;25.824770
1283;1871;-0.0030;0.9218;-1.4348;0.6919;25.824771
1283;1872;-0.0030;0.9223;-1.4348;0.6912;25.824772
1283;1873;-0.0030;0.9228;-1.4344;0.6904;25.824773
1283;1874;-0.0030;0.9236;-1.4347;0.6888;25.824774
1283;1875;-0.0030;0.9245;-1.4351;0.6850;25.824775
1283;1876;-0.0030;0.9252;-1.4353;0.6888;25.824776
1283;1877;-0.0030;0.9258;-1.4352;0.6950;25.824777
1283;1878;-0.0030;0.9260;-1.4346;0.7019;25.824778
1283;1879;-0.0030;0.9266;-1.4345;0.7089;25.824779
1283;1880;-0.0030;0.9272;-1.4346;0.7158;25.824780
1283;1881;-0.0030;0.9280;-1.4347;0.7212;25.824781
1283;1882;-0.0030;0.9289;-1.4354;0.7204;25.824782
1283;1883;-0.0030;0.9295;-1.4352;0.7204;25.824783
1283;1884;-0.0030;0.9297;-1.4346;0.7266;25.824784
1283;1885;-0.0030;0.9303;-1.4345;0.7351;25.824785
1283;1886;-0.0030;0.9312;-1.4350;0.7358;25.824786
1283;1887;-0.0030;0.9320;-1.4351;0.7366;25.824787
1283;1888;-0.0030;0.9323;-1.4346;0.7466;25.824788
1283;1889;-0.0030;0.9329;-1.4347;0.7658;25.824789
1283;1890;-0.0030;0.9339;-1.4351;0.7819;25.824790
1283;1891;-0.0030;0.9344;-1.4350;0.7926;25.824791
1283;1892;-0.0030;0.9348;-1.4347;0.7988;25.824792
1283;1893;-0.0030;0.9353;-1.4346;0.8011;25.824793
1283;1894;-0.0030;0.9361;-1.4347;0.8049;25.824794
1283;1895;-0.0030;0.9369;-1.4350;0.8041;25.824795
1283;1896;-0.0030;0.9376;-1.4350;0.8080;25.824796
1283;1897;-0.0030;0.9382;-1.4350;0.8133;25.824797
1283;1898;-0.0030;0.9386;-1.4347;0.8087;25.824798
1283;1899;-0.0030;0.9391;-1.4344;0.8011;25.824799
1283;1900;-0.0030;0.9396;-1.4343;0.7911;25.824800
1283;1901;-0.0030;0.9400;-1.4340;0.7834;25.824801
1283;1902;-0.0030;0.9407;-1.4341;0.7781;25.824802
1283;1903;-0.0030;0.9416;-1.4344;0.7734;25.824803
1283;1904;-0.0030;0.9422;-1.4345;0.7711;25.824804
1283;1905;-0.0030;0.9428;-1.4344;0.7681;25.824805
1283;1906;-0.0030;0.9432;-1.4341;0.7627;25.824806
1283;1907;-0.0030;0.9438;-1.4340;0.7550;25.824807
1283;1908;-0.0030;0.9446;-1.4343;0.7497;25.824808
1283;1909;-0.0030;0.9454;-1.4345;0.7489;25.824809
1283;1910;-0.0030;0.9463;-1.4348;0.7474;25.824810
1283;1911;-0.0030;0.9468;-1.4348;0.7451;25.824811
1283;1912;-0.0030;0.9473;-1.4345;0.7420;25.824812
1283;1913;-0.0030;0.9477;-1.4342;0.7335;25.824813
1283;1914;-0.0030;0.9483;-1.4341;0.7289;25.824814
1283;1915;-0.0030;0.9493;-1.4346;0.7246;25.824815
1283;1916;-0.0030;0.9501;-1.4349;0.7223;25.824816
1283;1917;-0.0030;0.9508;-1.4351;0.7254;25.824817
1283;1918;-0.0030;0.9514;-1.4349;0.7330;25.824818
1283;1919;-0.0030;0.9518;-1.4346;0.7407;25.824819
1283;1920;-0.0030;0.9525;-1.4348;0.7422;25.824820
1283;1921;-0.0030;0.9531;-1.4347;0.7399;25.824821
1283;1922;-0.0030;0.9538;-1.4347;0.7429;25.824822
1283;1923;-0.0030;0.9544;-1.4346;0.7452;25.824823
1283;1924;-0.0030;0.9549;-1.4345;0.7514;25.824824
1283;1925;-0.0030;0.9555;-1.4345;0.7621;25.824825
1283;1926;-0.0030;0.9564;-1.4349;0.7666;25.824826
1283;1927;-0.0030;0.9574;-1.4354;0.7643;25.824827
1283;1928;-0.0030;0.9581;-1.4355;0.7636;25.824828
1283;1929;-0.0030;0.9585;-1.4350;0.7689;25.824829
1283;1930;-0.0030;0.9588;-1.4348;0.7796;25.824830
1283;1931;-0.0030;0.9595;-1.4348;0.7926;25.824831
1283;1932;-0.0030;0.9600;-1.4346;0.8041;25.824832
1283;1933;-0.0030;0.9608;-1.4348;0.8087;25.824833
1283;1934;-0.0030;0.9615;-1.4349;0.8064;25.824834
1283;1935;-0.0030;0.9622;-1.4350;0.8056;25.824835
1283;1936;-0.0030;0.9630;-1.4352;0.8087;25.824836
1283;1937;-0.0030;0.9636;-1.4352;0.8209;25.824837
1283;1938;-0.0030;0.9643;-1.4353;0.8316;25.824838
1283;1939;-0.0030;0.9650;-1.4353;0.8385;25.824839
1283;1940;-0.0030;0.9655;-1.4350;0.8400;25.824840
1283;1941;-0.0030;0.9660;-1.4350;0.8339;25.824841
1283;1942;-0.0030;0.9667;-1.4350;0.8256;25.824842
1283;1943;-0.0030;0.9674;-1.4352;0.8240;25.824843
1283;1944;-0.0031;0.9678;-1.4347;0.8309;25.824844
1283;1945;-0.0030;0.9683;-1.4345;0.8477;25.824845
1283;1946;-0.0030;0.9691;-1.4347;0.8659;25.824846
1283;1947;-0.0031;0.9699;-1.4350;0.8857;25.824847
1283;1948;-0.0030;0.9707;-1.4352;0.9033;25.824848
1283;1949;-0.0031;0.9713;-1.4351;0.9139;25.824849
1283;1950;-0.0031;0.9718;-1.4350;0.9192;25.824850
1283;1951;-0.0030;0.9725;-1.4349;0.9177;25.824851
1283;1952;-0.0030;0.9728;-1.4346;0.9139;25.824852
1283;1953;-0.0031;0.9737;-1.4349;0.9132;25.824853
1283;1954;-0.0030;0.9743;-1.4348;0.9132;25.824854
1283;1955;-0.0030;0.9747;-1.4345;0.9086;25.824855
1283;1956;-0.0031;0.9753;-1.4344;0.8934;25.824856
1283;1957;-0.0031;0.9757;-1.4341;0.8804;25.824857
1283;1958;-0.0030;0.9763;-1.4340;0.8682;25.824858
1283;1959;-0.0031;0.9768;-1.4338;0.8499;25.824859
1283;1960;-0.0031;0.9775;-1.4339;0.8263;25.824860
1283;1961;-0.0030;0.9782;-1.4340;0.7966;25.824861
1283;1962;-0.0031;0.9784;-1.4332;0.7631;25.824862
1283;1963;-0.0031;0.9790;-1.4332;0.7296;25.824863
1283;1964;-0.0030;0.9801;-1.4338;0.6991;25.824864
1283;1965;-0.0031;0.9804;-1.4335;0.6748;25.824865
1283;1966;-0.0031;0.9807;-1.4329;0.6565;25.824866
1283;1967;-0.0031;0.9809;-1.4324;0.6420;25.824867
1283;1968;-0.0030;0.9815;-1.4322;0.6306;25.824868
1283;1969;-0.0030;0.9820;-1.4320;0.6230;25.824869
1283;1970;-0.0031;0.9824;-1.4316;0.6237;25.824870
1283;1971;-0.0030;0.9828;-1.4314;0.6237;25.824871
1283;1972;-0.0030;0.9833;-1.4310;0.6169;25.824872
1283;1973;-0.0030;0.9833;-1.4301;0.6039;25.824873
1283;1974;-0.0030;0.9833;-1.4293;0.5811;25.824874
1283;1975;-0.0030;0.9834;-1.4285;0.5537;25.824875
1283;1976;-0.0030;0.9841;-1.4284;0.5232;25.824876
1283;1977;-0.0030;0.9844;-1.4279;0.4897;25.824877
1283;1978;-0.0030;0.9842;-1.4268;0.4585;25.824878
1283;1979;-0.0030;0.9841;-1.4256;0.4295;25.824879
1283;1980;-0.0030;0.9838;-1.4243;0.4082;25.824880
1283;1981;-0.0030;0.9835;-1.4228;0.4082;25.824881
1283;1982;-0.0030;0.9826;-1.4207;0.4525;25.824882
1283;1983;-0.0030;0.9817;-1.4184;0.5649;25.824883
1283;1984;-0.0030;0.9816;-1.4173;0.7147;25.824884
1283;1985;-0.0030;0.9822;-1.4174;0.8041;25.824885
1283;1986;-0.0030;0.9832;-1.4178;0.7399;25.824886
1283;1987;-0.0030;0.9840;-1.4181;0.5916;25.824887
1283;1988;-0.0030;0.9848;-1.4182;0.5175;25.824888
1283;1989;-0.0030;0.9858;-1.4187;0.5794;25.824889
1283;1990;-0.0030;0.9871;-1.4196;0.7552;25.824890
1283;1991;-0.0030;0.9883;-1.4205;0.9505;25.824891
1283;1992;-0.0030;0.9891;-1.4207;1.0525;25.824892
1283;1993;-0.0030;0.9892;-1.4201;1.0038;25.824893
1283;1994;-0.0030;0.9895;-1.4194;0.8355;25.824894
1283;1995;-0.0030;0.9894;-1.4184;0.6191;25.824895
1283;1996;-0.0030;0.9884;-1.4160;0.4204;25.824896
1283;1997;-0.0030;0.9863;-1.4121;0.2920;25.824897
1283;1998;-0.0030;0.9842;-1.4081;0.2348;25.824898
1283;1999;-0.0030;0.9831;-1.4056;0.2141;25.824899
1283;2000;-0.0030;0.9828;-1.4043;0.2056;25.824900
1283;2001;-0.0030;0.9829;-1.4034;0.2010;25.824901
1283;2002;-0.0030;0.9827;-1.4024;0.1987;25.824902
1283;2003;-0.0030;0.9826;-1.4013;0.1972;25.824903
1283;2004;-0.0030;0.9824;-1.4001;0.1957;25.824904
1283;2005;-0.0030;0.9821;-1.3986;0.2003;25.824905
1283;2006;-0.0030;0.9817;-1.3974;0.2173;25.824906
1283;2007;-0.0030;0.9814;-1.3960;0.2612;25.824907
1283;2008;-0.0030;0.9810;-1.3945;0.3506;25.824908
1283;2009;-0.0030;0.9811;-1.3937;0.4985;25.824909
1283;2010;-0.0030;0.9818;-1.3939;0.7112;25.824910
1283;2011;-0.0030;0.9829;-1.3944;0.9770;25.824911
1283;2012;-0.0030;0.9838;-1.3948;1.1966;25.824912
1283;2013;-0.0030;0.9843;-1.3947;1.2182;25.824913
1283;2014;-0.0030;0.9847;-1.3943;1.0163;25.824914
1283;2015;-0.0030;0.9848;-1.3935;0.7474;25.824915
1283;2016;-0.0030;0.9846;-1.3923;0.5332;25.824916
1283;2017;-0.0030;0.9847;-1.3916;0.3960;25.824917
1283;2018;-0.0030;0.9848;-1.3907;0.3236;25.824918
1283;2019;-0.0030;0.9851;-1.3904;0.2866;25.824919
1283;2020;-0.0030;0.9854;-1.3898;0.2674;25.824920
1283;2021;-0.0030;0.9860;-1.3898;0.2604;25.824921
1283;2022;-0.0030;0.9869;-1.3901;0.2566;25.824922
1283;2023;-0.0030;0.9871;-1.3894;0.2512;25.824923
1283;2024;-0.0030;0.9875;-1.3891;0.2458;25.824924
1283;2025;-0.0030;0.9880;-1.3890;0.2419;25.824925
1283;2026;-0.0030;0.9884;-1.3887;0.2419;25.824926
1283;2027;-0.0030;0.9891;-1.3887;0.2435;25.824927
1283;2028;-0.0030;0.9897;-1.3887;0.2435;25.824928
1283;2029;-0.0030;0.9906;-1.3889;0.2443;25.824929
1283;2030;-0.0030;0.9921;-1.3902;0.2520;25.824930
1283;2031;-0.0030;0.9940;-1.3919;0.2801;25.824931
1283;2032;-0.0030;0.9964;-1.3945;0.3484;25.824932
1283;2033;-0.0030;0.9994;-1.3976;0.4834;25.824933
1283;2034;-0.0030;1.0020;-1.4004;0.6902;25.824934
1283;2035;-0.0030;1.0038;-1.4021;0.9279;25.824935
1283;2036;-0.0030;1.0051;-1.4029;1.1228;25.824936
1283;2037;-0.0030;1.0060;-1.4033;1.2421;25.824937
1283;2038;-0.0030;1.0064;-1.4029;1.3093;25.824938
1283;2039;-0.0030;1.0064;-1.4020;1.3116;25.824939
1283;2040;-0.0030;1.0065;-1.4011;1.2023;25.824940
1283;2041;-0.0030;1.0062;-1.4001;1.0258;25.824941
1283;2042;-0.0030;1.0064;-1.3993;0.8553;25.824942
1283;2043;-0.0030;1.0069;-1.3991;0.6963;25.824943
1283;2044;-0.0030;1.0067;-1.3979;0.5412;25.824944
1283;2045;-0.0030;1.0058;-1.3958;0.4395;25.824945
1283;2046;-0.0030;1.0046;-1.3931;0.4404;25.824946
1283;2047;-0.0030;1.0043;-1.3919;0.5095;25.824947
1283;2048;-0.0030;1.0044;-1.3911;0.5586;25.824948
1283;2049;-0.0030;1.0047;-1.3907;0.5256;25.824949
1283;2050;-0.0030;1.0052;-1.3904;0.4220;25.824950
1283;2051;-0.0030;1.0049;-1.3891;0.3169;25.824951
1283;2052;-0.0030;1.0044;-1.3875;0.2532;25.824952
1283;2053;-0.0030;1.0043;-1.3864;0.2241;25.824953
1283;2054;-0.0030;1.0045;-1.3860;0.2133;25.824954
1283;2055;-0.0030;1.0053;-1.3860;0.2095;25.824955
1283;2056;-0.0030;1.0061;-1.3863;0.2125;25.824956
1283;2057;-0.0030;1.0067;-1.3862;0.2156;25.824957
1283;2058;-0.0030;1.0069;-1.3857;0.2156;25.824958
1283;2059;-0.0030;1.0072;-1.3851;0.2102;25.824959
1283;2060;-0.0030;1.0073;-1.3845;0.2010;25.824960
1283;2061;-0.0030;1.0071;-1.3833;0.1934;25.824961
1283;2062;-0.0030;1.0075;-1.3830;0.1872;25.824962
1283;2063;-0.0030;1.0082;-1.3829;0.1857;25.824963
1283;2064;-0.0030;1.0091;-1.3833;0.1849;25.824964
1283;2065;-0.0030;1.0106;-1.3844;0.1757;25.824965
1283;2066;-0.0030;1.0116;-1.3848;0.1611;25.824966
1283;2067;-0.0030;1.0136;-1.3868;0.1504;25.824967
1283;2068;-0.0030;1.0193;-1.3937;0.1498;25.824968
1283;2069;-0.0030;1.0274;-1.4039;0.1615;25.824969
1283;2070;-0.0030;1.0342;-1.4122;0.1854;25.824970
1283;2071;-0.0030;1.0384;-1.4170;0.2103;25.824971
1283;2072;-0.0031;1.0409;-1.4194;0.2233;25.824972
1283;2073;-0.0031;1.0423;-1.4206;0.2278;25.824973
1283;2074;-0.0031;1.0429;-1.4205;0.2278;25.824974
1283;2075;-0.0031;1.0436;-1.4205;0.2248;25.824975
1283;2076;-0.0031;1.0437;-1.4197;0.2218;25.824976
1283;2077;-0.0031;1.0443;-1.4195;0.2203;25.824977
1283;2078;-0.0031;1.0455;-1.4203;0.2195;25.824978
1283;2079;-0.0031;1.0465;-1.4207;0.2180;25.824979
1283;2080;-0.0031;1.0475;-1.4213;0.2158;25.824980
1283;2081;-0.0031;1.0482;-1.4212;0.2097;25.824981
1283;2082;-0.0031;1.0483;-1.4205;0.2044;25.824982
1283;2083;-0.0031;1.0482;-1.4195;0.2022;25.824983
1283;2084;-0.0031;1.0477;-1.4179;0.1999;25.824984
1283;2085;-0.0030;1.0476;-1.4168;0.1969;25.824985
1283;2086;-0.0030;1.0483;-1.4168;0.1939;25.824986
1283;2087;-0.0031;1.0494;-1.4174;0.1901;25.824987
1283;2088;-0.0030;1.0499;-1.4171;0.1879;25.824988
1283;2089;-0.0030;1.0499;-1.4163;0.1841;25.824989
1283;2090;-0.0031;1.0503;-1.4158;0.1803;25.824990
1283;2091;-0.0030;1.0505;-1.4152;0.1788;25.824991
1283;2092;-0.0030;1.0506;-1.4145;0.1765;25.824992
1283;2093;-0.0030;1.0508;-1.4138;0.1720;25.824993
1283;2094;-0.0030;1.0514;-1.4136;0.1652;25.824994
1283;2095;-0.0030;1.0519;-1.4136;0.1599;25.824995
1283;2096;-0.0030;1.0526;-1.4136;0.1569;25.824996
1283;2097;-0.0030;1.0528;-1.4130;0.1562;25.824997
1283;2098;-0.0030;1.0534;-1.4128;0.1569;25.824998
1283;2099;-0.0030;1.0542;-1.4131;0.1577;25.824999
1283;2100;-0.0030;1.0550;-1.4132;0.1554;25.825000
1283;2101;-0.0030;1.0549;-1.4121;0.1531;25.825001
1283;2102;-0.0030;1.0545;-1.4107;0.1509;25.825002
1283;2103;-0.0030;1.0552;-1.4108;0.1486;25.825003
1283;2104;-0.0030;1.0564;-1.4114;0.1456;25.825004
1283;2105;-0.0030;1.0574;-1.4118;0.1456;25.825005
1283;2106;-0.0030;1.0576;-1.4112;0.1464;25.825006
1283;2107;-0.0030;1.0573;-1.4099;0.1456;25.825007
1283;2108;-0.0030;1.0572;-1.4090;0.1433;25.825008
1283;2109;-0.0030;1.0576;-1.4085;0.1411;25.825009
1283;2110;-0.0030;1.0575;-1.4075;0.1396;25.825010
1283;2111;-0.0030;1.0572;-1.4063;0.1369;25.825011
1283;2112;-0.0030;1.0573;-1.4054;0.1324;25.825012
1283;2113;-0.0030;1.0587;-1.4064;0.1305;25.825013
1283;2114;-0.0030;1.0600;-1.4072;0.1335;25.825014
1283;2115;-0.0030;1.0608;-1.4074;0.1366;25.825015
1283;2116;-0.0030;1.0627;-1.4089;0.1381;25.825016
1283;2117;-0.0030;1.0644;-1.4103;0.1373;25.825017
1283;2118;-0.0030;1.0655;-1.4108;0.1366;25.825018
1283;2119;-0.0030;1.0663;-1.4111;0.1350;25.825019
1283;2120;-0.0030;1.0668;-1.4108;0.1335;25.825020
1283;2121;-0.0030;1.0666;-1.4097;0.1350;25.825021
1283;2122;-0.0030;1.0664;-1.4085;0.1373;25.825022
1283;2123;-0.0030;1.0667;-1.4080;0.1403;25.825023
1283;2124;-0.0030;1.0673;-1.4078;0.1411;25.825024
1283;2125;-0.0030;1.0679;-1.4078;0.1418;25.825025
1283;2126;-0.0030;1.0698;-1.4093;0.1433;25.825026
1283;2127;-0.0030;1.0706;-1.4095;0.1452;25.825027
1283;2128;-0.0030;1.0706;-1.4087;0.1471;25.825028
1283;2129;-0.0030;1.0719;-1.4094;0.1482;25.825029
1283;2130;-0.0031;1.0736;-1.4108;0.1505;25.825030
1283;2131;-0.0031;1.0751;-1.4118;0.1542;25.825031
1283;2132;-0.0031;1.0759;-1.4120;0.1565;25.825032
1283;2133;-0.0031;1.0761;-1.4113;0.1550;25.825033
1283;2134;-0.0031;1.0771;-1.4119;0.1520;25.825034
1283;2135;-0.0031;1.0786;-1.4128;0.1505;25.825035
1283;2136;-0.0031;1.0793;-1.4129;0.1497;25.825036
1283;2137;-0.0031;1.0797;-1.4126;0.1490;25.825037
1283;2138;-0.0031;1.0793;-1.4111;0.1497;25.825038
1283;2139;-0.0031;1.0794;-1.4103;0.1497;25.825039
1283;2140;-0.0030;1.0800;-1.4103;0.1490;25.825040
1283;2141;-0.0031;1.0808;-1.4104;0.1467;25.825041
1283;2142;-0.0031;1.0815;-1.4103;0.1437;25.825042
1283;2143;-0.0031;1.0819;-1.4100;0.1407;25.825043
1283;2144;-0.0031;1.0821;-1.4093;0.1377;25.825044
1283;2145;-0.0031;1.0823;-1.4088;0.1332;25.825045
1283;2146;-0.0031;1.0828;-1.4085;0.1287;25.825046
1283;2147;-0.0030;1.0827;-1.4076;0.1234;25.825047
1283;2148;-0.0030;1.0815;-1.4050;0.1181;25.825048
1283;2149;-0.0030;1.0805;-1.4029;0.1114;25.825049
1283;2150;-0.0030;1.0804;-1.4018;0.1071;25.825050
1283;2151;-0.0030;1.0810;-1.4016;0.1046;25.825051
1283;2152;-0.0030;1.0818;-1.4019;0.1031;25.825052
1283;2153;-0.0030;1.0823;-1.4016;0.1023;25.825053
1283;2154;-0.0030;1.0825;-1.4010;0.1008;25.825054
1283;2155;-0.0030;1.0818;-1.3992;0.0988;25.825055
1283;2156;-0.0030;1.0809;-1.3972;0.0964;25.825056
1283;2157;-0.0030;1.0815;-1.3969;0.0936;25.825057
1283;2158;-0.0030;1.0823;-1.3972;0.0925;25.825058
1283;2159;-0.0030;1.0832;-1.3974;0.0911;25.825059
1283;2160;-0.0030;1.0847;-1.3985;0.0892;25.825060
1283;2161;-0.0030;1.0858;-1.3991;0.0873;25.825061
1283;2162;-0.0030;1.0855;-1.3978;0.0854;25.825062
1283;2163;-0.0030;1.0847;-1.3958;0.0836;25.825063
1283;2164;-0.0030;1.0850;-1.3953;0.0822;25.825064
1283;2165;-0.0030;1.0855;-1.3952;0.0800;25.825065
1283;2166;-0.0030;1.0861;-1.3950;0.0756;25.825066
1283;2167;-0.0030;1.0856;-1.3935;0.0730;25.825067
1283;2168;-0.0030;1.0848;-1.3915;0.0725;25.825068
1283;2169;-0.0030;1.0850;-1.3909;0.0720;25.825069
1283;2170;-0.0030;1.0856;-1.3907;0.0714;25.825070
1283;2171;-0.0030;1.0863;-1.3908;0.0700;25.825071
1283;2172;-0.0030;1.0871;-1.3910;0.0687;25.825072
1283;2173;-0.0030;1.0871;-1.3902;0.0677;25.825073
1283;2174;-0.0030;1.0867;-1.3887;0.0651;25.825074
1283;2175;-0.0030;1.0851;-1.3859;0.0620;25.825075
1283;2176;-0.0030;1.0821;-1.3810;0.0585;25.825076
1283;2177;-0.0030;1.0794;-1.3769;0.0547;25.825077
1283;2178;-0.0030;1.0763;-1.3720;0.0520;25.825078
1283;2179;-0.0030;1.0752;-1.3697;0.0518;25.825079
1283;2180;-0.0030;1.0747;-1.3682;0.0508;25.825080
1283;2181;-0.0030;1.0739;-1.3662;0.0487;25.825081
1283;2182;-0.0030;1.0744;-1.3662;0.0477;25.825082
1283;2183;-0.0030;1.0744;-1.3653;0.0469;25.825083
1283;2184;-0.0030;1.0729;-1.3625;0.0460;25.825084
1283;2185;-0.0029;1.0707;-1.3588;0.0442;25.825085
1283;2186;-0.0029;1.0694;-1.3563;0.0419;25.825086
1283;2187;-0.0029;1.0685;-1.3543;0.0410;25.825087
1283;2188;-0.0029;1.0655;-1.3497;0.0412;25.825088
1283;2189;-0.0029;1.0608;-1.3428;0.0398;25.825089
1283;2190;-0.0029;1.0550;-1.3347;0.0383;25.825090
1283;2191;-0.0029;1.0485;-1.3256;0.0367;25.825091
1283;2192;-0.0029;1.0442;-1.3193;0.0349;25.825092
1283;2193;-0.0029;1.0441;-1.3185;0.0331;25.825093
1283;2194;-0.0029;1.0492;-1.3239;0.0322;25.825094
1283;2195;-0.0029;1.0520;-1.3267;0.0324;25.825095
1283;2196;-0.0029;1.0506;-1.3240;0.0325;25.825096
1283;2197;-0.0029;1.0466;-1.3183;0.0311;25.825097
1283;2198;-0.0029;1.0458;-1.3163;0.0297;25.825098
1283;2199;-0.0029;1.0461;-1.3160;0.0275;25.825099
1283;2200;-0.0029;1.0467;-1.3158;0.0264;25.825100
1283;2201;-0.0028;1.0459;-1.3140;0.0271;25.825101
1283;2202;-0.0028;1.0412;-1.3073;0.0264;25.825102
1283;2203;-0.0028;1.0327;-1.2958;0.0264;25.825103
1283;2204;-0.0028;1.0284;-1.2896;0.0280;25.825104
1283;2205;-0.0028;1.0285;-1.2888;0.0279;25.825105
1283;2206;-0.0028;1.0244;-1.2831;0.0262;25.825106
1283;2207;-0.0028;1.0236;-1.2811;0.0265;25.825107
1283;2208;-0.0028;1.0248;-1.2819;0.0272;25.825108
1283;2209;-0.0028;1.0217;-1.2771;0.0271;25.825109
1283;2210;-0.0028;1.0171;-1.2707;0.0264;25.825110
1283;2211;-0.0027;1.0139;-1.2658;0.0258;25.825111
1283;2212;-0.0027;1.0159;-1.2675;0.0258;25.825112
1283;2213;-0.0027;1.0179;-1.2692;0.0261;25.825113
1283;2214;-0.0027;1.0135;-1.2629;0.0273;25.825114
1283;2215;-0.0027;1.0068;-1.2538;0.0278;25.825115
1283;2216;-0.0027;1.0014;-1.2462;0.0273;25.825116
1283;2217;-0.0027;0.9983;-1.2416;0.0265;25.825117
1283;2218;-0.0027;0.9998;-1.2427;0.0252;25.825118
1283;2219;-0.0027;1.0043;-1.2476;0.0249;25.825119
1283;2220;-0.0027;1.0039;-1.2462;0.0263;25.825120
1283;2221;-0.0027;1.0022;-1.2434;0.0278;25.825121
1283;2222;-0.0027;1.0020;-1.2423;0.0281;25.825122
1283;2223;-0.0027;1.0003;-1.2396;0.0280;25.825123
1283;2224;-0.0027;0.9973;-1.2349;0.0282;25.825124
1283;2225;-0.0027;0.9943;-1.2306;0.0294;25.825125
1283;2226;-0.0027;0.9936;-1.2289;0.0303;25.825126
1283;2227;-0.0027;0.9935;-1.2281;0.0298;25.825127
1283;2228;-0.0026;0.9912;-1.2243;0.0304;25.825128
1283;2229;-0.0026;0.9904;-1.2226;0.0326;25.825129
1283;2230;-0.0026;0.9906;-1.2221;0.0338;25.825130
1283;2231;-0.0026;0.9897;-1.2201;0.0332;25.825131
1283;2232;-0.0026;0.9884;-1.2179;0.0318;25.825132
1283;2233;-0.0026;0.9865;-1.2147;0.0301;25.825133
1283;2234;-0.0026;0.9839;-1.2108;0.0301;25.825134
1283;2235;-0.0026;0.9846;-1.2109;0.0307;25.825135
1283;2236;-0.0026;0.9856;-1.2114;0.0317;25.825136
1283;2237;-0.0026;0.9855;-1.2104;0.0319;25.825137
1283;2238;-0.0026;0.9848;-1.2088;0.0315;25.825138
1283;2239;-0.0026;0.9839;-1.2070;0.0300;25.825139
1283;2240;-0.0026;0.9836;-1.2059;0.0277;25.825140
1283;2241;-0.0026;0.9847;-1.2065;0.0278;25.825141
1283;2242;-0.0026;0.9872;-1.2087;0.0295;25.825142
1283;2243;-0.0026;0.9865;-1.2071;0.0308;25.825143
1283;2244;-0.0026;0.9874;-1.2074;0.0294;25.825144
1283;2245;-0.0026;0.9887;-1.2084;0.0276;25.825145
1283;2246;-0.0026;0.9864;-1.2047;0.0283;25.825146
1283;2247;-0.0026;0.9818;-1.1983;0.0292;25.825147
1283;2248;-0.0026;0.9810;-1.1966;0.0294;25.825148
1283;2249;-0.0026;0.9813;-1.1964;0.0290;25.825149
1283;2250;-0.0026;0.9797;-1.1935;0.0278;25.825150
1283;2251;-0.0026;0.9799;-1.1930;0.0280;25.825151
1283;2252;-0.0026;0.9825;-1.1954;0.0286;25.825152
1283;2253;-0.0026;0.9840;-1.1965;0.0286;25.825153
1283;2254;-0.0026;0.9826;-1.1942;0.0270;25.825154
1283;2255;-0.0026;0.9791;-1.1891;0.0256;25.825155
1283;2256;-0.0026;0.9768;-1.1856;0.0259;25.825156
1283;2257;-0.0026;0.9750;-1.1826;0.0266;25.825157
1283;2258;-0.0026;0.9743;-1.1811;0.0278;25.825158
1283;2259;-0.0026;0.9782;-1.1851;0.0302;25.825159
1283;2260;-0.0026;0.9810;-1.1878;0.0314;25.825160
1283;2261;-0.0026;0.9788;-1.1843;0.0313;25.825161
1283;2262;-0.0026;0.9760;-1.1803;0.0310;25.825162
1283;2263;-0.0026;0.9760;-1.1794;0.0308;25.825163
1283;2264;-0.0026;0.9766;-1.1795;0.0304;25.825164
1283;2265;-0.0025;0.9740;-1.1756;0.0300;25.825165
1283;2266;-0.0025;0.9703;-1.1704;0.0302;25.825166
1283;2267;-0.0025;0.9685;-1.1674;0.0313;25.825167
1283;2268;-0.0025;0.9687;-1.1670;0.0312;25.825168
1283;2269;-0.0025;0.9703;-1.1681;0.0307;25.825169
1283;2270;-0.0025;0.9723;-1.1698;0.0319;25.825170
1283;2271;-0.0025;0.9743;-1.1716;0.0326;25.825171
1283;2272;-0.0025;0.9727;-1.1688;0.0315;25.825172
1283;2273;-0.0025;0.9701;-1.1651;0.0320;25.825173
1283;2274;-0.0025;0.9696;-1.1637;0.0339;25.825174
1283;2275;-0.0025;0.9704;-1.1640;0.0352;25.825175
1283;2276;-0.0025;0.9686;-1.1610;0.0358;25.825176
1283;2277;-0.0025;0.9644;-1.1552;0.0378;25.825177
1283;2278;-0.0025;0.9628;-1.1526;0.0384;25.825178
1283;2279;-0.0025;0.9630;-1.1521;0.0360;25.825179
1283;2280;-0.0025;0.9620;-1.1503;0.0352;25.825180
1283;2281;-0.0025;0.9618;-1.1492;0.0346;25.825181
1283;2282;-0.0025;0.9609;-1.1475;0.0347;25.825182
1283;2283;-0.0025;0.9596;-1.1453;0.0361;25.825183
1283;2284;-0.0025;0.9613;-1.1466;0.0375;25.825184
1283;2285;-0.0025;0.9620;-1.1466;0.0383;25.825185
1283;2286;-0.0025;0.9599;-1.1435;0.0387;25.825186
1283;2287;-0.0025;0.9595;-1.1423;0.0387;25.825187
1283;2288;-0.0025;0.9611;-1.1435;0.0390;25.825188
1283;2289;-0.0025;0.9624;-1.1442;0.0395;25.825189
1283;2290;-0.0025;0.9624;-1.1436;0.0388;25.825190
1283;2291;-0.0025;0.9629;-1.1434;0.0375;25.825191
1283;2292;-0.0025;0.9653;-1.1456;0.0370;25.825192
1283;2293;-0.0025;0.9652;-1.1448;0.0372;25.825193
1283;2294;-0.0025;0.9635;-1.1420;0.0384;25.825194
1283;2295;-0.0025;0.9604;-1.1377;0.0408;25.825195
1283;2296;-0.0025;0.9597;-1.1361;0.0423;25.825196
1283;2297;-0.0025;0.9604;-1.1363;0.0412;25.825197
1283;2298;-0.0025;0.9599;-1.1349;0.0403;25.825198
1283;2299;-0.0025;0.9594;-1.1337;0.0396;25.825199
1283;2300;-0.0025;0.9596;-1.1332;0.0377;25.825200
1283;2301;-0.0025;0.9610;-1.1341;0.0378;25.825201
1283;2302;-0.0025;0.9613;-1.1338;0.0393;25.825202
1283;2303;-0.0025;0.9602;-1.1317;0.0403;25.825203
1283;2304;-0.0024;0.9587;-1.1293;0.0416;25.825204
1283;2305;-0.0025;0.9606;-1.1308;0.0430;25.825205
1283;2306;-0.0025;0.9639;-1.1341;0.0440;25.825206
1283;2307;-0.0025;0.9646;-1.1341;0.0437;25.825207
1283;2308;-0.0025;0.9645;-1.1333;0.0431;25.825208
1283;2309;-0.0025;0.9637;-1.1317;0.0425;25.825209
1283;2310;-0.0024;0.9622;-1.1292;0.0413;25.825210
1283;2311;-0.0024;0.9612;-1.1273;0.0409;25.825211
1283;2312;-0.0024;0.9619;-1.1275;0.0417;25.825212
1283;2313;-0.0024;0.9613;-1.1260;0.0424;25.825213
1283;2314;-0.0024;0.9602;-1.1242;0.0436;25.825214
1283;2315;-0.0024;0.9611;-1.1244;0.0444;25.825215
1283;2316;-0.0024;0.9618;-1.1246;0.0449;25.825216
1283;2317;-0.0024;0.9611;-1.1230;0.0465;25.825217
1283;2318;-0.0024;0.9586;-1.1194;0.0480;25.825218
1283;2319;-0.0024;0.9565;-1.1163;0.0477;25.825219
1283;2320;-0.0024;0.9570;-1.1162;0.0469;25.825220
1283;2321;-0.0024;0.9578;-1.1164;0.0446;25.825221
1283;2322;-0.0024;0.9576;-1.1154;0.0430;25.825222
1283;2323;-0.0024;0.9576;-1.1148;0.0434;25.825223
1283;2324;-0.0024;0.9578;-1.1143;0.0437;25.825224
1283;2325;-0.0024;0.9576;-1.1135;0.0429;25.825225
1283;2326;-0.0024;0.9571;-1.1121;0.0420;25.825226
1283;2327;-0.0024;0.9573;-1.1117;0.0425;25.825227
1283;2328;-0.0024;0.9590;-1.1130;0.0439;25.825228
1283;2329;-0.0024;0.9613;-1.1149;0.0455;25.825229
1283;2330;-0.0024;0.9605;-1.1133;0.0457;25.825230
1283;2331;-0.0024;0.9581;-1.1098;0.0460;25.825231
1283;2332;-0.0024;0.9588;-1.1100;0.0457;25.825232
1283;2333;-0.0024;0.9599;-1.1106;0.0445;25.825233
1283;2334;-0.0024;0.9592;-1.1091;0.0436;25.825234
1283;2335;-0.0024;0.9596;-1.1088;0.0433;25.825235
1283;2336;-0.0024;0.9590;-1.1074;0.0443;25.825236
1283;2337;-0.0024;0.9572;-1.1047;0.0461;25.825237
1283;2338;-0.0024;0.9561;-1.1027;0.0477;25.825238
1283;2339;-0.0024;0.9556;-1.1015;0.0469;25.825239
1283;2340;-0.0024;0.9538;-1.0987;0.0460;25.825240
1283;2341;-0.0024;0.9523;-1.0963;0.0457;25.825241
1283;2342;-0.0024;0.9531;-1.0965;0.0461;25.825242
1283;2343;-0.0024;0.9532;-1.0959;0.0463;25.825243
1283;2344;-0.0024;0.9529;-1.0950;0.0447;25.825244
1283;2345;-0.0024;0.9509;-1.0920;0.0437;25.825245
1283;2346;-0.0024;0.9505;-1.0908;0.0444;25.825246
1283;2347;-0.0024;0.9526;-1.0927;0.0468;25.825247
1283;2348;-0.0024;0.9545;-1.0941;0.0496;25.825248
1283;2349;-0.0024;0.9561;-1.0952;0.0504;25.825249
1283;2350;-0.0024;0.9563;-1.0948;0.0494;25.825250
1283;2351;-0.0024;0.9548;-1.0924;0.0482;25.825251
1283;2352;-0.0024;0.9536;-1.0904;0.0477;25.825252
1283;2353;-0.0024;0.9534;-1.0895;0.0470;25.825253
1283;2354;-0.0024;0.9527;-1.0880;0.0473;25.825254
1283;2355;-0.0024;0.9508;-1.0852;0.0471;25.825255
1283;2356;-0.0024;0.9508;-1.0845;0.0458;25.825256
1283;2357;-0.0024;0.9532;-1.0866;0.0462;25.825257
1283;2358;-0.0024;0.9574;-1.0906;0.0476;25.825258
1283;2359;-0.0024;0.9573;-1.0898;0.0485;25.825259
1283;2360;-0.0024;0.9565;-1.0883;0.0488;25.825260
1283;2361;-0.0024;0.9570;-1.0882;0.0478;25.825261
1283;2362;-0.0024;0.9571;-1.0876;0.0485;25.825262
1283;2363;-0.0024;0.9565;-1.0862;0.0476;25.825263
1283;2364;-0.0024;0.9554;-1.0844;0.0454;25.825264
1283;2365;-0.0024;0.9551;-1.0832;0.0459;25.825265
1283;2366;-0.0024;0.9543;-1.0817;0.0469;25.825266
1283;2367;-0.0023;0.9531;-1.0797;0.0473;25.825267
1283;2368;-0.0023;0.9540;-1.0800;0.0485;25.825268
1283;2369;-0.0023;0.9545;-1.0800;0.0488;25.825269
1283;2370;-0.0023;0.9523;-1.0768;0.0487;25.825270
1283;2371;-0.0023;0.9506;-1.0742;0.0487;25.825271
1283;2372;-0.0023;0.9507;-1.0736;0.0497;25.825272
1283;2373;-0.0023;0.9509;-1.0732;0.0504;25.825273
1283;2374;-0.0023;0.9517;-1.0734;0.0507;25.825274
1283;2375;-0.0023;0.9515;-1.0726;0.0503;25.825275
1283;2376;-0.0023;0.9515;-1.0720;0.0504;25.825276
1283;2377;-0.0023;0.9520;-1.0718;0.0509;25.825277
1283;2378;-0.0023;0.9523;-1.0715;0.0503;25.825278
1283;2379;-0.0023;0.9512;-1.0697;0.0489;25.825279
1283;2380;-0.0023;0.9493;-1.0668;0.0482;25.825280
1283;2381;-0.0023;0.9492;-1.0660;0.0489;25.825281
1283;2382;-0.0023;0.9516;-1.0681;0.0503;25.825282
1283;2383;-0.0023;0.9545;-1.0706;0.0510;25.825283
1283;2384;-0.0023;0.9551;-1.0707;0.0509;25.825284
1283;2385;-0.0023;0.9528;-1.0674;0.0513;25.825285
1283;2386;-0.0023;0.9528;-1.0668;0.0519;25.825286
1283;2387;-0.0023;0.9550;-1.0686;0.0518;25.825287
1283;2388;-0.0023;0.9533;-1.0661;0.0523;25.825288
1283;2389;-0.0023;0.9504;-1.0621;0.0535;25.825289
1283;2390;-0.0023;0.9499;-1.0609;0.0527;25.825290
1283;2391;-0.0023;0.9500;-1.0604;0.0513;25.825291
1283;2392;-0.0023;0.9496;-1.0593;0.0502;25.825292
1283;2393;-0.0023;0.9509;-1.0601;0.0509;25.825293
1283;2394;-0.0023;0.9529;-1.0617;0.0521;25.825294
1283;2395;-0.0023;0.9546;-1.0629;0.0526;25.825295
1283;2396;-0.0023;0.9548;-1.0625;0.0525;25.825296
1283;2397;-0.0023;0.9544;-1.0613;0.0539;25.825297
1283;2398;-0.0023;0.9541;-1.0603;0.0544;25.825298
1283;2399;-0.0023;0.9532;-1.0587;0.0534;25.825299
1283;2400;-0.0023;0.9526;-1.0573;0.0529;25.825300
1283;2401;-0.0023;0.9527;-1.0569;0.0537;25.825301
1283;2402;-0.0023;0.9524;-1.0559;0.0551;25.825302
1283;2403;-0.0023;0.9519;-1.0546;0.0551;25.825303
1283;2404;-0.0023;0.9529;-1.0551;0.0538;25.825304
1283;2405;-0.0023;0.9543;-1.0560;0.0524;25.825305
1283;2406;-0.0023;0.9525;-1.0534;0.0519;25.825306
1283;2407;-0.0023;0.9489;-1.0488;0.0522;25.825307
1283;2408;-0.0023;0.9488;-1.0480;0.0516;25.825308
1283;2409;-0.0023;0.9528;-1.0517;0.0532;25.825309
1283;2410;-0.0023;0.9544;-1.0529;0.0540;25.825310
1283;2411;-0.0023;0.9538;-1.0515;0.0539;25.825311
1283;2412;-0.0023;0.9530;-1.0501;0.0546;25.825312
1283;2413;-0.0023;0.9521;-1.0484;0.0560;25.825313
1283;2414;-0.0023;0.9523;-1.0479;0.0562;25.825314
1283;2415;-0.0023;0.9510;-1.0459;0.0542;25.825315
1283;2416;-0.0023;0.9507;-1.0449;0.0521;25.825316
1283;2417;-0.0023;0.9515;-1.0452;0.0518;25.825317
1283;2418;-0.0023;0.9519;-1.0449;0.0530;25.825318
1283;2419;-0.0023;0.9528;-1.0453;0.0549;25.825319
1283;2420;-0.0023;0.9535;-1.0453;0.0555;25.825320
1283;2421;-0.0023;0.9542;-1.0455;0.0535;25.825321
1283;2422;-0.0023;0.9541;-1.0447;0.0527;25.825322
1283;2423;-0.0023;0.9545;-1.0446;0.0549;25.825323
1283;2424;-0.0023;0.9544;-1.0438;0.0566;25.825324
1283;2425;-0.0023;0.9528;-1.0415;0.0571;25.825325
1283;2426;-0.0023;0.9531;-1.0412;0.0578;25.825326
1283;2427;-0.0023;0.9536;-1.0410;0.0582;25.825327
1283;2428;-0.0023;0.9540;-1.0408;0.0582;25.825328
1283;2429;-0.0023;0.9546;-1.0408;0.0571;25.825329
1283;2430;-0.0023;0.9524;-1.0378;0.0567;25.825330
1283;2431;-0.0023;0.9501;-1.0346;0.0566;25.825331
1283;2432;-0.0023;0.9508;-1.0349;0.0563;25.825332
1283;2433;-0.0023;0.9528;-1.0362;0.0566;25.825333
1283;2434;-0.0023;0.9538;-1.0368;0.0586;25.825334
1283;2435;-0.0023;0.9527;-1.0349;0.0606;25.825335
1283;2436;-0.0023;0.9518;-1.0333;0.0624;25.825336
1283;2437;-0.0023;0.9531;-1.0340;0.0637;25.825337
1283;2438;-0.0023;0.9555;-1.0361;0.0635;25.825338
1283;2439;-0.0023;0.9560;-1.0360;0.0611;25.825339
1283;2440;-0.0023;0.9543;-1.0336;0.0591;25.825340
1283;2441;-0.0023;0.9542;-1.0327;0.0602;25.825341
1283;2442;-0.0023;0.9551;-1.0331;0.0630;25.825342
1283;2443;-0.0023;0.9547;-1.0321;0.0636;25.825343
1283;2444;-0.0022;0.9523;-1.0288;0.0624;25.825344
1283;2445;-0.0022;0.9516;-1.0275;0.0611;25.825345
1283;2446;-0.0023;0.9543;-1.0296;0.0603;25.825346
1283;2447;-0.0023;0.9561;-1.0310;0.0597;25.825347
1283;2448;-0.0023;0.9556;-1.0298;0.0595;25.825348
1283;2449;-0.0023;0.9551;-1.0286;0.0586;25.825349
1283;2450;-0.0022;0.9554;-1.0283;0.0584;25.825350
1283;2451;-0.0022;0.9552;-1.0275;0.0602;25.825351
1283;2452;-0.0022;0.9545;-1.0261;0.0605;25.825352
1283;2453;-0.0022;0.9535;-1.0245;0.0594;25.825353
1283;2454;-0.0022;0.9535;-1.0238;0.0584;25.825354
1283;2455;-0.0022;0.9532;-1.0228;0.0595;25.825355
1283;2456;-0.0022;0.9538;-1.0228;0.0613;25.825356
1283;2457;-0.0022;0.9553;-1.0238;0.0613;25.825357
1283;2458;-0.0022;0.9544;-1.0223;0.0620;25.825358
1283;2459;-0.0022;0.9531;-1.0201;0.0633;25.825359
1283;2460;-0.0022;0.9541;-1.0206;0.0651;25.825360
1283;2461;-0.0022;0.9540;-1.0198;0.0660;25.825361
1283;2462;-0.0022;0.9533;-1.0185;0.0664;25.825362
1283;2463;-0.0022;0.9532;-1.0177;0.0660;25.825363
1283;2464;-0.0022;0.9546;-1.0187;0.0647;25.825364
1283;2465;-0.0022;0.9557;-1.0192;0.0629;25.825365
1283;2466;-0.0022;0.9567;-1.0196;0.0624;25.825366
1283;2467;-0.0022;0.9566;-1.0190;0.0639;25.825367
1283;2468;-0.0022;0.9563;-1.0180;0.0650;25.825368
1283;2469;-0.0022;0.9568;-1.0179;0.0642;25.825369
1283;2470;-0.0022;0.9568;-1.0172;0.0628;25.825370
1283;2471;-0.0022;0.9562;-1.0160;0.0630;25.825371
1283;2472;-0.0022;0.9556;-1.0146;0.0636;25.825372
1283;2473;-0.0022;0.9545;-1.0130;0.0635;25.825373
1283;2474;-0.0022;0.9545;-1.0123;0.0647;25.825374
1283;2475;-0.0022;0.9548;-1.0120;0.0671;25.825375
1283;2476;-0.0022;0.9555;-1.0121;0.0683;25.825376
1283;2477;-0.0022;0.9564;-1.0125;0.0673;25.825377
1283;2478;-0.0022;0.9558;-1.0112;0.0666;25.825378
1283;2479;-0.0022;0.9543;-1.0090;0.0682;25.825379
1283;2480;-0.0022;0.9534;-1.0074;0.0691;25.825380
1283;2481;-0.0022;0.9543;-1.0078;0.0698;25.825381
1283;2482;-0.0022;0.9570;-1.0100;0.0694;25.825382
1283;2483;-0.0022;0.9584;-1.0109;0.0689;25.825383
1283;2484;-0.0022;0.9568;-1.0086;0.0668;25.825384
1283;2485;-0.0022;0.9549;-1.0059;0.0662;25.825385
1283;2486;-0.0022;0.9547;-1.0051;0.0660;25.825386
1283;2487;-0.0022;0.9562;-1.0060;0.0663;25.825387
1283;2488;-0.0022;0.9572;-1.0066;0.0660;25.825388
1283;2489;-0.0022;0.9571;-1.0057;0.0658;25.825389
1283;2490;-0.0022;0.9565;-1.0045;0.0662;25.825390
1283;2491;-0.0022;0.9552;-1.0025;0.0679;25.825391
1283;2492;-0.0022;0.9539;-1.0005;0.0692;25.825392
1283;2493;-0.0022;0.9544;-1.0005;0.0681;25.825393
1283;2494;-0.0022;0.9563;-1.0018;0.0651;25.825394
1283;2495;-0.0022;0.9570;-1.0019;0.0619;25.825395
1283;2496;-0.0022;0.9569;-1.0012;0.0603;25.825396
1283;2497;-0.0022;0.9570;-1.0007;0.0601;25.825397
1283;2498;-0.0022;0.9561;-0.9991;0.0602;25.825398
1283;2499;-0.0022;0.9552;-0.9976;0.0608;25.825399
1283;2500;-0.0022;0.9568;-0.9987;0.0624;25.825400
1283;2501;-0.0022;0.9592;-1.0006;0.0645;25.825401
1283;2502;-0.0022;0.9600;-1.0007;0.0658;25.825402
1283;2503;-0.0022;0.9587;-0.9988;0.0664;25.825403
1283;2504;-0.0022;0.9584;-0.9979;0.0670;25.825404
1283;2505;-0.0022;0.9598;-0.9987;0.0674;25.825405
1283;2506;-0.0022;0.9602;-0.9986;0.0678;25.825406
1283;2507;-0.0022;0.9597;-0.9974;0.0664;25.825407
1283;2508;-0.0022;0.9591;-0.9962;0.0634;25.825408
1283;2509;-0.0022;0.9585;-0.9949;0.0628;25.825409
1283;2510;-0.0022;0.9592;-0.9951;0.0643;25.825410
1283;2511;-0.0022;0.9602;-0.9954;0.0645;25.825411
1283;2512;-0.0022;0.9590;-0.9937;0.0644;25.825412
1283;2513;-0.0022;0.9585;-0.9925;0.0651;25.825413
1283;2514;-0.0022;0.9591;-0.9926;0.0655;25.825414
1283;2515;-0.0022;0.9591;-0.9919;0.0684;25.825415
1283;2516;-0.0022;0.9573;-0.9895;0.0689;25.825416
1283;2517;-0.0022;0.9562;-0.9877;0.0680;25.825417
1283;2518;-0.0022;0.9557;-0.9866;0.0674;25.825418
1283;2519;-0.0022;0.9550;-0.9853;0.0671;25.825419
1283;2520;-0.0022;0.9568;-0.9865;0.0664;25.825420
1283;2521;-0.0022;0.9589;-0.9881;0.0655;25.825421
1283;2522;-0.0022;0.9592;-0.9878;0.0661;25.825422
1283;2523;-0.0022;0.9604;-0.9884;0.0666;25.825423
1283;2524;-0.0022;0.9606;-0.9879;0.0668;25.825424
1283;2525;-0.0022;0.9574;-0.9842;0.0674;25.825425
1283;2526;-0.0022;0.9549;-0.9808;0.0690;25.825426
1283;2527;-0.0022;0.9547;-0.9802;0.0687;25.825427
1283;2528;-0.0022;0.9556;-0.9805;0.0670;25.825428
1283;2529;-0.0022;0.9569;-0.9812;0.0665;25.825429
1283;2530;-0.0022;0.9581;-0.9817;0.0681;25.825430
1283;2531;-0.0022;0.9585;-0.9816;0.0693;25.825431
1283;2532;-0.0022;0.9592;-0.9817;0.0702;25.825432
1283;2533;-0.0022;0.9601;-0.9820;0.0705;25.825433
1283;2534;-0.0022;0.9597;-0.9811;0.0713;25.825434
1283;2535;-0.0022;0.9600;-0.9807;0.0716;25.825435
1283;2536;-0.0022;0.9609;-0.9811;0.0700;25.825436
1283;2537;-0.0022;0.9615;-0.9809;0.0702;25.825437
1283;2538;-0.0022;0.9607;-0.9797;0.0710;25.825438
1283;2539;-0.0022;0.9596;-0.9779;0.0701;25.825439
1283;2540;-0.0022;0.9585;-0.9763;0.0690;25.825440
1283;2541;-0.0021;0.9583;-0.9754;0.0677;25.825441
1283;2542;-0.0022;0.9593;-0.9759;0.0670;25.825442
1283;2543;-0.0022;0.9600;-0.9758;0.0658;25.825443
1283;2544;-0.0022;0.9603;-0.9756;0.0655;25.825444
1283;2545;-0.0021;0.9600;-0.9748;0.0657;25.825445
1283;2546;-0.0021;0.9606;-0.9747;0.0658;25.825446
1283;2547;-0.0022;0.9613;-0.9749;0.0663;25.825447
1283;2548;-0.0021;0.9619;-0.9748;0.0663;25.825448
1283;2549;-0.0021;0.9597;-0.9720;0.0656;25.825449
1283;2550;-0.0021;0.9569;-0.9686;0.0657;25.825450
1283;2551;-0.0021;0.9576;-0.9687;0.0647;25.825451
1283;2552;-0.0021;0.9593;-0.9698;0.0643;25.825452
1283;2553;-0.0021;0.9605;-0.9705;0.0649;25.825453
1283;2554;-0.0021;0.9616;-0.9710;0.0645;25.825454
1283;2555;-0.0021;0.9614;-0.9702;0.0640;25.825455
1283;2556;-0.0021;0.9603;-0.9684;0.0656;25.825456
1283;2557;-0.0021;0.9601;-0.9677;0.0679;25.825457
1283;2558;-0.0021;0.9603;-0.9673;0.0695;25.825458
1283;2559;-0.0021;0.9604;-0.9667;0.0702;25.825459
1283;2560;-0.0021;0.9605;-0.9663;0.0707;25.825460
1283;2561;-0.0021;0.9613;-0.9665;0.0703;25.825461
1283;2562;-0.0021;0.9632;-0.9678;0.0693;25.825462
1283;2563;-0.0021;0.9633;-0.9673;0.0693;25.825463
1283;2564;-0.0021;0.9634;-0.9669;0.0709;25.825464
1283;2565;-0.0021;0.9635;-0.9663;0.0722;25.825465
1283;2566;-0.0021;0.9627;-0.9650;0.0715;25.825466
1283;2567;-0.0021;0.9619;-0.9635;0.0699;25.825467
1283;2568;-0.0021;0.9612;-0.9623;0.0697;25.825468
1283;2569;-0.0021;0.9618;-0.9623;0.0695;25.825469
1283;2570;-0.0021;0.9642;-0.9641;0.0683;25.825470
1283;2571;-0.0021;0.9652;-0.9645;0.0680;25.825471
1283;2572;-0.0021;0.9633;-0.9621;0.0696;25.825472
1283;2573;-0.0021;0.9617;-0.9598;0.0705;25.825473
1283;2574;-0.0021;0.9617;-0.9592;0.0704;25.825474
1283;2575;-0.0021;0.9623;-0.9592;0.0715;25.825475
1283;2576;-0.0021;0.9610;-0.9573;0.0729;25.825476
1283;2577;-0.0021;0.9602;-0.9560;0.0726;25.825477
1283;2578;-0.0021;0.9615;-0.9566;0.0712;25.825478
1283;2579;-0.0021;0.9626;-0.9572;0.0704;25.825479
1283;2580;-0.0021;0.9633;-0.9573;0.0708;25.825480
1283;2581;-0.0021;0.9644;-0.9577;0.0701;25.825481
1283;2582;-0.0021;0.9635;-0.9563;0.0680;25.825482
1283;2583;-0.0021;0.9612;-0.9534;0.0663;25.825483
1283;2584;-0.0021;0.9600;-0.9517;0.0650;25.825484
1283;2585;-0.0021;0.9597;-0.9507;0.0645;25.825485
1283;2586;-0.0021;0.9594;-0.9500;0.0654;25.825486
1283;2587;-0.0021;0.9594;-0.9493;0.0680;25.825487
1283;2588;-0.0021;0.9599;-0.9492;0.0691;25.825488
1283;2589;-0.0021;0.9615;-0.9502;0.0688;25.825489
1283;2590;-0.0021;0.9639;-0.9520;0.0695;25.825490
1283;2591;-0.0021;0.9652;-0.9527;0.0696;25.825491
1283;2592;-0.0021;0.9648;-0.9518;0.0689;25.825492
1283;2593;-0.0021;0.9648;-0.9511;0.0677;25.825493
1283;2594;-0.0021;0.9644;-0.9502;0.0666;25.825494
1283;2595;-0.0021;0.9637;-0.9489;0.0670;25.825495
1283;2596;-0.0021;0.9634;-0.9479;0.0669;25.825496
1283;2597;-0.0021;0.9628;-0.9468;0.0659;25.825497
1283;2598;-0.0021;0.9624;-0.9459;0.0672;25.825498
1283;2599;-0.0021;0.9614;-0.9444;0.0684;25.825499
1283;2600;-0.0021;0.9609;-0.9432;0.0689;25.825500
1283;2601;-0.0021;0.9619;-0.9437;0.0682;25.825501
1283;2602;-0.0021;0.9622;-0.9434;0.0677;25.825502
1283;2603;-0.0021;0.9616;-0.9422;0.0672;25.825503
1283;2604;-0.0021;0.9629;-0.9429;0.0668;25.825504
1283;2605;-0.0021;0.9628;-0.9423;0.0676;25.825505
1283;2606;-0.0021;0.9626;-0.9414;0.0677;25.825506
1283;2607;-0.0021;0.9635;-0.9418;0.0671;25.825507
1283;2608;-0.0021;0.9637;-0.9414;0.0673;25.825508
1283;2609;-0.0021;0.9633;-0.9404;0.0683;25.825509
1283;2610;-0.0021;0.9628;-0.9393;0.0697;25.825510
1283;2611;-0.0021;0.9622;-0.9381;0.0703;25.825511
1283;2612;-0.0021;0.9630;-0.9384;0.0702;25.825512
1283;2613;-0.0021;0.9639;-0.9387;0.0709;25.825513
1283;2614;-0.0021;0.9632;-0.9374;0.0713;25.825514
1283;2615;-0.0021;0.9619;-0.9356;0.0716;25.825515
1283;2616;-0.0021;0.9622;-0.9353;0.0722;25.825516
1283;2617;-0.0021;0.9634;-0.9359;0.0722;25.825517
1283;2618;-0.0021;0.9634;-0.9353;0.0721;25.825518
1283;2619;-0.0021;0.9641;-0.9354;0.0717;25.825519
1283;2620;-0.0021;0.9658;-0.9365;0.0719;25.825520
1283;2621;-0.0021;0.9659;-0.9360;0.0738;25.825521
1283;2622;-0.0021;0.9644;-0.9340;0.0747;25.825522
1283;2623;-0.0021;0.9625;-0.9315;0.0743;25.825523
1283;2624;-0.0021;0.9620;-0.9305;0.0730;25.825524
1283;2625;-0.0021;0.9621;-0.9301;0.0726;25.825525
1283;2626;-0.0021;0.9623;-0.9297;0.0740;25.825526
1283;2627;-0.0021;0.9623;-0.9291;0.0750;25.825527
1283;2628;-0.0021;0.9628;-0.9289;0.0754;25.825528
1283;2629;-0.0021;0.9632;-0.9289;0.0763;25.825529
1283;2630;-0.0021;0.9635;-0.9285;0.0772;25.825530
1283;2631;-0.0021;0.9635;-0.9279;0.0777;25.825531
1283;2632;-0.0021;0.9638;-0.9276;0.0782;25.825532
1283;2633;-0.0021;0.9639;-0.9272;0.0788;25.825533
1283;2634;-0.0021;0.9631;-0.9259;0.0779;25.825534
1283;2635;-0.0021;0.9627;-0.9249;0.0759;25.825535
1283;2636;-0.0021;0.9634;-0.9250;0.0742;25.825536
1283;2637;-0.0021;0.9638;-0.9248;0.0736;25.825537
1283;2638;-0.0021;0.9626;-0.9231;0.0729;25.825538
1283;2639;-0.0021;0.9634;-0.9233;0.0722;25.825539
1283;2640;-0.0021;0.9655;-0.9248;0.0728;25.825540
1283;2641;-0.0021;0.9663;-0.9250;0.0742;25.825541
1283;2642;-0.0021;0.9672;-0.9253;0.0749;25.825542
1283;2643;-0.0021;0.9672;-0.9247;0.0745;25.825543
1283;2644;-0.0021;0.9668;-0.9238;0.0721;25.825544
1283;2645;-0.0021;0.9663;-0.9227;0.0707;25.825545
1283;2646;-0.0020;0.9655;-0.9214;0.0720;25.825546
1283;2647;-0.0021;0.9660;-0.9213;0.0713;25.825547
1283;2648;-0.0021;0.9662;-0.9210;0.0698;25.825548
1283;2649;-0.0020;0.9659;-0.9201;0.0695;25.825549
1283;2650;-0.0020;0.9659;-0.9196;0.0703;25.825550
1283;2651;-0.0021;0.9676;-0.9206;0.0710;25.825551
1283;2652;-0.0020;0.9687;-0.9210;0.0699;25.825552
1283;2653;-0.0020;0.9663;-0.9183;0.0690;25.825553
1283;2654;-0.0020;0.9644;-0.9158;0.0702;25.825554
1283;2655;-0.0020;0.9631;-0.9141;0.0699;25.825555
1283;2656;-0.0020;0.9624;-0.9128;0.0701;25.825556
1283;2657;-0.0020;0.9630;-0.9129;0.0708;25.825557
1283;2658;-0.0020;0.9633;-0.9126;0.0716;25.825558
1283;2659;-0.0020;0.9622;-0.9110;0.0721;25.825559
1283;2660;-0.0020;0.9622;-0.9104;0.0727;25.825560
1283;2661;-0.0020;0.9638;-0.9113;0.0739;25.825561
1283;2662;-0.0020;0.9642;-0.9111;0.0744;25.825562
1283;2663;-0.0020;0.9634;-0.9098;0.0737;25.825563
1283;2664;-0.0020;0.9632;-0.9091;0.0734;25.825564
1283;2665;-0.0020;0.9646;-0.9099;0.0731;25.825565
1283;2666;-0.0020;0.9661;-0.9107;0.0727;25.825566
1283;2667;-0.0020;0.9665;-0.9105;0.0732;25.825567
1283;2668;-0.0020;0.9665;-0.9100;0.0730;25.825568
1283;2669;-0.0020;0.9661;-0.9090;0.0727;25.825569
1283;2670;-0.0020;0.9664;-0.9087;0.0720;25.825570
1283;2671;-0.0020;0.9671;-0.9089;0.0705;25.825571
1283;2672;-0.0020;0.9666;-0.9078;0.0694;25.825572
1283;2673;-0.0020;0.9662;-0.9069;0.0685;25.825573
1283;2674;-0.0020;0.9673;-0.9073;0.0678;25.825574
1283;2675;-0.0020;0.9677;-0.9072;0.0674;25.825575
1283;2676;-0.0020;0.9675;-0.9064;0.0665;25.825576
1283;2677;-0.0020;0.9668;-0.9052;0.0664;25.825577
1283;2678;-0.0020;0.9654;-0.9033;0.0678;25.825578
1283;2679;-0.0020;0.9631;-0.9006;0.0704;25.825579
1283;2680;-0.0020;0.9621;-0.8992;0.0711;25.825580
1283;2681;-0.0020;0.9630;-0.8994;0.0707;25.825581
1283;2682;-0.0020;0.9646;-0.9004;0.0692;25.825582
1283;2683;-0.0020;0.9657;-0.9008;0.0679;25.825583
1283;2684;-0.0020;0.9667;-0.9012;0.0684;25.825584
1283;2685;-0.0020;0.9676;-0.9016;0.0678;25.825585
1283;2686;-0.0020;0.9660;-0.8995;0.0692;25.825586
1283;2687;-0.0020;0.9637;-0.8968;0.0701;25.825587
1283;2688;-0.0020;0.9638;-0.8963;0.0697;25.825588
1283;2689;-0.0020;0.9652;-0.8970;0.0692;25.825589
1283;2690;-0.0020;0.9668;-0.8981;0.0693;25.825590
1283;2691;-0.0020;0.9671;-0.8977;0.0701;25.825591
1283;2692;-0.0020;0.9664;-0.8966;0.0708;25.825592
1283;2693;-0.0020;0.9669;-0.8965;0.0710;25.825593
1283;2694;-0.0020;0.9681;-0.8970;0.0713;25.825594
1283;2695;-0.0020;0.9685;-0.8968;0.0695;25.825595
1283;2696;-0.0020;0.9674;-0.8952;0.0679;25.825596
1283;2697;-0.0020;0.9647;-0.8922;0.0690;25.825597
1283;2698;-0.0020;0.9623;-0.8894;0.0679;25.825598
1283;2699;-0.0020;0.9603;-0.8871;0.0673;25.825599
1283;2700;-0.0020;0.9615;-0.8876;0.0679;25.825600
1283;2701;-0.0020;0.9640;-0.8893;0.0664;25.825601
1283;2702;-0.0020;0.9636;-0.8884;0.0666;25.825602
1283;2703;-0.0020;0.9630;-0.8873;0.0691;25.825603
1283;2704;-0.0020;0.9639;-0.8876;0.0702;25.825604
1283;2705;-0.0020;0.9654;-0.8885;0.0709;25.825605
1283;2706;-0.0020;0.9665;-0.8889;0.0705;25.825606
1283;2707;-0.0020;0.9654;-0.8875;0.0707;25.825607
1283;2708;-0.0020;0.9651;-0.8865;0.0701;25.825608
1283;2709;-0.0020;0.9658;-0.8866;0.0690;25.825609
1283;2710;-0.0020;0.9659;-0.8862;0.0693;25.825610
1283;2711;-0.0020;0.9657;-0.8854;0.0703;25.825611
1283;2712;-0.0020;0.9659;-0.8852;0.0708;25.825612
1283;2713;-0.0020;0.9661;-0.8847;0.0711;25.825613
1283;2714;-0.0020;0.9656;-0.8837;0.0706;25.825614
1283;2715;-0.0020;0.9661;-0.8836;0.0704;25.825615
1283;2716;-0.0020;0.9671;-0.8841;0.0698;25.825616
1283;2717;-0.0020;0.9680;-0.8842;0.0709;25.825617
1283;2718;-0.0020;0.9684;-0.8842;0.0694;25.825618
1283;2719;-0.0020;0.9675;-0.8828;0.0690;25.825619
1283;2720;-0.0020;0.9660;-0.8809;0.0703;25.825620
1283;2721;-0.0020;0.9641;-0.8785;0.0700;25.825621
1283;2722;-0.0020;0.9645;-0.8784;0.0692;25.825622
1283;2723;-0.0020;0.9651;-0.8784;0.0691;25.825623
1283;2724;-0.0020;0.9659;-0.8786;0.0702;25.825624
1283;2725;-0.0020;0.9683;-0.8802;0.0717;25.825625
1283;2726;-0.0020;0.9696;-0.8808;0.0717;25.825626
1283;2727;-0.0020;0.9676;-0.8785;0.0724;25.825627
1283;2728;-0.0020;0.9672;-0.8776;0.0739;25.825628
1283;2729;-0.0020;0.9664;-0.8764;0.0744;25.825629
1283;2730;-0.0020;0.9650;-0.8745;0.0739;25.825630
1283;2731;-0.0020;0.9635;-0.8726;0.0740;25.825631
1283;2732;-0.0020;0.9638;-0.8723;0.0739;25.825632
1283;2733;-0.0020;0.9642;-0.8722;0.0731;25.825633
1283;2734;-0.0020;0.9656;-0.8729;0.0724;25.825634
1283;2735;-0.0020;0.9680;-0.8746;0.0708;25.825635
1283;2736;-0.0020;0.9692;-0.8751;0.0685;25.825636
1283;2737;-0.0020;0.9664;-0.8720;0.0673;25.825637
1283;2738;-0.0020;0.9639;-0.8692;0.0698;25.825638
1283;2739;-0.0019;0.9629;-0.8678;0.0721;25.825639
1283;2740;-0.0019;0.9621;-0.8666;0.0740;25.825640
1283;2741;-0.0019;0.9626;-0.8664;0.0732;25.825641
1283;2742;-0.0019;0.9632;-0.8665;0.0709;25.825642
1283;2743;-0.0019;0.9626;-0.8653;0.0703;25.825643
1283;2744;-0.0019;0.9616;-0.8640;0.0708;25.825644
1283;2745;-0.0019;0.9611;-0.8629;0.0708;25.825645
1283;2746;-0.0019;0.9630;-0.8642;0.0705;25.825646
1283;2747;-0.0019;0.9657;-0.8660;0.0703;25.825647
1283;2748;-0.0019;0.9654;-0.8653;0.0684;25.825648
1283;2749;-0.0019;0.9642;-0.8636;0.0662;25.825649
1283;2750;-0.0019;0.9640;-0.8629;0.0671;25.825650
1283;2751;-0.0019;0.9671;-0.8652;0.0684;25.825651
1283;2752;-0.0019;0.9688;-0.8661;0.0685;25.825652
1283;2753;-0.0019;0.9682;-0.8651;0.0699;25.825653
1283;2754;-0.0019;0.9669;-0.8634;0.0701;25.825654
1283;2755;-0.0019;0.9677;-0.8635;0.0685;25.825655
1283;2756;-0.0019;0.9673;-0.8626;0.0684;25.825656
1283;2757;-0.0019;0.9663;-0.8613;0.0694;25.825657
1283;2758;-0.0019;0.9671;-0.8614;0.0699;25.825658
1283;2759;-0.0019;0.9684;-0.8620;0.0693;25.825659
1283;2760;-0.0019;0.9687;-0.8618;0.0695;25.825660
1283;2761;-0.0019;0.9686;-0.8611;0.0705;25.825661
1283;2762;-0.0019;0.9678;-0.8599;0.0708;25.825662
1283;2763;-0.0019;0.9655;-0.8573;0.0703;25.825663
1283;2764;-0.0019;0.9626;-0.8543;0.0695;25.825664
1283;2765;-0.0019;0.9624;-0.8535;0.0676;25.825665
1283;2766;-0.0019;0.9647;-0.8550;0.0674;25.825666
1283;2767;-0.0019;0.9651;-0.8548;0.0677;25.825667
1283;2768;-0.0019;0.9644;-0.8537;0.0679;25.825668
1283;2769;-0.0019;0.9629;-0.8519;0.0673;25.825669
1283;2770;-0.0019;0.9624;-0.8509;0.0667;25.825670
1283;2771;-0.0019;0.9664;-0.8539;0.0695;25.825671
1283;2772;-0.0019;0.9689;-0.8556;0.0723;25.825672
1283;2773;-0.0019;0.9681;-0.8543;0.0733;25.825673
1283;2774;-0.0019;0.9666;-0.8525;0.0735;25.825674
1283;2775;-0.0019;0.9664;-0.8518;0.0731;25.825675
1283;2776;-0.0019;0.9681;-0.8527;0.0724;25.825676
1283;2777;-0.0019;0.9681;-0.8522;0.0728;25.825677
1283;2778;-0.0019;0.9669;-0.8506;0.0714;25.825678
1283;2779;-0.0019;0.9666;-0.8499;0.0711;25.825679
1283;2780;-0.0019;0.9665;-0.8492;0.0717;25.825680
1283;2781;-0.0019;0.9657;-0.8480;0.0706;25.825681
1283;2782;-0.0019;0.9647;-0.8467;0.0694;25.825682
1283;2783;-0.0019;0.9648;-0.8462;0.0705;25.825683
1283;2784;-0.0019;0.9656;-0.8463;0.0721;25.825684
1283;2785;-0.0019;0.9651;-0.8454;0.0726;25.825685
1283;2786;-0.0019;0.9650;-0.8448;0.0714;25.825686
1283;2787;-0.0019;0.9648;-0.8441;0.0701;25.825687
1283;2788;-0.0019;0.9654;-0.8441;0.0690;25.825688
1283;2789;-0.0019;0.9650;-0.8432;0.0696;25.825689
1283;2790;-0.0019;0.9660;-0.8436;0.0722;25.825690
1283;2791;-0.0019;0.9676;-0.8444;0.0723;25.825691
1283;2792;-0.0019;0.9653;-0.8420;0.0695;25.825692
1283;2793;-0.0019;0.9631;-0.8394;0.0702;25.825693
1283;2794;-0.0019;0.9635;-0.8393;0.0734;25.825694
1283;2795;-0.0019;0.9637;-0.8390;0.0751;25.825695
1283;2796;-0.0019;0.9638;-0.8385;0.0742;25.825696
1283;2797;-0.0019;0.9640;-0.8382;0.0727;25.825697
1283;2798;-0.0019;0.9657;-0.8391;0.0729;25.825698
1283;2799;-0.0019;0.9666;-0.8394;0.0731;25.825699
1283;2800;-0.0019;0.9659;-0.8383;0.0736;25.825700
1283;2801;-0.0019;0.9651;-0.8371;0.0710;25.825701
1283;2802;-0.0019;0.9650;-0.8364;0.0688;25.825702
1283;2803;-0.0019;0.9650;-0.8360;0.0703;25.825703
1283;2804;-0.0019;0.9657;-0.8360;0.0729;25.825704
1283;2805;-0.0019;0.9671;-0.8368;0.0738;25.825705
1283;2806;-0.0019;0.9672;-0.8363;0.0737;25.825706
1283;2807;-0.0019;0.9660;-0.8348;0.0737;25.825707
1283;2808;-0.0019;0.9652;-0.8336;0.0740;25.825708
1283;2809;-0.0019;0.9661;-0.8338;0.0729;25.825709
1283;2810;-0.0019;0.9663;-0.8334;0.0705;25.825710
1283;2811;-0.0019;0.9653;-0.8321;0.0700;25.825711
1283;2812;-0.0019;0.9658;-0.8320;0.0708;25.825712
1283;2813;-0.0019;0.9661;-0.8317;0.0708;25.825713
1283;2814;-0.0019;0.9654;-0.8306;0.0709;25.825714
1283;2815;-0.0019;0.9658;-0.8304;0.0704;25.825715
1283;2816;-0.0019;0.9661;-0.8302;0.0692;25.825716
1283;2817;-0.0019;0.9673;-0.8306;0.0683;25.825717
1283;2818;-0.0019;0.9672;-0.8302;0.0684;25.825718
1283;2819;-0.0019;0.9664;-0.8289;0.0689;25.825719
1283;2820;-0.0019;0.9642;-0.8266;0.0693;25.825720
1283;2821;-0.0019;0.9621;-0.8242;0.0707;25.825721
1283;2822;-0.0019;0.9614;-0.8231;0.0716;25.825722
1283;2823;-0.0019;0.9610;-0.8222;0.0726;25.825723
1283;2824;-0.0019;0.9630;-0.8234;0.0726;25.825724
1283;2825;-0.0019;0.9665;-0.8259;0.0714;25.825725
1283;2826;-0.0019;0.9665;-0.8254;0.0729;25.825726
1283;2827;-0.0019;0.9632;-0.8221;0.0749;25.825727
1283;2828;-0.0019;0.9621;-0.8205;0.0746;25.825728
1283;2829;-0.0019;0.9645;-0.8221;0.0732;25.825729
1283;2830;-0.0019;0.9647;-0.8217;0.0718;25.825730
1283;2831;-0.0019;0.9629;-0.8198;0.0718;25.825731
1283;2832;-0.0019;0.9640;-0.8201;0.0721;25.825732
1283;2833;-0.0019;0.9654;-0.8209;0.0725;25.825733
1283;2834;-0.0019;0.9671;-0.8218;0.0737;25.825734
1283;2835;-0.0019;0.9667;-0.8209;0.0739;25.825735
1283;2836;-0.0019;0.9645;-0.8185;0.0741;25.825736
1283;2837;-0.0019;0.9637;-0.8174;0.0744;25.825737
1283;2838;-0.0018;0.9630;-0.8163;0.0741;25.825738
1283;2839;-0.0019;0.9634;-0.8161;0.0737;25.825739
1283;2840;-0.0019;0.9633;-0.8155;0.0738;25.825740
1283;2841;-0.0018;0.9614;-0.8133;0.0744;25.825741
1283;2842;-0.0018;0.9614;-0.8129;0.0734;25.825742
1283;2843;-0.0018;0.9630;-0.8137;0.0724;25.825743
1283;2844;-0.0018;0.9643;-0.8144;0.0741;25.825744
1283;2845;-0.0018;0.9633;-0.8130;0.0747;25.825745
1283;2846;-0.0018;0.9622;-0.8116;0.0747;25.825746
1283;2847;-0.0018;0.9628;-0.8116;0.0751;25.825747
1283;2848;-0.0018;0.9622;-0.8105;0.0751;25.825748
1283;2849;-0.0018;0.9617;-0.8096;0.0759;25.825749
1283;2850;-0.0018;0.9615;-0.8089;0.0775;25.825750
1283;2851;-0.0018;0.9618;-0.8087;0.0781;25.825751
1283;2852;-0.0018;0.9637;-0.8098;0.0765;25.825752
1283;2853;-0.0018;0.9666;-0.8118;0.0742;25.825753
1283;2854;-0.0018;0.9660;-0.8106;0.0727;25.825754
1283;2855;-0.0018;0.9623;-0.8071;0.0712;25.825755
1283;2856;-0.0018;0.9608;-0.8053;0.0711;25.825756
1283;2857;-0.0018;0.9617;-0.8056;0.0735;25.825757
1283;2858;-0.0018;0.9639;-0.8069;0.0747;25.825758
1283;2859;-0.0018;0.9647;-0.8072;0.0742;25.825759
1283;2860;-0.0018;0.9646;-0.8065;0.0724;25.825760
1283;2861;-0.0018;0.9646;-0.8060;0.0716;25.825761
1283;2862;-0.0018;0.9658;-0.8065;0.0723;25.825762
1283;2863;-0.0018;0.9660;-0.8062;0.0733;25.825763
1283;2864;-0.0018;0.9649;-0.8048;0.0749;25.825764
1283;2865;-0.0018;0.9640;-0.8035;0.0750;25.825765
1283;2866;-0.0018;0.9639;-0.8030;0.0743;25.825766
1283;2867;-0.0018;0.9649;-0.8032;0.0741;25.825767
1283;2868;-0.0018;0.9657;-0.8034;0.0737;25.825768
1283;2869;-0.0018;0.9665;-0.8035;0.0714;25.825769
1283;2870;-0.0018;0.9667;-0.8032;0.0690;25.825770
1283;2871;-0.0018;0.9666;-0.8026;0.0687;25.825771
1283;2872;-0.0018;0.9647;-0.8006;0.0701;25.825772
1283;2873;-0.0018;0.9631;-0.7988;0.0714;25.825773
1283;2874;-0.0018;0.9639;-0.7989;0.0710;25.825774
1283;2875;-0.0018;0.9658;-0.8000;0.0715;25.825775
1283;2876;-0.0018;0.9659;-0.7995;0.0728;25.825776
1283;2877;-0.0018;0.9640;-0.7975;0.0738;25.825777
1283;2878;-0.0018;0.9627;-0.7959;0.0755;25.825778
1283;2879;-0.0018;0.9629;-0.7956;0.0754;25.825779
1283;2880;-0.0018;0.9643;-0.7962;0.0743;25.825780
1283;2881;-0.0018;0.9642;-0.7957;0.0749;25.825781
1283;2882;-0.0018;0.9639;-0.7950;0.0766;25.825782
1283;2883;-0.0018;0.9631;-0.7938;0.0757;25.825783
1283;2884;-0.0018;0.9614;-0.7919;0.0743;25.825784
1283;2885;-0.0018;0.9609;-0.7910;0.0733;25.825785
1283;2886;-0.0018;0.9622;-0.7915;0.0729;25.825786
1283;2887;-0.0018;0.9641;-0.7926;0.0737;25.825787
1283;2888;-0.0018;0.9639;-0.7920;0.0746;25.825788
1283;2889;-0.0018;0.9621;-0.7899;0.0744;25.825789
1283;2890;-0.0018;0.9612;-0.7888;0.0736;25.825790
1283;2891;-0.0018;0.9617;-0.7886;0.0735;25.825791
1283;2892;-0.0018;0.9628;-0.7891;0.0741;25.825792
1283;2893;-0.0018;0.9630;-0.7887;0.0752;25.825793
1283;2894;-0.0018;0.9620;-0.7875;0.0766;25.825794
1283;2895;-0.0018;0.9622;-0.7871;0.0775;25.825795
1283;2896;-0.0018;0.9623;-0.7867;0.0767;25.825796
1283;2897;-0.0018;0.9622;-0.7862;0.0753;25.825797
1283;2898;-0.0018;0.9626;-0.7860;0.0764;25.825798
1283;2899;-0.0018;0.9625;-0.7854;0.0790;25.825799
1283;2900;-0.0018;0.9608;-0.7835;0.0799;25.825800
1283;2901;-0.0018;0.9601;-0.7824;0.0795;25.825801
1283;2902;-0.0018;0.9610;-0.7827;0.0795;25.825802
1283;2903;-0.0018;0.9615;-0.7826;0.0775;25.825803
1283;2904;-0.0018;0.9601;-0.7810;0.0747;25.825804
1283;2905;-0.0018;0.9586;-0.7793;0.0745;25.825805
1283;2906;-0.0018;0.9590;-0.7791;0.0742;25.825806
1283;2907;-0.0018;0.9599;-0.7794;0.0732;25.825807
1283;2908;-0.0018;0.9619;-0.7805;0.0718;25.825808
1283;2909;-0.0018;0.9615;-0.7797;0.0704;25.825809
1283;2910;-0.0018;0.9608;-0.7786;0.0693;25.825810
1283;2911;-0.0018;0.9607;-0.7780;0.0692;25.825811
1283;2912;-0.0018;0.9593;-0.7764;0.0702;25.825812
1283;2913;-0.0018;0.9596;-0.7761;0.0728;25.825813
1283;2914;-0.0018;0.9612;-0.7770;0.0749;25.825814
1283;2915;-0.0018;0.9617;-0.7768;0.0756;25.825815
1283;2916;-0.0018;0.9619;-0.7766;0.0753;25.825816
1283;2917;-0.0018;0.9615;-0.7757;0.0746;25.825817
1283;2918;-0.0018;0.9620;-0.7757;0.0767;25.825818
1283;2919;-0.0018;0.9633;-0.7763;0.0803;25.825819
1283;2920;-0.0018;0.9631;-0.7757;0.0795;25.825820
1283;2921;-0.0018;0.9608;-0.7732;0.0771;25.825821
1283;2922;-0.0018;0.9595;-0.7717;0.0765;25.825822
1283;2923;-0.0018;0.9588;-0.7707;0.0770;25.825823
1283;2924;-0.0018;0.9591;-0.7704;0.0776;25.825824
1283;2925;-0.0018;0.9606;-0.7711;0.0782;25.825825
1283;2926;-0.0018;0.9612;-0.7711;0.0790;25.825826
1283;2927;-0.0018;0.9603;-0.7699;0.0797;25.825827
1283;2928;-0.0018;0.9594;-0.7687;0.0806;25.825828
1283;2929;-0.0018;0.9606;-0.7692;0.0798;25.825829
1283;2930;-0.0018;0.9627;-0.7704;0.0789;25.825830
1283;2931;-0.0018;0.9624;-0.7697;0.0780;25.825831
1283;2932;-0.0018;0.9608;-0.7679;0.0794;25.825832
1283;2933;-0.0018;0.9592;-0.7662;0.0795;25.825833
1283;2934;-0.0017;0.9571;-0.7640;0.0787;25.825834
1283;2935;-0.0017;0.9546;-0.7615;0.0775;25.825835
1283;2936;-0.0017;0.9548;-0.7612;0.0770;25.825836
1283;2937;-0.0017;0.9571;-0.7625;0.0785;25.825837
1283;2938;-0.0018;0.9600;-0.7644;0.0782;25.825838
1283;2939;-0.0018;0.9610;-0.7647;0.0768;25.825839
1283;2940;-0.0018;0.9609;-0.7641;0.0785;25.825840
1283;2941;-0.0018;0.9609;-0.7637;0.0797;25.825841
1283;2942;-0.0017;0.9608;-0.7631;0.0796;25.825842
1283;2943;-0.0017;0.9605;-0.7623;0.0783;25.825843
1283;2944;-0.0017;0.9585;-0.7603;0.0768;25.825844
1283;2945;-0.0017;0.9572;-0.7588;0.0770;25.825845
1283;2946;-0.0017;0.9583;-0.7592;0.0776;25.825846
1283;2947;-0.0017;0.9599;-0.7599;0.0785;25.825847
1283;2948;-0.0017;0.9608;-0.7602;0.0785;25.825848
1283;2949;-0.0017;0.9612;-0.7600;0.0781;25.825849
1283;2950;-0.0017;0.9612;-0.7596;0.0794;25.825850
1283;2951;-0.0017;0.9604;-0.7585;0.0807;25.825851
1283;2952;-0.0017;0.9582;-0.7562;0.0802;25.825852
1283;2953;-0.0017;0.9564;-0.7544;0.0817;25.825853
1283;2954;-0.0017;0.9565;-0.7540;0.0822;25.825854
1283;2955;-0.0017;0.9582;-0.7549;0.0818;25.825855
1283;2956;-0.0017;0.9606;-0.7562;0.0807;25.825856
1283;2957;-0.0017;0.9615;-0.7565;0.0799;25.825857
1283;2958;-0.0017;0.9615;-0.7559;0.0797;25.825858
1283;2959;-0.0017;0.9610;-0.7551;0.0787;25.825859
1283;2960;-0.0017;0.9592;-0.7532;0.0792;25.825860
1283;2961;-0.0017;0.9590;-0.7526;0.0794;25.825861
1283;2962;-0.0017;0.9592;-0.7523;0.0794;25.825862
1283;2963;-0.0017;0.9589;-0.7516;0.0803;25.825863
1283;2964;-0.0017;0.9597;-0.7517;0.0817;25.825864
1283;2965;-0.0017;0.9595;-0.7510;0.0821;25.825865
1283;2966;-0.0017;0.9580;-0.7495;0.0812;25.825866
1283;2967;-0.0017;0.9577;-0.7487;0.0802;25.825867
1283;2968;-0.0017;0.9578;-0.7484;0.0798;25.825868
1283;2969;-0.0017;0.9585;-0.7484;0.0818;25.825869
1283;2970;-0.0017;0.9600;-0.7491;0.0828;25.825870
1283;2971;-0.0017;0.9610;-0.7494;0.0826;25.825871
1283;2972;-0.0017;0.9612;-0.7491;0.0825;25.825872
1283;2973;-0.0017;0.9618;-0.7491;0.0823;25.825873
1283;2974;-0.0017;0.9615;-0.7483;0.0812;25.825874
1283;2975;-0.0017;0.9600;-0.7468;0.0820;25.825875
1283;2976;-0.0017;0.9587;-0.7452;0.0839;25.825876
1283;2977;-0.0017;0.9585;-0.7446;0.0843;25.825877
1283;2978;-0.0017;0.9582;-0.7439;0.0848;25.825878
1283;2979;-0.0017;0.9590;-0.7440;0.0841;25.825879
1283;2980;-0.0017;0.9599;-0.7443;0.0840;25.825880
1283;2981;-0.0017;0.9591;-0.7432;0.0849;25.825881
1283;2982;-0.0017;0.9595;-0.7430;0.0851;25.825882
1283;2983;-0.0017;0.9607;-0.7435;0.0840;25.825883
1283;2984;-0.0017;0.9594;-0.7420;0.0821;25.825884
1283;2985;-0.0017;0.9577;-0.7403;0.0815;25.825885
1283;2986;-0.0017;0.9587;-0.7406;0.0827;25.825886
1283;2987;-0.0017;0.9598;-0.7410;0.0838;25.825887
1283;2988;-0.0017;0.9605;-0.7410;0.0833;25.825888
1283;2989;-0.0017;0.9598;-0.7400;0.0817;25.825889
1283;2990;-0.0017;0.9565;-0.7370;0.0823;25.825890
1283;2991;-0.0017;0.9547;-0.7351;0.0840;25.825891
1283;2992;-0.0017;0.9548;-0.7348;0.0872;25.825892
1283;2993;-0.0017;0.9553;-0.7347;0.0875;25.825893
1283;2994;-0.0017;0.9554;-0.7343;0.0855;25.825894
1283;2995;-0.0017;0.9559;-0.7342;0.0838;25.825895
1283;2996;-0.0017;0.9551;-0.7332;0.0827;25.825896
1283;2997;-0.0017;0.9551;-0.7326;0.0838;25.825897
1283;2998;-0.0017;0.9577;-0.7342;0.0856;25.825898
1283;2999;-0.0017;0.9593;-0.7349;0.0862;25.825899
1283;3000;-0.0017;0.9587;-0.7340;0.0851;25.825900
1283;3001;-0.0017;0.9567;-0.7320;0.0840;25.825901
1283;3002;-0.0017;0.9554;-0.7305;0.0847;25.825902
1283;3003;-0.0017;0.9543;-0.7293;0.0859;25.825903
1283;3004;-0.0017;0.9546;-0.7289;0.0875;25.825904
1283;3005;-0.0017;0.9555;-0.7292;0.0882;25.825905
1283;3006;-0.0017;0.9557;-0.7289;0.0889;25.825906
1283;3007;-0.0017;0.9554;-0.7282;0.0903;25.825907
1283;3008;-0.0017;0.9563;-0.7285;0.0918;25.825908
1283;3009;-0.0017;0.9580;-0.7293;0.0910;25.825909
1283;3010;-0.0017;0.9579;-0.7287;0.0896;25.825910
1283;3011;-0.0017;0.9578;-0.7282;0.0895;25.825911
1283;3012;-0.0017;0.9579;-0.7278;0.0881;25.825912
1283;3013;-0.0017;0.9580;-0.7274;0.0886;25.825913
1283;3014;-0.0017;0.9593;-0.7280;0.0920;25.825914
1283;3015;-0.0017;0.9608;-0.7286;0.0935;25.825915
1283;3016;-0.0017;0.9599;-0.7275;0.0930;25.825916
1283;3017;-0.0017;0.9579;-0.7255;0.0921;25.825917
1283;3018;-0.0017;0.9571;-0.7245;0.0905;25.825918
1283;3019;-0.0017;0.9592;-0.7255;0.0885;25.825919
1283;3020;-0.0017;0.9601;-0.7258;0.0865;25.825920
1283;3021;-0.0017;0.9590;-0.7245;0.0863;25.825921
1283;3022;-0.0017;0.9580;-0.7232;0.0884;25.825922
1283;3023;-0.0017;0.9566;-0.7217;0.0922;25.825923
1283;3024;-0.0017;0.9556;-0.7205;0.0932;25.825924
1283;3025;-0.0017;0.9543;-0.7191;0.0917;25.825925
1283;3026;-0.0017;0.9546;-0.7188;0.0909;25.825926
1283;3027;-0.0017;0.9555;-0.7191;0.0919;25.825927
1283;3028;-0.0017;0.9561;-0.7190;0.0919;25.825928
1283;3029;-0.0017;0.9576;-0.7198;0.0902;25.825929
1283;3030;-0.0017;0.9584;-0.7198;0.0884;25.825930
1283;3031;-0.0017;0.9584;-0.7194;0.0893;25.825931
1283;3032;-0.0017;0.9582;-0.7188;0.0899;25.825932
1283;3033;-0.0017;0.9570;-0.7175;0.0889;25.825933
1283;3034;-0.0017;0.9563;-0.7165;0.0873;25.825934
1283;3035;-0.0017;0.9572;-0.7168;0.0883;25.825935
1283;3036;-0.0017;0.9585;-0.7172;0.0912;25.825936
1283;3037;-0.0017;0.9586;-0.7168;0.0921;25.825937
1283;3038;-0.0017;0.9578;-0.7158;0.0918;25.825938
1283;3039;-0.0017;0.9583;-0.7157;0.0924;25.825939
1283;3040;-0.0017;0.9591;-0.7158;0.0932;25.825940
1283;3041;-0.0017;0.9582;-0.7146;0.0921;25.825941
1283;3042;-0.0017;0.9566;-0.7130;0.0912;25.825942
1283;3043;-0.0017;0.9572;-0.7130;0.0906;25.825943
1283;3044;-0.0017;0.9559;-0.7116;0.0900;25.825944
1283;3045;-0.0016;0.9540;-0.7097;0.0900;25.825945
1283;3046;-0.0016;0.9548;-0.7099;0.0896;25.825946
1283;3047;-0.0016;0.9561;-0.7104;0.0896;25.825947
1283;3048;-0.0016;0.9560;-0.7099;0.0885;25.825948
1283;3049;-0.0016;0.9559;-0.7093;0.0878;25.825949
1283;3050;-0.0017;0.9581;-0.7104;0.0887;25.825950
1283;3051;-0.0017;0.9580;-0.7099;0.0898;25.825951
1283;3052;-0.0016;0.9575;-0.7091;0.0906;25.825952
1283;3053;-0.0016;0.9587;-0.7096;0.0897;25.825953
1283;3054;-0.0016;0.9590;-0.7093;0.0888;25.825954
1283;3055;-0.0016;0.9587;-0.7086;0.0880;25.825955
1283;3056;-0.0016;0.9572;-0.7071;0.0882;25.825956
1283;3057;-0.0016;0.9557;-0.7056;0.0921;25.825957
1283;3058;-0.0016;0.9546;-0.7042;0.0943;25.825958
1283;3059;-0.0016;0.9529;-0.7026;0.0952;25.825959
1283;3060;-0.0016;0.9532;-0.7024;0.0963;25.825960
1283;3061;-0.0016;0.9542;-0.7026;0.0991;25.825961
1283;3062;-0.0016;0.9536;-0.7017;0.1011;25.825962
1283;3063;-0.0016;0.9512;-0.6995;0.1056;25.825963
1283;3064;-0.0016;0.9475;-0.6963;0.1168;25.825964
1283;3065;-0.0016;0.9423;-0.6920;0.1367;25.825965
1283;3066;-0.0016;0.9378;-0.6884;0.1703;25.825966
1283;3067;-0.0016;0.9349;-0.6857;0.2253;25.825967
1283;3068;-0.0016;0.9324;-0.6836;0.2847;25.825968
1283;3069;-0.0016;0.9307;-0.6818;0.3453;25.825969
1283;3070;-0.0016;0.9299;-0.6808;0.3950;25.825970
1283;3071;-0.0016;0.9298;-0.6802;0.4289;25.825971
1283;3072;-0.0016;0.9299;-0.6799;0.4483;25.825972
1283;3073;-0.0016;0.9302;-0.6797;0.4580;25.825973
1283;3074;-0.0016;0.9305;-0.6795;0.4652;25.825974
1283;3075;-0.0016;0.9306;-0.6791;0.4713;25.825975
1283;3076;-0.0016;0.9302;-0.6784;0.4773;25.825976
1283;3077;-0.0016;0.9299;-0.6777;0.4834;25.825977
1283;3078;-0.0016;0.9299;-0.6773;0.4907;25.825978
1283;3079;-0.0016;0.9299;-0.6769;0.4979;25.825979
1283;3080;-0.0016;0.9300;-0.6764;0.5056;25.825980
1283;3081;-0.0016;0.9294;-0.6757;0.5032;25.825981
1283;3082;-0.0016;0.9285;-0.6745;0.5044;25.825982
1283;3083;-0.0016;0.9287;-0.6743;0.5044;25.825983
1283;3084;-0.0016;0.9297;-0.6745;0.5019;25.825984
1283;3085;-0.0016;0.9300;-0.6743;0.5019;25.825985
1283;3086;-0.0016;0.9302;-0.6740;0.5032;25.825986
1283;3087;-0.0016;0.9300;-0.6734;0.5019;25.825987
1283;3088;-0.0016;0.9297;-0.6728;0.4983;25.825988
1283;3089;-0.0016;0.9300;-0.6725;0.4921;25.825989
1283;3090;-0.0016;0.9303;-0.6724;0.4885;25.825990
1283;3091;-0.0016;0.9301;-0.6718;0.4848;25.825991
1283;3092;-0.0016;0.9294;-0.6709;0.4848;25.825992
1283;3093;-0.0016;0.9291;-0.6701;0.4885;25.825993
1283;3094;-0.0016;0.9294;-0.6700;0.4909;25.825994
1283;3095;-0.0016;0.9300;-0.6699;0.4897;25.825995
1283;3096;-0.0016;0.9300;-0.6696;0.4848;25.825996
1283;3097;-0.0016;0.9297;-0.6688;0.4824;25.825997
1283;3098;-0.0016;0.9295;-0.6683;0.4811;25.825998
1283;3099;-0.0016;0.9293;-0.6677;0.4848;25.825999
1283;3100;-0.0016;0.9292;-0.6672;0.4909;25.826000
1283;3101;-0.0016;0.9292;-0.6668;0.4921;25.826001
1283;3102;-0.0016;0.9294;-0.6665;0.4921;25.826002
1283;3103;-0.0016;0.9300;-0.6665;0.4934;25.826003
1283;3104;-0.0016;0.9300;-0.6660;0.4958;25.826004
1283;3105;-0.0016;0.9298;-0.6655;0.4970;25.826005
1283;3106;-0.0016;0.9298;-0.6650;0.4934;25.826006
1283;3107;-0.0016;0.9295;-0.6644;0.4921;25.826007
1283;3108;-0.0015;0.9299;-0.6642;0.4909;25.826008
1283;3109;-0.0015;0.9301;-0.6640;0.4836;25.826009
1283;3110;-0.0015;0.9300;-0.6635;0.4775;25.826010
1283;3111;-0.0015;0.9299;-0.6630;0.4738;25.826011
1283;3112;-0.0015;0.9297;-0.6624;0.4762;25.826012
1283;3113;-0.0015;0.9297;-0.6620;0.4824;25.826013
1283;3114;-0.0015;0.9303;-0.6620;0.4848;25.826014
1283;3115;-0.0015;0.9300;-0.6613;0.4872;25.826015
1283;3116;-0.0015;0.9300;-0.6609;0.4872;25.826016
1283;3117;-0.0015;0.9298;-0.6603;0.4872;25.826017
1283;3118;-0.0015;0.9303;-0.6603;0.4885;25.826018
1283;3119;-0.0015;0.9307;-0.6600;0.4885;25.826019
1283;3120;-0.0015;0.9304;-0.6595;0.4921;25.826020
1283;3121;-0.0015;0.9302;-0.6589;0.5006;25.826021
1283;3122;-0.0015;0.9300;-0.6584;0.4994;25.826022
1283;3123;-0.0015;0.9296;-0.6577;0.5018;25.826023
1283;3124;-0.0015;0.9291;-0.6569;0.5043;25.826024
1283;3125;-0.0015;0.9289;-0.6563;0.5068;25.826025
1283;3126;-0.0015;0.9291;-0.6560;0.5080;25.826026
1283;3127;-0.0015;0.9293;-0.6557;0.5080;25.826027
1283;3128;-0.0015;0.9294;-0.6553;0.5056;25.826028
1283;3129;-0.0015;0.9295;-0.6550;0.5006;25.826029
1283;3130;-0.0015;0.9299;-0.6548;0.4981;25.826030
1283;3131;-0.0015;0.9304;-0.6547;0.4969;25.826031
1283;3132;-0.0015;0.9303;-0.6543;0.4969;25.826032
1283;3133;-0.0015;0.9300;-0.6537;0.4981;25.826033
1283;3134;-0.0015;0.9302;-0.6533;0.4920;25.826034
1283;3135;-0.0015;0.9298;-0.6527;0.4858;25.826035
1283;3136;-0.0015;0.9293;-0.6519;0.4808;25.826036
1283;3137;-0.0015;0.9291;-0.6513;0.4784;25.826037
1283;3138;-0.0015;0.9293;-0.6510;0.4796;25.826038
1283;3139;-0.0015;0.9295;-0.6507;0.4821;25.826039
1283;3140;-0.0015;0.9299;-0.6506;0.4845;25.826040
1283;3141;-0.0015;0.9303;-0.6504;0.4858;25.826041
1283;3142;-0.0015;0.9303;-0.6500;0.4845;25.826042
1283;3143;-0.0015;0.9303;-0.6496;0.4845;25.826043
1283;3144;-0.0015;0.9305;-0.6493;0.4870;25.826044
1283;3145;-0.0015;0.9305;-0.6488;0.4932;25.826045
1283;3146;-0.0015;0.9302;-0.6482;0.4957;25.826046
1283;3147;-0.0015;0.9307;-0.6481;0.4969;25.826047
1283;3148;-0.0015;0.9311;-0.6480;0.5018;25.826048
1283;3149;-0.0015;0.9305;-0.6472;0.5056;25.826049
1283;3150;-0.0015;0.9300;-0.6464;0.5056;25.826050
1283;3151;-0.0015;0.9299;-0.6459;0.5018;25.826051
1283;3152;-0.0015;0.9302;-0.6457;0.5006;25.826052
1283;3153;-0.0015;0.9309;-0.6458;0.5068;25.826053
1283;3154;-0.0015;0.9311;-0.6455;0.5142;25.826054
1283;3155;-0.0015;0.9308;-0.6449;0.5154;25.826055
1283;3156;-0.0015;0.9309;-0.6445;0.5142;25.826056
1283;3157;-0.0015;0.9309;-0.6441;0.5130;25.826057
1283;3158;-0.0015;0.9301;-0.6431;0.5142;25.826058
1283;3159;-0.0015;0.9297;-0.6424;0.5142;25.826059
1283;3160;-0.0015;0.9298;-0.6420;0.5247;25.826060
1283;3161;-0.0015;0.9304;-0.6421;0.5229;25.826061
1283;3162;-0.0015;0.9300;-0.6414;0.5222;25.826062
1283;3163;-0.0015;0.9293;-0.6405;0.5147;25.826063
1283;3164;-0.0015;0.9294;-0.6401;0.5072;25.826064
1283;3165;-0.0015;0.9299;-0.6400;0.5022;25.826065
1283;3166;-0.0015;0.9299;-0.6396;0.5047;25.826066
1283;3167;-0.0015;0.9293;-0.6388;0.5084;25.826067
1283;3168;-0.0015;0.9292;-0.6383;0.5122;25.826068
1283;3169;-0.0015;0.9299;-0.6383;0.5184;25.826069
1283;3170;-0.0015;0.9303;-0.6382;0.5222;25.826070
1283;3171;-0.0015;0.9303;-0.6378;0.5209;25.826071
1283;3172;-0.0015;0.9304;-0.6375;0.5184;25.826072
1283;3173;-0.0015;0.9300;-0.6368;0.5159;25.826073
1283;3174;-0.0015;0.9301;-0.6364;0.5147;25.826074
1283;3175;-0.0015;0.9300;-0.6359;0.5159;25.826075
1283;3176;-0.0015;0.9302;-0.6356;0.5209;25.826076
1283;3177;-0.0015;0.9299;-0.6350;0.5184;25.826077
1283;3178;-0.0015;0.9297;-0.6344;0.5109;25.826078
1283;3179;-0.0015;0.9296;-0.6339;0.5034;25.826079
1283;3180;-0.0015;0.9292;-0.6332;0.4972;25.826080
1283;3181;-0.0015;0.9297;-0.6332;0.4984;25.826081
1283;3182;-0.0015;0.9309;-0.6336;0.4997;25.826082
1283;3183;-0.0015;0.9308;-0.6331;0.5047;25.826083
1283;3184;-0.0015;0.9307;-0.6326;0.5059;25.826084
1283;3185;-0.0015;0.9307;-0.6322;0.5059;25.826085
1283;3186;-0.0015;0.9309;-0.6319;0.5097;25.826086
1283;3187;-0.0015;0.9309;-0.6315;0.5122;25.826087
1283;3188;-0.0015;0.9299;-0.6304;0.5109;25.826088
1283;3189;-0.0015;0.9295;-0.6297;0.5097;25.826089
1283;3190;-0.0015;0.9298;-0.6295;0.5084;25.826090
1283;3191;-0.0015;0.9306;-0.6296;0.5134;25.826091
1283;3192;-0.0015;0.9313;-0.6296;0.5159;25.826092
1283;3193;-0.0015;0.9313;-0.6292;0.5184;25.826093
1283;3194;-0.0015;0.9306;-0.6284;0.5247;25.826094
1283;3195;-0.0015;0.9302;-0.6277;0.5272;25.826095
1283;3196;-0.0015;0.9303;-0.6274;0.5272;25.826096
1283;3197;-0.0015;0.9303;-0.6269;0.5247;25.826097
1283;3198;-0.0015;0.9300;-0.6263;0.5184;25.826098
1283;3199;-0.0015;0.9300;-0.6259;0.5134;25.826099
1283;3200;-0.0015;0.9297;-0.6253;0.5109;25.826100
1283;3201;-0.0015;0.9300;-0.6251;0.5122;25.826101
1283;3202;-0.0015;0.9307;-0.6251;0.5134;25.826102
1283;3203;-0.0015;0.9306;-0.6246;0.5147;25.826103
1283;3204;-0.0015;0.9300;-0.6238;0.5248;25.826104
1283;3205;-0.0015;0.9298;-0.6233;0.5323;25.826105
1283;3206;-0.0015;0.9297;-0.6227;0.5412;25.826106
1283;3207;-0.0015;0.9300;-0.6226;0.5487;25.826107
1283;3208;-0.0015;0.9300;-0.6222;0.5462;25.826108
1283;3209;-0.0015;0.9296;-0.6215;0.5386;25.826109
1283;3210;-0.0015;0.9292;-0.6208;0.5336;25.826110
1283;3211;-0.0015;0.9298;-0.6208;0.5348;25.826111
1283;3212;-0.0015;0.9306;-0.6209;0.5348;25.826112
1283;3213;-0.0015;0.9306;-0.6205;0.5323;25.826113
1283;3214;-0.0015;0.9307;-0.6201;0.5323;25.826114
1283;3215;-0.0015;0.9306;-0.6197;0.5323;25.826115
1283;3216;-0.0015;0.9304;-0.6191;0.5336;25.826116
1283;3217;-0.0015;0.9308;-0.6190;0.5336;25.826117
1283;3218;-0.0015;0.9308;-0.6186;0.5323;25.826118
1283;3219;-0.0015;0.9308;-0.6181;0.5323;25.826119
1283;3220;-0.0015;0.9310;-0.6179;0.5336;25.826120
1283;3221;-0.0015;0.9308;-0.6174;0.5374;25.826121
1283;3222;-0.0015;0.9308;-0.6169;0.5424;25.826122
1283;3223;-0.0015;0.9311;-0.6167;0.5412;25.826123
1283;3224;-0.0015;0.9313;-0.6165;0.5374;25.826124
1283;3225;-0.0015;0.9310;-0.6158;0.5311;25.826125
1283;3226;-0.0015;0.9304;-0.6150;0.5285;25.826126
1283;3227;-0.0015;0.9305;-0.6147;0.5336;25.826127
1283;3228;-0.0015;0.9308;-0.6145;0.5361;25.826128
1283;3229;-0.0015;0.9312;-0.6143;0.5336;25.826129
1283;3230;-0.0015;0.9314;-0.6140;0.5285;25.826130
1283;3231;-0.0015;0.9308;-0.6133;0.5273;25.826131
1283;3232;-0.0015;0.9304;-0.6126;0.5323;25.826132
1283;3233;-0.0015;0.9302;-0.6120;0.5361;25.826133
1283;3234;-0.0015;0.9302;-0.6116;0.5361;25.826134
1283;3235;-0.0015;0.9305;-0.6115;0.5336;25.826135
1283;3236;-0.0015;0.9309;-0.6112;0.5323;25.826136
1283;3237;-0.0015;0.9309;-0.6109;0.5323;25.826137
1283;3238;-0.0015;0.9309;-0.6104;0.5285;25.826138
1283;3239;-0.0015;0.9306;-0.6098;0.5273;25.826139
1283;3240;-0.0015;0.9309;-0.6096;0.5273;25.826140
1283;3241;-0.0015;0.9309;-0.6092;0.5248;25.826141
1283;3242;-0.0014;0.9304;-0.6085;0.5210;25.826142
1283;3243;-0.0014;0.9300;-0.6078;0.5147;25.826143
1283;3244;-0.0014;0.9301;-0.6075;0.5121;25.826144
1283;3245;-0.0014;0.9303;-0.6071;0.5134;25.826145
1283;3246;-0.0014;0.9298;-0.6065;0.5134;25.826146
1283;3247;-0.0014;0.9301;-0.6063;0.5159;25.826147
1283;3248;-0.0014;0.9309;-0.6064;0.5159;25.826148
1283;3249;-0.0014;0.9308;-0.6059;0.5184;25.826149
1283;3250;-0.0014;0.9306;-0.6054;0.5235;25.826150
1283;3251;-0.0014;0.9309;-0.6051;0.5248;25.826151
1283;3252;-0.0014;0.9312;-0.6050;0.5222;25.826152
1283;3253;-0.0014;0.9317;-0.6049;0.5197;25.826153
1283;3254;-0.0014;0.9314;-0.6043;0.5222;25.826154
1283;3255;-0.0014;0.9310;-0.6036;0.5278;25.826155
1283;3256;-0.0014;0.9304;-0.6028;0.5291;25.826156
1283;3257;-0.0014;0.9302;-0.6023;0.5304;25.826157
1283;3258;-0.0014;0.9310;-0.6023;0.5278;25.826158
1283;3259;-0.0014;0.9317;-0.6024;0.5253;25.826159
1283;3260;-0.0014;0.9313;-0.6017;0.5266;25.826160
1283;3261;-0.0014;0.9305;-0.6009;0.5240;25.826161
1283;3262;-0.0014;0.9303;-0.6003;0.5176;25.826162
1283;3263;-0.0014;0.9303;-0.5999;0.5138;25.826163
1283;3264;-0.0014;0.9307;-0.5997;0.5164;25.826164
1283;3265;-0.0014;0.9314;-0.5998;0.5227;25.826165
1283;3266;-0.0014;0.9318;-0.5997;0.5266;25.826166
1283;3267;-0.0014;0.9312;-0.5988;0.5291;25.826167
1283;3268;-0.0014;0.9303;-0.5979;0.5278;25.826168
1283;3269;-0.0014;0.9302;-0.5974;0.5227;25.826169
1283;3270;-0.0014;0.9304;-0.5972;0.5253;25.826170
1283;3271;-0.0014;0.9302;-0.5966;0.5291;25.826171
1283;3272;-0.0014;0.9298;-0.5960;0.5291;25.826172
1283;3273;-0.0014;0.9305;-0.5960;0.5304;25.826173
1283;3274;-0.0014;0.9311;-0.5960;0.5278;25.826174
1283;3275;-0.0014;0.9306;-0.5952;0.5253;25.826175
1283;3276;-0.0014;0.9299;-0.5944;0.5240;25.826176
1283;3277;-0.0014;0.9298;-0.5939;0.5227;25.826177
1283;3278;-0.0014;0.9305;-0.5940;0.5227;25.826178
1283;3279;-0.0014;0.9309;-0.5938;0.5202;25.826179
1283;3280;-0.0014;0.9307;-0.5932;0.5189;25.826180
1283;3281;-0.0014;0.9308;-0.5930;0.5215;25.826181
1283;3282;-0.0014;0.9314;-0.5930;0.5278;25.826182
1283;3283;-0.0014;0.9308;-0.5922;0.5329;25.826183
1283;3284;-0.0014;0.9300;-0.5912;0.5317;25.826184
1283;3285;-0.0014;0.9302;-0.5910;0.5291;25.826185
1283;3286;-0.0014;0.9312;-0.5912;0.5266;25.826186
1283;3287;-0.0014;0.9320;-0.5913;0.5266;25.826187
1283;3288;-0.0014;0.9319;-0.5909;0.5266;25.826188
1283;3289;-0.0014;0.9317;-0.5904;0.5240;25.826189
1283;3290;-0.0014;0.9320;-0.5901;0.5215;25.826190
1283;3291;-0.0014;0.9319;-0.5897;0.5227;25.826191
1283;3292;-0.0014;0.9313;-0.5889;0.5215;25.826192
1283;3293;-0.0014;0.9309;-0.5882;0.5202;25.826193
1283;3294;-0.0014;0.9315;-0.5882;0.5189;25.826194
1283;3295;-0.0014;0.9322;-0.5882;0.5227;25.826195
1283;3296;-0.0014;0.9320;-0.5877;0.5278;25.826196
1283;3297;-0.0014;0.9307;-0.5865;0.5291;25.826197
1283;3298;-0.0014;0.9300;-0.5857;0.5343;25.826198
1283;3299;-0.0014;0.9304;-0.5855;0.5331;25.826199
1283;3300;-0.0014;0.9317;-0.5860;0.5227;25.826200
1283;3301;-0.0014;0.9323;-0.5859;0.5138;25.826201
1283;3302;-0.0014;0.9322;-0.5854;0.5087;25.826202
1283;3303;-0.0014;0.9317;-0.5847;0.5150;25.826203
1283;3304;-0.0014;0.9308;-0.5837;0.5163;25.826204
1283;3305;-0.0014;0.9301;-0.5829;0.5137;25.826205
1283;3306;-0.0014;0.9304;-0.5827;0.5150;25.826206
1283;3307;-0.0014;0.9308;-0.5826;0.5202;25.826207
1283;3308;-0.0014;0.9312;-0.5824;0.5253;25.826208
1283;3309;-0.0014;0.9310;-0.5819;0.5266;25.826209
1283;3310;-0.0014;0.9312;-0.5817;0.5292;25.826210
1283;3311;-0.0014;0.9317;-0.5816;0.5331;25.826211
1283;3312;-0.0014;0.9318;-0.5812;0.5305;25.826212
1283;3313;-0.0014;0.9313;-0.5805;0.5266;25.826213
1283;3314;-0.0014;0.9307;-0.5798;0.5253;25.826214
1283;3315;-0.0014;0.9313;-0.5797;0.5292;25.826215
1283;3316;-0.0014;0.9317;-0.5796;0.5305;25.826216
1283;3317;-0.0014;0.9311;-0.5788;0.5305;25.826217
1283;3318;-0.0014;0.9313;-0.5785;0.5305;25.826218
1283;3319;-0.0014;0.9323;-0.5787;0.5292;25.826219
1283;3320;-0.0014;0.9321;-0.5783;0.5318;25.826220
1283;3321;-0.0014;0.9317;-0.5776;0.5331;25.826221
1283;3322;-0.0014;0.9313;-0.5770;0.5279;25.826222
1283;3323;-0.0014;0.9307;-0.5762;0.5253;25.826223
1283;3324;-0.0014;0.9307;-0.5758;0.5228;25.826224
1283;3325;-0.0014;0.9309;-0.5755;0.5215;25.826225
1283;3326;-0.0014;0.9312;-0.5754;0.5189;25.826226
1283;3327;-0.0014;0.9310;-0.5748;0.5215;25.826227
1283;3328;-0.0014;0.9307;-0.5742;0.5318;25.826228
1283;3329;-0.0014;0.9310;-0.5740;0.5369;25.826229
1283;3330;-0.0014;0.9310;-0.5736;0.5382;25.826230
1283;3331;-0.0014;0.9311;-0.5733;0.5395;25.826231
1283;3332;-0.0014;0.9308;-0.5727;0.5356;25.826232
1283;3333;-0.0014;0.9304;-0.5721;0.5318;25.826233
1283;3334;-0.0014;0.9310;-0.5721;0.5305;25.826234
1283;3335;-0.0014;0.9315;-0.5719;0.5292;25.826235
1283;3336;-0.0014;0.9314;-0.5715;0.5266;25.826236
1283;3337;-0.0014;0.9314;-0.5711;0.5240;25.826237
1283;3338;-0.0014;0.9316;-0.5708;0.5240;25.826238
1283;3339;-0.0014;0.9316;-0.5704;0.5292;25.826239
1283;3340;-0.0014;0.9313;-0.5699;0.5356;25.826240
1283;3341;-0.0014;0.9313;-0.5695;0.5369;25.826241
1283;3342;-0.0014;0.9307;-0.5687;0.5382;25.826242
1283;3343;-0.0014;0.9301;-0.5680;0.5479;25.826243
1283;3344;-0.0014;0.9302;-0.5676;0.5518;25.826244
1283;3345;-0.0014;0.9302;-0.5672;0.5571;25.826245
1283;3346;-0.0014;0.9307;-0.5671;0.5623;25.826246
1283;3347;-0.0014;0.9314;-0.5671;0.5588;25.826247
1283;3348;-0.0014;0.9315;-0.5669;0.5575;25.826248
1283;3349;-0.0014;0.9320;-0.5667;0.5575;25.826249
1283;3350;-0.0014;0.9325;-0.5667;0.5549;25.826250
1283;3351;-0.0014;0.9325;-0.5662;0.5498;25.826251
1283;3352;-0.0014;0.9317;-0.5654;0.5518;25.826252
1283;3353;-0.0014;0.9310;-0.5646;0.5492;25.826253
1283;3354;-0.0014;0.9310;-0.5642;0.5453;25.826254
1283;3355;-0.0014;0.9315;-0.5641;0.5401;25.826255
1283;3356;-0.0014;0.9318;-0.5639;0.5375;25.826256
1283;3357;-0.0014;0.9314;-0.5633;0.5401;25.826257
1283;3358;-0.0014;0.9310;-0.5626;0.5401;25.826258
1283;3359;-0.0014;0.9309;-0.5622;0.5401;25.826259
1283;3360;-0.0014;0.9309;-0.5618;0.5401;25.826260
1283;3361;-0.0014;0.9312;-0.5616;0.5414;25.826261
1283;3362;-0.0014;0.9320;-0.5617;0.5414;25.826262
1283;3363;-0.0014;0.9322;-0.5614;0.5349;25.826263
1283;3364;-0.0014;0.9320;-0.5609;0.5271;25.826264
1283;3365;-0.0014;0.9321;-0.5606;0.5180;25.826265
1283;3366;-0.0014;0.9323;-0.5603;0.5128;25.826266
1283;3367;-0.0014;0.9325;-0.5601;0.5076;25.826267
1283;3368;-0.0014;0.9321;-0.5594;0.5037;25.826268
1283;3369;-0.0014;0.9315;-0.5586;0.5037;25.826269
1283;3370;-0.0014;0.9310;-0.5579;0.5037;25.826270
1283;3371;-0.0014;0.9306;-0.5573;0.5063;25.826271
1283;3372;-0.0014;0.9313;-0.5574;0.5063;25.826272
1283;3373;-0.0014;0.9316;-0.5571;0.5011;25.826273
1283;3374;-0.0014;0.9315;-0.5567;0.4972;25.826274
1283;3375;-0.0014;0.9313;-0.5562;0.4959;25.826275
1283;3376;-0.0014;0.9321;-0.5563;0.4972;25.826276
1283;3377;-0.0014;0.9328;-0.5563;0.4985;25.826277
1283;3378;-0.0014;0.9326;-0.5558;0.4998;25.826278
1283;3379;-0.0014;0.9322;-0.5552;0.4998;25.826279
1283;3380;-0.0014;0.9315;-0.5544;0.5037;25.826280
1283;3381;-0.0014;0.9311;-0.5538;0.5115;25.826281
1283;3382;-0.0014;0.9313;-0.5535;0.5180;25.826282
1283;3383;-0.0014;0.9312;-0.5531;0.5193;25.826283
1283;3384;-0.0014;0.9314;-0.5528;0.5193;25.826284
1283;3385;-0.0014;0.9317;-0.5526;0.5219;25.826285
1283;3386;-0.0014;0.9314;-0.5520;0.5284;25.826286
1283;3387;-0.0014;0.9311;-0.5515;0.5336;25.826287
1283;3388;-0.0014;0.9309;-0.5509;0.5362;25.826288
1283;3389;-0.0013;0.9314;-0.5509;0.5388;25.826289
1283;3390;-0.0013;0.9320;-0.5508;0.5401;25.826290
1283;3391;-0.0013;0.9318;-0.5503;0.5414;25.826291
1283;3392;-0.0013;0.9323;-0.5502;0.5427;25.826292
1283;3393;-0.0013;0.9331;-0.5503;0.5440;25.826293
1283;3394;-0.0013;0.9332;-0.5500;0.5453;25.826294
1283;3395;-0.0013;0.9325;-0.5492;0.5440;25.826295
1283;3396;-0.0013;0.9312;-0.5481;0.5401;25.826296
1283;3397;-0.0013;0.9312;-0.5476;0.5401;25.826297
1283;3398;-0.0013;0.9317;-0.5476;0.5401;25.826298
1283;3399;-0.0013;0.9318;-0.5472;0.5440;25.826299
1283;3400;-0.0013;0.9317;-0.5468;0.5492;25.826300
1283;3401;-0.0013;0.9317;-0.5464;0.5479;25.826301
1283;3402;-0.0013;0.9316;-0.5460;0.5508;25.826302
1283;3403;-0.0013;0.9316;-0.5456;0.5468;25.826303
1283;3404;-0.0013;0.9320;-0.5454;0.5455;25.826304
1283;3405;-0.0013;0.9326;-0.5454;0.5362;25.826305
1283;3406;-0.0013;0.9327;-0.5451;0.5310;25.826306
1283;3407;-0.0013;0.9322;-0.5444;0.5337;25.826307
1283;3408;-0.0013;0.9318;-0.5438;0.5311;25.826308
1283;3409;-0.0013;0.9317;-0.5434;0.5337;25.826309
1283;3410;-0.0013;0.9317;-0.5429;0.5376;25.826310
1283;3411;-0.0013;0.9320;-0.5428;0.5429;25.826311
1283;3412;-0.0013;0.9327;-0.5428;0.5481;25.826312
1283;3413;-0.0013;0.9326;-0.5424;0.5481;25.826313
1283;3414;-0.0013;0.9318;-0.5414;0.5508;25.826314
1283;3415;-0.0013;0.9317;-0.5411;0.5573;25.826315
1283;3416;-0.0013;0.9321;-0.5409;0.5587;25.826316
1283;3417;-0.0013;0.9326;-0.5408;0.5587;25.826317
1283;3418;-0.0013;0.9322;-0.5402;0.5613;25.826318
1283;3419;-0.0013;0.9316;-0.5395;0.5613;25.826319
1283;3420;-0.0013;0.9317;-0.5391;0.5587;25.826320
1283;3421;-0.0013;0.9315;-0.5387;0.5534;25.826321
1283;3422;-0.0013;0.9312;-0.5381;0.5495;25.826322
1283;3423;-0.0013;0.9311;-0.5376;0.5429;25.826323
1283;3424;-0.0013;0.9310;-0.5372;0.5376;25.826324
1283;3425;-0.0013;0.9314;-0.5371;0.5376;25.826325
1283;3426;-0.0013;0.9316;-0.5368;0.5363;25.826326
1283;3427;-0.0013;0.9311;-0.5361;0.5403;25.826327
1283;3428;-0.0013;0.9304;-0.5354;0.5455;25.826328
1283;3429;-0.0013;0.9306;-0.5351;0.5481;25.826329
1283;3430;-0.0013;0.9320;-0.5355;0.5508;25.826330
1283;3431;-0.0013;0.9332;-0.5358;0.5468;25.826331
1283;3432;-0.0013;0.9331;-0.5354;0.5403;25.826332
1283;3433;-0.0013;0.9329;-0.5349;0.5376;25.826333
1283;3434;-0.0013;0.9325;-0.5342;0.5350;25.826334
1283;3435;-0.0013;0.9322;-0.5337;0.5337;25.826335
1283;3436;-0.0013;0.9325;-0.5335;0.5297;25.826336
1283;3437;-0.0013;0.9327;-0.5332;0.5284;25.826337
1283;3438;-0.0013;0.9328;-0.5329;0.5258;25.826338
1283;3439;-0.0013;0.9322;-0.5322;0.5205;25.826339
1283;3440;-0.0013;0.9314;-0.5313;0.5219;25.826340
1283;3441;-0.0013;0.9312;-0.5309;0.5232;25.826341
1283;3442;-0.0013;0.9318;-0.5308;0.5245;25.826342
1283;3443;-0.0013;0.9329;-0.5311;0.5258;25.826343
1283;3444;-0.0013;0.9326;-0.5305;0.5232;25.826344
1283;3445;-0.0013;0.9318;-0.5297;0.5205;25.826345
1283;3446;-0.0013;0.9314;-0.5291;0.5192;25.826346
1283;3447;-0.0013;0.9312;-0.5286;0.5232;25.826347
1283;3448;-0.0013;0.9313;-0.5283;0.5311;25.826348
1283;3449;-0.0013;0.9314;-0.5279;0.5350;25.826349
1283;3450;-0.0013;0.9317;-0.5278;0.5389;25.826350
1283;3451;-0.0013;0.9318;-0.5274;0.5429;25.826351
1283;3452;-0.0013;0.9317;-0.5270;0.5403;25.826352
1283;3453;-0.0013;0.9321;-0.5268;0.5350;25.826353
1283;3454;-0.0013;0.9320;-0.5265;0.5284;25.826354
1283;3455;-0.0013;0.9318;-0.5259;0.5297;25.826355
1283;3456;-0.0013;0.9318;-0.5255;0.5257;25.826356
1283;3457;-0.0013;0.9321;-0.5254;0.5231;25.826357
1283;3458;-0.0013;0.9327;-0.5253;0.5166;25.826358
1283;3459;-0.0013;0.9324;-0.5248;0.5178;25.826359
1283;3460;-0.0013;0.9316;-0.5239;0.5138;25.826360
1283;3461;-0.0013;0.9310;-0.5232;0.5111;25.826361
1283;3462;-0.0013;0.9309;-0.5228;0.5125;25.826362
1283;3463;-0.0013;0.9315;-0.5228;0.5138;25.826363
1283;3464;-0.0013;0.9320;-0.5226;0.5111;25.826364
1283;3465;-0.0013;0.9320;-0.5223;0.5098;25.826365
1283;3466;-0.0013;0.9323;-0.5221;0.5111;25.826366
1283;3467;-0.0013;0.9325;-0.5218;0.5111;25.826367
1283;3468;-0.0013;0.9329;-0.5216;0.5098;25.826368
1283;3469;-0.0013;0.9334;-0.5216;0.5111;25.826369
1283;3470;-0.0013;0.9331;-0.5210;0.5191;25.826370
1283;3471;-0.0013;0.9328;-0.5205;0.5297;25.826371
1283;3472;-0.0013;0.9323;-0.5198;0.5377;25.826372
1283;3473;-0.0013;0.9319;-0.5192;0.5430;25.826373
1283;3474;-0.0013;0.9317;-0.5187;0.5443;25.826374
1283;3475;-0.0013;0.9318;-0.5184;0.5430;25.826375
1283;3476;-0.0013;0.9327;-0.5186;0.5417;25.826376
1283;3477;-0.0013;0.9325;-0.5180;0.5377;25.826377
1283;3478;-0.0013;0.9322;-0.5175;0.5350;25.826378
1283;3479;-0.0013;0.9325;-0.5173;0.5350;25.826379
1283;3480;-0.0013;0.9326;-0.5170;0.5390;25.826380
1283;3481;-0.0013;0.9330;-0.5168;0.5417;25.826381
1283;3482;-0.0013;0.9329;-0.5164;0.5390;25.826382
1283;3483;-0.0013;0.9325;-0.5158;0.5364;25.826383
1283;3484;-0.0013;0.9327;-0.5155;0.5324;25.826384
1283;3485;-0.0013;0.9324;-0.5150;0.5297;25.826385
1283;3486;-0.0013;0.9321;-0.5145;0.5324;25.826386
1283;3487;-0.0013;0.9315;-0.5138;0.5350;25.826387
1283;3488;-0.0013;0.9318;-0.5136;0.5337;25.826388
1283;3489;-0.0013;0.9324;-0.5135;0.5284;25.826389
1283;3490;-0.0013;0.9326;-0.5132;0.5257;25.826390
1283;3491;-0.0013;0.9329;-0.5130;0.5271;25.826391
1283;3492;-0.0013;0.9327;-0.5126;0.5297;25.826392
1283;3493;-0.0013;0.9326;-0.5122;0.5337;25.826393
1283;3494;-0.0013;0.9329;-0.5119;0.5377;25.826394
1283;3495;-0.0013;0.9331;-0.5117;0.5364;25.826395
1283;3496;-0.0013;0.9327;-0.5111;0.5377;25.826396
1283;3497;-0.0013;0.9323;-0.5105;0.5417;25.826397
1283;3498;-0.0013;0.9324;-0.5102;0.5443;25.826398
1283;3499;-0.0013;0.9335;-0.5104;0.5430;25.826399
1283;3500;-0.0013;0.9337;-0.5101;0.5443;25.826400
1283;3501;-0.0013;0.9335;-0.5096;0.5470;25.826401
1283;3502;-0.0013;0.9338;-0.5095;0.5456;25.826402
1283;3503;-0.0013;0.9334;-0.5088;0.5456;25.826403
1283;3504;-0.0013;0.9327;-0.5081;0.5430;25.826404
1283;3505;-0.0013;0.9323;-0.5075;0.5350;25.826405
1283;3506;-0.0013;0.9328;-0.5074;0.5310;25.826406
1283;3507;-0.0013;0.9332;-0.5073;0.5337;25.826407
1283;3508;-0.0013;0.9332;-0.5069;0.5377;25.826408
1283;3509;-0.0013;0.9327;-0.5063;0.5377;25.826409
1283;3510;-0.0013;0.9326;-0.5058;0.5310;25.826410
1283;3511;-0.0013;0.9330;-0.5057;0.5257;25.826411
1283;3512;-0.0013;0.9328;-0.5051;0.5257;25.826412
1283;3513;-0.0013;0.9321;-0.5044;0.5409;25.826413
1283;3514;-0.0013;0.9320;-0.5040;0.5503;25.826414
1283;3515;-0.0013;0.9315;-0.5034;0.5503;25.826415
1283;3516;-0.0013;0.9313;-0.5029;0.5503;25.826416
1283;3517;-0.0013;0.9318;-0.5028;0.5503;25.826417
1283;3518;-0.0013;0.9324;-0.5028;0.5476;25.826418
1283;3519;-0.0013;0.9326;-0.5025;0.5476;25.826419
1283;3520;-0.0013;0.9321;-0.5019;0.5489;25.826420
1283;3521;-0.0013;0.9320;-0.5015;0.5516;25.826421
1283;3522;-0.0013;0.9318;-0.5010;0.5583;25.826422
1283;3523;-0.0013;0.9322;-0.5008;0.5624;25.826423
1283;3524;-0.0013;0.9332;-0.5010;0.5624;25.826424
1283;3525;-0.0013;0.9339;-0.5009;0.5610;25.826425
1283;3526;-0.0013;0.9334;-0.5003;0.5570;25.826426
1283;3527;-0.0013;0.9330;-0.4998;0.5530;25.826427
1283;3528;-0.0013;0.9329;-0.4994;0.5462;25.826428
1283;3529;-0.0013;0.9329;-0.4990;0.5382;25.826429
1283;3530;-0.0013;0.9329;-0.4986;0.5328;25.826430
1283;3531;-0.0013;0.9326;-0.4981;0.5328;25.826431
1283;3532;-0.0013;0.9324;-0.4976;0.5342;25.826432
1283;3533;-0.0013;0.9325;-0.4973;0.5328;25.826433
1283;3534;-0.0013;0.9327;-0.4970;0.5315;25.826434
1283;3535;-0.0013;0.9328;-0.4967;0.5288;25.826435
1283;3536;-0.0013;0.9332;-0.4965;0.5261;25.826436
1283;3537;-0.0013;0.9331;-0.4962;0.5234;25.826437
1283;3538;-0.0013;0.9323;-0.4953;0.5221;25.826438
1283;3539;-0.0013;0.9322;-0.4949;0.5234;25.826439
1283;3540;-0.0013;0.9329;-0.4949;0.5221;25.826440
1283;3541;-0.0013;0.9329;-0.4946;0.5248;25.826441
1283;3542;-0.0013;0.9328;-0.4942;0.5315;25.826442
1283;3543;-0.0013;0.9327;-0.4938;0.5382;25.826443
1283;3544;-0.0013;0.9327;-0.4934;0.5462;25.826444
1283;3545;-0.0013;0.9329;-0.4931;0.5530;25.826445
1283;3546;-0.0013;0.9327;-0.4926;0.5530;25.826446
1283;3547;-0.0013;0.9333;-0.4926;0.5489;25.826447
1283;3548;-0.0013;0.9338;-0.4924;0.5449;25.826448
1283;3549;-0.0012;0.9336;-0.4920;0.5409;25.826449
1283;3550;-0.0012;0.9332;-0.4914;0.5409;25.826450
1283;3551;-0.0012;0.9325;-0.4907;0.5422;25.826451
1283;3552;-0.0012;0.9322;-0.4902;0.5489;25.826452
1283;3553;-0.0012;0.9324;-0.4899;0.5556;25.826453
1283;3554;-0.0012;0.9330;-0.4899;0.5610;25.826454
1283;3555;-0.0012;0.9334;-0.4897;0.5664;25.826455
1283;3556;-0.0012;0.9335;-0.4894;0.5691;25.826456
1283;3557;-0.0012;0.9337;-0.4891;0.5677;25.826457
1283;3558;-0.0012;0.9336;-0.4887;0.5624;25.826458
1283;3559;-0.0012;0.9329;-0.4880;0.5570;25.826459
1283;3560;-0.0012;0.9326;-0.4875;0.5503;25.826460
1283;3561;-0.0012;0.9322;-0.4869;0.5436;25.826461
1283;3562;-0.0012;0.9323;-0.4866;0.5422;25.826462
1283;3563;-0.0012;0.9329;-0.4865;0.5436;25.826463
1283;3564;-0.0012;0.9326;-0.4860;0.5476;25.826464
1283;3565;-0.0012;0.9322;-0.4855;0.5462;25.826465
1283;3566;-0.0012;0.9323;-0.4851;0.5395;25.826466
1283;3567;-0.0012;0.9329;-0.4851;0.5369;25.826467
1283;3568;-0.0012;0.9330;-0.4848;0.5355;25.826468
1283;3569;-0.0012;0.9327;-0.4843;0.5355;25.826469
1283;3570;-0.0012;0.9329;-0.4840;0.5355;25.826470
1283;3571;-0.0012;0.9325;-0.4834;0.5342;25.826471
1283;3572;-0.0012;0.9322;-0.4829;0.5409;25.826472
1283;3573;-0.0012;0.9325;-0.4827;0.5369;25.826473
1283;3574;-0.0012;0.9329;-0.4826;0.5422;25.826474
1283;3575;-0.0012;0.9333;-0.4823;0.5449;25.826475
1283;3576;-0.0012;0.9330;-0.4818;0.5449;25.826476
1283;3577;-0.0012;0.9327;-0.4813;0.5504;25.826477
1283;3578;-0.0012;0.9329;-0.4811;0.5490;25.826478
1283;3579;-0.0012;0.9331;-0.4808;0.5504;25.826479
1283;3580;-0.0012;0.9334;-0.4806;0.5517;25.826480
1283;3581;-0.0012;0.9331;-0.4801;0.5477;25.826481
1283;3582;-0.0012;0.9329;-0.4796;0.5449;25.826482
1283;3583;-0.0012;0.9332;-0.4794;0.5409;25.826483
1283;3584;-0.0012;0.9325;-0.4787;0.5409;25.826484
1283;3585;-0.0012;0.9321;-0.4781;0.5449;25.826485
1283;3586;-0.0012;0.9319;-0.4777;0.5463;25.826486
1283;3587;-0.0012;0.9317;-0.4772;0.5490;25.826487
1283;3588;-0.0012;0.9323;-0.4772;0.5544;25.826488
1283;3589;-0.0012;0.9327;-0.4770;0.5612;25.826489
1283;3590;-0.0012;0.9332;-0.4769;0.5612;25.826490
1283;3591;-0.0012;0.9331;-0.4765;0.5599;25.826491
1283;3592;-0.0012;0.9333;-0.4762;0.5599;25.826492
1283;3593;-0.0012;0.9334;-0.4759;0.5571;25.826493
1283;3594;-0.0012;0.9332;-0.4755;0.5544;25.826494
1283;3595;-0.0012;0.9335;-0.4753;0.5504;25.826495
1283;3596;-0.0012;0.9340;-0.4752;0.5409;25.826496
1283;3597;-0.0012;0.9336;-0.4746;0.5327;25.826497
1283;3598;-0.0012;0.9334;-0.4741;0.5300;25.826498
1283;3599;-0.0012;0.9331;-0.4736;0.5314;25.826499
1283;3600;-0.0012;0.9328;-0.4731;0.5341;25.826500
1283;3601;-0.0012;0.9330;-0.4728;0.5368;25.826501
1283;3602;-0.0012;0.9329;-0.4724;0.5382;25.826502
1283;3603;-0.0012;0.9332;-0.4722;0.5409;25.826503
1283;3604;-0.0012;0.9333;-0.4719;0.5395;25.826504
1283;3605;-0.0012;0.9335;-0.4716;0.5341;25.826505
1283;3606;-0.0012;0.9334;-0.4713;0.5314;25.826506
1283;3607;-0.0012;0.9331;-0.4707;0.5314;25.826507
1283;3608;-0.0012;0.9336;-0.4706;0.5341;25.826508
1283;3609;-0.0012;0.9337;-0.4703;0.5355;25.826509
1283;3610;-0.0012;0.9336;-0.4699;0.5355;25.826510
1283;3611;-0.0012;0.9337;-0.4696;0.5327;25.826511
1283;3612;-0.0012;0.9337;-0.4692;0.5273;25.826512
1283;3613;-0.0012;0.9338;-0.4689;0.5260;25.826513
1283;3614;-0.0012;0.9335;-0.4684;0.5260;25.826514
1283;3615;-0.0012;0.9337;-0.4682;0.5314;25.826515
1283;3616;-0.0012;0.9333;-0.4676;0.5341;25.826516
1283;3617;-0.0012;0.9331;-0.4672;0.5341;25.826517
1283;3618;-0.0012;0.9337;-0.4671;0.5341;25.826518
1283;3619;-0.0012;0.9334;-0.4666;0.5355;25.826519
1283;3620;-0.0012;0.9328;-0.4659;0.5368;25.826520
1283;3621;-0.0012;0.9331;-0.4657;0.5395;25.826521
1283;3622;-0.0012;0.9332;-0.4654;0.5409;25.826522
1283;3623;-0.0012;0.9336;-0.4652;0.5395;25.826523
1283;3624;-0.0012;0.9338;-0.4650;0.5355;25.826524
1283;3625;-0.0012;0.9335;-0.4645;0.5355;25.826525
1283;3626;-0.0012;0.9330;-0.4639;0.5355;25.826526
1283;3627;-0.0012;0.9325;-0.4633;0.5368;25.826527
1283;3628;-0.0012;0.9325;-0.4629;0.5409;25.826528
1283;3629;-0.0012;0.9328;-0.4627;0.5422;25.826529
1283;3630;-0.0012;0.9329;-0.4624;0.5449;25.826530
1283;3631;-0.0012;0.9329;-0.4620;0.5504;25.826531
1283;3632;-0.0012;0.9328;-0.4616;0.5531;25.826532
1283;3633;-0.0012;0.9332;-0.4615;0.5531;25.826533
1283;3634;-0.0012;0.9333;-0.4612;0.5504;25.826534
1283;3635;-0.0012;0.9332;-0.4608;0.5517;25.826535
1283;3636;-0.0012;0.9334;-0.4605;0.5531;25.826536
1283;3637;-0.0012;0.9333;-0.4601;0.5517;25.826537
1283;3638;-0.0012;0.9331;-0.4596;0.5517;25.826538
1283;3639;-0.0012;0.9334;-0.4594;0.5531;25.826539
1283;3640;-0.0012;0.9334;-0.4590;0.5544;25.826540
1283;3641;-0.0012;0.9337;-0.4589;0.5585;25.826541
1283;3642;-0.0012;0.9336;-0.4584;0.5599;25.826542
1283;3643;-0.0012;0.9331;-0.4579;0.5627;25.826543
1283;3644;-0.0012;0.9330;-0.4575;0.5559;25.826544
1283;3645;-0.0012;0.9330;-0.4571;0.5532;25.826545
1283;3646;-0.0012;0.9335;-0.4570;0.5518;25.826546
1283;3647;-0.0012;0.9337;-0.4568;0.5477;25.826547
1283;3648;-0.0012;0.9334;-0.4563;0.5463;25.826548
1283;3649;-0.0012;0.9333;-0.4558;0.5532;25.826549
1283;3650;-0.0012;0.9331;-0.4554;0.5586;25.826550
1283;3651;-0.0012;0.9334;-0.4552;0.5559;25.826551
1283;3652;-0.0012;0.9332;-0.4547;0.5504;25.826552
1283;3653;-0.0012;0.9327;-0.4541;0.5504;25.826553
1283;3654;-0.0012;0.9330;-0.4539;0.5545;25.826554
1283;3655;-0.0012;0.9331;-0.4536;0.5559;25.826555
1283;3656;-0.0012;0.9333;-0.4534;0.5573;25.826556
1283;3657;-0.0012;0.9331;-0.4529;0.5586;25.826557
1283;3658;-0.0012;0.9334;-0.4527;0.5614;25.826558
1283;3659;-0.0012;0.9335;-0.4524;0.5641;25.826559
1283;3660;-0.0012;0.9332;-0.4519;0.5627;25.826560
1283;3661;-0.0012;0.9336;-0.4517;0.5586;25.826561
1283;3662;-0.0012;0.9337;-0.4514;0.5504;25.826562
1283;3663;-0.0012;0.9338;-0.4511;0.5491;25.826563
1283;3664;-0.0012;0.9339;-0.4508;0.5477;25.826564
1283;3665;-0.0012;0.9337;-0.4504;0.5449;25.826565
1283;3666;-0.0012;0.9338;-0.4501;0.5436;25.826566
1283;3667;-0.0012;0.9335;-0.4496;0.5449;25.826567
1283;3668;-0.0012;0.9332;-0.4491;0.5491;25.826568
1283;3669;-0.0012;0.9334;-0.4489;0.5559;25.826569
1283;3670;-0.0012;0.9341;-0.4488;0.5586;25.826570
1283;3671;-0.0012;0.9345;-0.4487;0.5586;25.826571
1283;3672;-0.0012;0.9347;-0.4484;0.5573;25.826572
1283;3673;-0.0012;0.9345;-0.4480;0.5532;25.826573
1283;3674;-0.0012;0.9345;-0.4476;0.5518;25.826574
1283;3675;-0.0012;0.9343;-0.4471;0.5532;25.826575
1283;3676;-0.0012;0.9341;-0.4467;0.5545;25.826576
1283;3677;-0.0012;0.9347;-0.4466;0.5532;25.826577
1283;3678;-0.0012;0.9349;-0.4463;0.5491;25.826578
1283;3679;-0.0012;0.9350;-0.4461;0.5408;25.826579
1283;3680;-0.0012;0.9347;-0.4456;0.5381;25.826580
1283;3681;-0.0012;0.9342;-0.4449;0.5367;25.826581
1283;3682;-0.0012;0.9341;-0.4446;0.5354;25.826582
1283;3683;-0.0012;0.9340;-0.4442;0.5367;25.826583
1283;3684;-0.0012;0.9336;-0.4437;0.5408;25.826584
1283;3685;-0.0012;0.9335;-0.4432;0.5449;25.826585
1283;3686;-0.0012;0.9336;-0.4429;0.5477;25.826586
1283;3687;-0.0012;0.9342;-0.4429;0.5518;25.826587
1283;3688;-0.0012;0.9342;-0.4425;0.5559;25.826588
1283;3689;-0.0012;0.9343;-0.4422;0.5586;25.826589
1283;3690;-0.0012;0.9348;-0.4421;0.5573;25.826590
1283;3691;-0.0012;0.9345;-0.4416;0.5545;25.826591
1283;3692;-0.0012;0.9344;-0.4412;0.5491;25.826592
1283;3693;-0.0012;0.9342;-0.4408;0.5477;25.826593
1283;3694;-0.0012;0.9343;-0.4404;0.5449;25.826594
1283;3695;-0.0012;0.9340;-0.4400;0.5408;25.826595
1283;3696;-0.0012;0.9342;-0.4397;0.5395;25.826596
1283;3697;-0.0012;0.9345;-0.4395;0.5422;25.826597
1283;3698;-0.0012;0.9340;-0.4389;0.5436;25.826598
1283;3699;-0.0012;0.9339;-0.4385;0.5477;25.826599
1283;3700;-0.0012;0.9343;-0.4384;0.5545;25.826600
1283;3701;-0.0012;0.9346;-0.4382;0.5586;25.826601
1283;3702;-0.0012;0.9346;-0.4378;0.5600;25.826602
1283;3703;-0.0012;0.9347;-0.4374;0.5627;25.826603
1283;3704;-0.0012;0.9344;-0.4370;0.5655;25.826604
1283;3705;-0.0012;0.9344;-0.4366;0.5655;25.826605
1283;3706;-0.0012;0.9340;-0.4362;0.5641;25.826606
1283;3707;-0.0012;0.9340;-0.4357;0.5655;25.826607
1283;3708;-0.0012;0.9345;-0.4357;0.5641;25.826608
1283;3709;-0.0012;0.9346;-0.4354;0.5627;25.826609
1283;3710;-0.0012;0.9348;-0.4351;0.5655;25.826610
1283;3711;-0.0012;0.9343;-0.4345;0.5682;25.826611
1283;3712;-0.0012;0.9342;-0.4341;0.5696;25.826612
1283;3713;-0.0012;0.9343;-0.4338;0.5723;25.826613
1283;3714;-0.0012;0.9338;-0.4333;0.5809;25.826614
1283;3715;-0.0012;0.9338;-0.4329;0.5795;25.826615
1283;3716;-0.0012;0.9337;-0.4325;0.5726;25.826616
1283;3717;-0.0012;0.9336;-0.4321;0.5684;25.826617
1283;3718;-0.0012;0.9339;-0.4319;0.5656;25.826618
1283;3719;-0.0012;0.9345;-0.4318;0.5643;25.826619
1283;3720;-0.0012;0.9351;-0.4317;0.5615;25.826620
1283;3721;-0.0012;0.9351;-0.4314;0.5629;25.826621
1283;3722;-0.0012;0.9347;-0.4309;0.5670;25.826622
1283;3723;-0.0011;0.9342;-0.4303;0.5670;25.826623
1283;3724;-0.0011;0.9339;-0.4298;0.5684;25.826624
1283;3725;-0.0011;0.9342;-0.4296;0.5698;25.826625
1283;3726;-0.0011;0.9343;-0.4293;0.5698;25.826626
1283;3727;-0.0011;0.9343;-0.4289;0.5670;25.826627
1283;3728;-0.0011;0.9340;-0.4285;0.5615;25.826628
1283;3729;-0.0011;0.9336;-0.4279;0.5601;25.826629
1283;3730;-0.0011;0.9337;-0.4277;0.5587;25.826630
1283;3731;-0.0011;0.9334;-0.4271;0.5587;25.826631
1283;3732;-0.0011;0.9333;-0.4268;0.5601;25.826632
1283;3733;-0.0011;0.9335;-0.4265;0.5601;25.826633
1283;3734;-0.0011;0.9339;-0.4264;0.5587;25.826634
1283;3735;-0.0011;0.9347;-0.4264;0.5601;25.826635
1283;3736;-0.0011;0.9348;-0.4261;0.5643;25.826636
1283;3737;-0.0011;0.9345;-0.4256;0.5726;25.826637
1283;3738;-0.0011;0.9343;-0.4251;0.5781;25.826638
1283;3739;-0.0011;0.9340;-0.4246;0.5781;25.826639
1283;3740;-0.0011;0.9337;-0.4242;0.5753;25.826640
1283;3741;-0.0011;0.9340;-0.4240;0.5726;25.826641
1283;3742;-0.0011;0.9345;-0.4238;0.5753;25.826642
1283;3743;-0.0011;0.9347;-0.4236;0.5767;25.826643
1283;3744;-0.0011;0.9342;-0.4230;0.5698;25.826644
1283;3745;-0.0011;0.9345;-0.4228;0.5601;25.826645
1283;3746;-0.0011;0.9351;-0.4228;0.5546;25.826646
1283;3747;-0.0011;0.9352;-0.4224;0.5546;25.826647
1283;3748;-0.0011;0.9353;-0.4221;0.5560;25.826648
1283;3749;-0.0011;0.9346;-0.4215;0.5573;25.826649
1283;3750;-0.0011;0.9337;-0.4207;0.5573;25.826650
1283;3751;-0.0011;0.9338;-0.4204;0.5560;25.826651
1283;3752;-0.0011;0.9340;-0.4202;0.5615;25.826652
1283;3753;-0.0011;0.9347;-0.4201;0.5656;25.826653
1283;3754;-0.0011;0.9342;-0.4196;0.5643;25.826654
1283;3755;-0.0011;0.9337;-0.4190;0.5629;25.826655
1283;3756;-0.0011;0.9338;-0.4187;0.5601;25.826656
1283;3757;-0.0011;0.9339;-0.4184;0.5573;25.826657
1283;3758;-0.0011;0.9343;-0.4182;0.5573;25.826658
1283;3759;-0.0011;0.9346;-0.4180;0.5573;25.826659
1283;3760;-0.0011;0.9344;-0.4176;0.5546;25.826660
1283;3761;-0.0011;0.9342;-0.4172;0.5463;25.826661
1283;3762;-0.0011;0.9342;-0.4168;0.5407;25.826662
1283;3763;-0.0011;0.9339;-0.4164;0.5407;25.826663
1283;3764;-0.0011;0.9341;-0.4161;0.5407;25.826664
1283;3765;-0.0011;0.9352;-0.4162;0.5394;25.826665
1283;3766;-0.0011;0.9357;-0.4161;0.5324;25.826666
1283;3767;-0.0011;0.9352;-0.4155;0.5269;25.826667
1283;3768;-0.0011;0.9346;-0.4149;0.5242;25.826668
1283;3769;-0.0011;0.9338;-0.4143;0.5228;25.826669
1283;3770;-0.0011;0.9339;-0.4139;0.5255;25.826670
1283;3771;-0.0011;0.9345;-0.4139;0.5338;25.826671
1283;3772;-0.0011;0.9340;-0.4133;0.5421;25.826672
1283;3773;-0.0011;0.9341;-0.4130;0.5449;25.826673
1283;3774;-0.0011;0.9346;-0.4129;0.5477;25.826674
1283;3775;-0.0011;0.9347;-0.4126;0.5504;25.826675
1283;3776;-0.0011;0.9347;-0.4122;0.5490;25.826676
1283;3777;-0.0011;0.9342;-0.4117;0.5490;25.826677
1283;3778;-0.0011;0.9339;-0.4112;0.5477;25.826678
1283;3779;-0.0011;0.9340;-0.4109;0.5504;25.826679
1283;3780;-0.0011;0.9342;-0.4106;0.5560;25.826680
1283;3781;-0.0011;0.9343;-0.4103;0.5587;25.826681
1283;3782;-0.0011;0.9333;-0.4096;0.5663;25.826682
1283;3783;-0.0011;0.9338;-0.4094;0.5621;25.826683
1283;3784;-0.0011;0.9349;-0.4096;0.5449;25.826684
1283;3785;-0.0011;0.9354;-0.4094;0.5394;25.826685
1283;3786;-0.0011;0.9353;-0.4091;0.5380;25.826686
1283;3787;-0.0011;0.9351;-0.4086;0.5394;25.826687
1283;3788;-0.0011;0.9356;-0.4085;0.5421;25.826688
1283;3789;-0.0011;0.9353;-0.4081;0.5435;25.826689
1283;3790;-0.0011;0.9345;-0.4074;0.5509;25.826690
1283;3791;-0.0011;0.9349;-0.4072;0.5537;25.826691
1283;3792;-0.0011;0.9351;-0.4069;0.5509;25.826692
1283;3793;-0.0011;0.9351;-0.4066;0.5495;25.826693
1283;3794;-0.0011;0.9350;-0.4062;0.5453;25.826694
1283;3795;-0.0011;0.9345;-0.4057;0.5411;25.826695
1283;3796;-0.0011;0.9344;-0.4053;0.5369;25.826696
1283;3797;-0.0011;0.9347;-0.4051;0.5355;25.826697
1283;3798;-0.0011;0.9357;-0.4052;0.5397;25.826698
1283;3799;-0.0011;0.9359;-0.4049;0.5425;25.826699
1283;3800;-0.0011;0.9349;-0.4042;0.5425;25.826700
1283;3801;-0.0011;0.9340;-0.4034;0.5425;25.826701
1283;3802;-0.0011;0.9337;-0.4029;0.5467;25.826702
1283;3803;-0.0011;0.9345;-0.4029;0.5509;25.826703
1283;3804;-0.0011;0.9352;-0.4029;0.5453;25.826704
1283;3805;-0.0011;0.9354;-0.4026;0.5411;25.826705
1283;3806;-0.0011;0.9357;-0.4024;0.5425;25.826706
1283;3807;-0.0011;0.9355;-0.4020;0.5439;25.826707
1283;3808;-0.0011;0.9356;-0.4017;0.5425;25.826708
1283;3809;-0.0011;0.9359;-0.4015;0.5411;25.826709
1283;3810;-0.0011;0.9359;-0.4012;0.5425;25.826710
1283;3811;-0.0011;0.9358;-0.4008;0.5453;25.826711
1283;3812;-0.0011;0.9356;-0.4004;0.5425;25.826712
1283;3813;-0.0011;0.9353;-0.3999;0.5411;25.826713
1283;3814;-0.0011;0.9356;-0.3997;0.5425;25.826714
1283;3815;-0.0011;0.9360;-0.3995;0.5453;25.826715
1283;3816;-0.0011;0.9365;-0.3993;0.5481;25.826716
1283;3817;-0.0011;0.9366;-0.3991;0.5453;25.826717
1283;3818;-0.0011;0.9359;-0.3984;0.5453;25.826718
1283;3819;-0.0011;0.9355;-0.3979;0.5467;25.826719
1283;3820;-0.0011;0.9348;-0.3973;0.5481;25.826720
1283;3821;-0.0011;0.9345;-0.3968;0.5495;25.826721
1283;3822;-0.0011;0.9342;-0.3964;0.5509;25.826722
1283;3823;-0.0011;0.9341;-0.3960;0.5551;25.826723
1283;3824;-0.0011;0.9345;-0.3958;0.5593;25.826724
1283;3825;-0.0011;0.9346;-0.3955;0.5635;25.826725
1283;3826;-0.0011;0.9349;-0.3953;0.5663;25.826726
1283;3827;-0.0011;0.9347;-0.3949;0.5649;25.826727
1283;3828;-0.0011;0.9345;-0.3945;0.5593;25.826728
1283;3829;-0.0011;0.9346;-0.3942;0.5523;25.826729
1283;3830;-0.0011;0.9344;-0.3937;0.5439;25.826730
1283;3831;-0.0011;0.9345;-0.3934;0.5425;25.826731
1283;3832;-0.0011;0.9353;-0.3935;0.5467;25.826732
1283;3833;-0.0011;0.9360;-0.3934;0.5579;25.826733
1283;3834;-0.0011;0.9359;-0.3930;0.5635;25.826734
1283;3835;-0.0011;0.9352;-0.3924;0.5621;25.826735
1283;3836;-0.0011;0.9355;-0.3922;0.5593;25.826736
1283;3837;-0.0011;0.9359;-0.3920;0.5565;25.826737
1283;3838;-0.0011;0.9355;-0.3915;0.5579;25.826738
1283;3839;-0.0011;0.9355;-0.3912;0.5593;25.826739
1283;3840;-0.0011;0.9358;-0.3910;0.5607;25.826740
1283;3841;-0.0011;0.9356;-0.3906;0.5635;25.826741
1283;3842;-0.0011;0.9358;-0.3903;0.5621;25.826742
1283;3843;-0.0011;0.9355;-0.3898;0.5551;25.826743
1283;3844;-0.0011;0.9348;-0.3892;0.5523;25.826744
1283;3845;-0.0011;0.9342;-0.3886;0.5579;25.826745
1283;3846;-0.0011;0.9347;-0.3885;0.5607;25.826746
1283;3847;-0.0011;0.9349;-0.3883;0.5635;25.826747
1283;3848;-0.0011;0.9350;-0.3879;0.5718;25.826748
1283;3849;-0.0011;0.9355;-0.3878;0.5746;25.826749
1283;3850;-0.0011;0.9355;-0.3875;0.5705;25.826750
1283;3851;-0.0011;0.9350;-0.3869;0.5663;25.826751
1283;3852;-0.0011;0.9353;-0.3867;0.5635;25.826752
1283;3853;-0.0011;0.9356;-0.3865;0.5621;25.826753
1283;3854;-0.0011;0.9353;-0.3861;0.5607;25.826754
1283;3855;-0.0011;0.9352;-0.3856;0.5565;25.826755
1283;3856;-0.0011;0.9351;-0.3853;0.5537;25.826756
1283;3857;-0.0011;0.9352;-0.3850;0.5579;25.826757
1283;3858;-0.0011;0.9351;-0.3847;0.5663;25.826758
1283;3859;-0.0011;0.9355;-0.3844;0.5788;25.826759
1283;3860;-0.0011;0.9360;-0.3843;0.5914;25.826760
1283;3861;-0.0011;0.9363;-0.3841;0.6040;25.826761
1283;3862;-0.0011;0.9369;-0.3840;0.6138;25.826762
1283;3863;-0.0011;0.9368;-0.3836;0.6180;25.826763
1283;3864;-0.0011;0.9371;-0.3834;0.6110;25.826764
1283;3865;-0.0011;0.9386;-0.3837;0.5998;25.826765
1283;3866;-0.0011;0.9395;-0.3837;0.5928;25.826766
1283;3867;-0.0011;0.9411;-0.3841;0.5844;25.826767
1283;3868;-0.0011;0.9425;-0.3843;0.5760;25.826768
1283;3869;-0.0011;0.9437;-0.3845;0.5691;25.826769
1283;3870;-0.0011;0.9451;-0.3847;0.5629;25.826770
1283;3871;-0.0011;0.9456;-0.3846;0.5726;25.826771
1283;3872;-0.0011;0.9469;-0.3847;0.5892;25.826772
1283;3873;-0.0011;0.9474;-0.3846;0.6099;25.826773
1283;3874;-0.0011;0.9473;-0.3842;0.6403;25.826774
1283;3875;-0.0011;0.9482;-0.3843;0.6763;25.826775
1283;3876;-0.0011;0.9488;-0.3842;0.7219;25.826776
1283;3877;-0.0011;0.9498;-0.3842;0.7772;25.826777
1283;3878;-0.0011;0.9507;-0.3842;0.8339;25.826778
1283;3879;-0.0011;0.9520;-0.3844;0.8865;25.826779
1283;3880;-0.0011;0.9530;-0.3845;0.9321;25.826780
1283;3881;-0.0011;0.9535;-0.3844;0.9515;25.826781
1283;3882;-0.0011;0.9536;-0.3841;0.9390;25.826782
1283;3883;-0.0011;0.9536;-0.3837;0.9031;25.826783
1283;3884;-0.0011;0.9532;-0.3832;0.8478;25.826784
1283;3885;-0.0011;0.9536;-0.3830;0.7897;25.826785
1283;3886;-0.0011;0.9541;-0.3829;0.7344;25.826786
1283;3887;-0.0011;0.9547;-0.3828;0.6860;25.826787
1283;3888;-0.0011;0.9558;-0.3829;0.6389;25.826788
1283;3889;-0.0011;0.9564;-0.3828;0.5929;25.826789
1283;3890;-0.0011;0.9570;-0.3827;0.5573;25.826790
1283;3891;-0.0011;0.9575;-0.3825;0.5258;25.826791
1283;3892;-0.0011;0.9574;-0.3822;0.4970;25.826792
1283;3893;-0.0011;0.9570;-0.3817;0.4765;25.826793
1283;3894;-0.0011;0.9570;-0.3813;0.4683;25.826794
1283;3895;-0.0011;0.9576;-0.3812;0.4724;25.826795
1283;3896;-0.0011;0.9579;-0.3810;0.4874;25.826796
1283;3897;-0.0011;0.9580;-0.3807;0.5121;25.826797
1283;3898;-0.0011;0.9586;-0.3806;0.5395;25.826798
1283;3899;-0.0011;0.9590;-0.3805;0.5586;25.826799
1283;3900;-0.0011;0.9594;-0.3802;0.5723;25.826800
1283;3901;-0.0011;0.9595;-0.3799;0.5792;25.826801
1283;3902;-0.0011;0.9597;-0.3797;0.5805;25.826802
1283;3903;-0.0011;0.9605;-0.3797;0.5805;25.826803
1283;3904;-0.0011;0.9605;-0.3793;0.5805;25.826804
1283;3905;-0.0011;0.9602;-0.3788;0.5792;25.826805
1283;3906;-0.0011;0.9597;-0.3783;0.5778;25.826806
1283;3907;-0.0011;0.9592;-0.3777;0.5723;25.826807
1283;3908;-0.0011;0.9594;-0.3776;0.5614;25.826808
1283;3909;-0.0011;0.9598;-0.3773;0.5491;25.826809
1283;3910;-0.0011;0.9599;-0.3770;0.5395;25.826810
1283;3911;-0.0011;0.9598;-0.3767;0.5313;25.826811
1283;3912;-0.0011;0.9597;-0.3763;0.5189;25.826812
1283;3913;-0.0011;0.9605;-0.3762;0.5080;25.826813
1283;3914;-0.0011;0.9610;-0.3761;0.4970;25.826814
1283;3915;-0.0011;0.9611;-0.3758;0.4847;25.826815
1283;3916;-0.0011;0.9612;-0.3755;0.4710;25.826816
1283;3917;-0.0011;0.9607;-0.3749;0.4573;25.826817
1283;3918;-0.0011;0.9601;-0.3744;0.4436;25.826818
1283;3919;-0.0011;0.9601;-0.3740;0.4340;25.826819
1283;3920;-0.0011;0.9605;-0.3739;0.4272;25.826820
1283;3921;-0.0011;0.9612;-0.3738;0.4203;25.826821
1283;3922;-0.0011;0.9620;-0.3738;0.4108;25.826822
1283;3923;-0.0011;0.9623;-0.3736;0.3971;25.826823
1283;3924;-0.0011;0.9616;-0.3729;0.3861;25.826824
1283;3925;-0.0011;0.9606;-0.3722;0.3820;25.826825
1283;3926;-0.0011;0.9604;-0.3718;0.3817;25.826826
1283;3927;-0.0011;0.9612;-0.3718;0.3724;25.826827
1283;3928;-0.0011;0.9620;-0.3718;0.3642;25.826828
1283;3929;-0.0011;0.9617;-0.3713;0.3587;25.826829
1283;3930;-0.0011;0.9609;-0.3707;0.3596;25.826830
1283;3931;-0.0011;0.9614;-0.3705;0.3505;25.826831
1283;3932;-0.0011;0.9620;-0.3704;0.3409;25.826832
1283;3933;-0.0011;0.9621;-0.3701;0.3314;25.826833
1283;3934;-0.0011;0.9624;-0.3699;0.3259;25.826834
1283;3935;-0.0011;0.9621;-0.3694;0.3245;25.826835
1283;3936;-0.0011;0.9622;-0.3691;0.3204;25.826836
1283;3937;-0.0011;0.9623;-0.3688;0.3149;25.826837
1283;3938;-0.0011;0.9618;-0.3683;0.3139;25.826838
1283;3939;-0.0011;0.9617;-0.3679;0.3112;25.826839
1283;3940;-0.0011;0.9614;-0.3675;0.3084;25.826840
1283;3941;-0.0011;0.9614;-0.3671;0.3043;25.826841
1283;3942;-0.0011;0.9610;-0.3666;0.3001;25.826842
1283;3943;-0.0011;0.9598;-0.3658;0.2946;25.826843
1283;3944;-0.0011;0.9593;-0.3653;0.2877;25.826844
1283;3945;-0.0011;0.9584;-0.3646;0.2821;25.826845
1283;3946;-0.0011;0.9584;-0.3643;0.2807;25.826846
1283;3947;-0.0011;0.9591;-0.3642;0.2807;25.826847
1283;3948;-0.0011;0.9601;-0.3642;0.2807;25.826848
1283;3949;-0.0011;0.9607;-0.3641;0.2794;25.826849
1283;3950;-0.0011;0.9610;-0.3639;0.2766;25.826850
1283;3951;-0.0011;0.9611;-0.3636;0.2752;25.826851
1283;3952;-0.0011;0.9603;-0.3630;0.2711;25.826852
1283;3953;-0.0011;0.9591;-0.3622;0.2669;25.826853
1283;3954;-0.0011;0.9584;-0.3616;0.2669;25.826854
1283;3955;-0.0011;0.9587;-0.3614;0.2697;25.826855
1283;3956;-0.0011;0.9595;-0.3613;0.2724;25.826856
1283;3957;-0.0011;0.9598;-0.3611;0.2738;25.826857
1283;3958;-0.0011;0.9604;-0.3610;0.2738;25.826858
1283;3959;-0.0011;0.9603;-0.3606;0.2724;25.826859
1283;3960;-0.0011;0.9584;-0.3596;0.2711;25.826860
1283;3961;-0.0011;0.9577;-0.3590;0.2697;25.826861
1283;3962;-0.0011;0.9580;-0.3588;0.2697;25.826862
1283;3963;-0.0011;0.9583;-0.3585;0.2683;25.826863
1283;3964;-0.0011;0.9587;-0.3584;0.2711;25.826864
1283;3965;-0.0011;0.9594;-0.3583;0.2752;25.826865
1283;3966;-0.0011;0.9602;-0.3583;0.2752;25.826866
1283;3967;-0.0011;0.9598;-0.3578;0.2724;25.826867
1283;3968;-0.0011;0.9576;-0.3566;0.2711;25.826868
1283;3969;-0.0010;0.9571;-0.3561;0.2711;25.826869
1283;3970;-0.0010;0.9575;-0.3559;0.2711;25.826870
1283;3971;-0.0011;0.9590;-0.3561;0.2711;25.826871
1283;3972;-0.0011;0.9599;-0.3561;0.2711;25.826872
1283;3973;-0.0011;0.9597;-0.3557;0.2724;25.826873
1283;3974;-0.0011;0.9598;-0.3554;0.2738;25.826874
1283;3975;-0.0011;0.9599;-0.3551;0.2738;25.826875
1283;3976;-0.0010;0.9602;-0.3549;0.2711;25.826876
1283;3977;-0.0011;0.9609;-0.3548;0.2697;25.826877
1283;3978;-0.0011;0.9610;-0.3545;0.2683;25.826878
1283;3979;-0.0010;0.9609;-0.3541;0.2697;25.826879
1283;3980;-0.0010;0.9603;-0.3536;0.2724;25.826880
1283;3981;-0.0010;0.9586;-0.3526;0.2780;25.826881
1283;3982;-0.0010;0.9580;-0.3521;0.2780;25.826882
1283;3983;-0.0010;0.9588;-0.3520;0.2766;25.826883
1283;3984;-0.0010;0.9607;-0.3524;0.2780;25.826884
1283;3985;-0.0010;0.9613;-0.3523;0.2835;25.826885
1283;3986;-0.0010;0.9608;-0.3518;0.2849;25.826886
1283;3987;-0.0010;0.9602;-0.3512;0.2821;25.826887
1283;3988;-0.0010;0.9591;-0.3505;0.2794;25.826888
1283;3989;-0.0010;0.9588;-0.3500;0.2807;25.826889
1283;3990;-0.0010;0.9587;-0.3497;0.2794;25.826890
1283;3991;-0.0010;0.9585;-0.3493;0.2752;25.826891
1283;3992;-0.0010;0.9589;-0.3491;0.2711;25.826892
1283;3993;-0.0010;0.9596;-0.3490;0.2683;25.826893
1283;3994;-0.0010;0.9590;-0.3484;0.2655;25.826894
1283;3995;-0.0010;0.9579;-0.3477;0.2670;25.826895
1283;3996;-0.0010;0.9580;-0.3474;0.2670;25.826896
1283;3997;-0.0010;0.9600;-0.3478;0.2669;25.826897
1283;3998;-0.0010;0.9608;-0.3477;0.2683;25.826898
1283;3999;-0.0010;0.9605;-0.3473;0.2697;25.826899
1283;4000;-0.0010;0.9595;-0.3466;0.2724;25.826900
1283;4001;-0.0010;0.9584;-0.3459;0.2796;25.826901
1283;4002;-0.0010;0.9593;-0.3459;0.2796;25.826902
1283;4003;-0.0010;0.9604;-0.3460;0.2766;25.826903
1283;4004;-0.0010;0.9599;-0.3454;0.2766;25.826904
1283;4005;-0.0010;0.9593;-0.3449;0.2782;25.826905
1283;4006;-0.0010;0.9594;-0.3446;0.2768;25.826906
1283;4007;-0.0010;0.9595;-0.3443;0.2740;25.826907
1283;4008;-0.0010;0.9595;-0.3440;0.2726;25.826908
1283;4009;-0.0010;0.9609;-0.3441;0.2724;25.826909
1283;4010;-0.0010;0.9610;-0.3439;0.2738;25.826910
1283;4011;-0.0010;0.9598;-0.3430;0.2796;25.826911
1283;4012;-0.0010;0.9599;-0.3428;0.2824;25.826912
1283;4013;-0.0010;0.9607;-0.3427;0.2824;25.826913
1283;4014;-0.0010;0.9606;-0.3424;0.2824;25.826914
1283;4015;-0.0010;0.9600;-0.3418;0.2824;25.826915
1283;4016;-0.0010;0.9596;-0.3414;0.2824;25.826916
1283;4017;-0.0010;0.9599;-0.3411;0.2824;25.826917
1283;4018;-0.0010;0.9592;-0.3405;0.2796;25.826918
1283;4019;-0.0010;0.9578;-0.3397;0.2782;25.826919
1283;4020;-0.0010;0.9579;-0.3394;0.2768;25.826920
1283;4021;-0.0010;0.9589;-0.3394;0.2782;25.826921
1283;4022;-0.0010;0.9601;-0.3395;0.2796;25.826922
1283;4023;-0.0010;0.9608;-0.3395;0.2796;25.826923
1283;4024;-0.0010;0.9603;-0.3389;0.2824;25.826924
1283;4025;-0.0010;0.9595;-0.3383;0.2838;25.826925
1283;4026;-0.0010;0.9589;-0.3378;0.2852;25.826926
1283;4027;-0.0010;0.9591;-0.3375;0.2838;25.826927
1283;4028;-0.0010;0.9589;-0.3371;0.2824;25.826928
1283;4029;-0.0010;0.9585;-0.3367;0.2824;25.826929
1283;4030;-0.0010;0.9596;-0.3367;0.2824;25.826930
1283;4031;-0.0010;0.9597;-0.3364;0.2796;25.826931
1283;4032;-0.0010;0.9587;-0.3357;0.2796;25.826932
1283;4033;-0.0010;0.9579;-0.3351;0.2824;25.826933
1283;4034;-0.0010;0.9580;-0.3348;0.2852;25.826934
1283;4035;-0.0010;0.9595;-0.3350;0.2838;25.826935
1283;4036;-0.0010;0.9602;-0.3350;0.2810;25.826936
1283;4037;-0.0010;0.9601;-0.3346;0.2810;25.826937
1283;4038;-0.0010;0.9601;-0.3342;0.2824;25.826938
1283;4039;-0.0010;0.9590;-0.3335;0.2824;25.826939
1283;4040;-0.0010;0.9582;-0.3329;0.2796;25.826940
1283;4041;-0.0010;0.9581;-0.3325;0.2782;25.826941
1283;4042;-0.0010;0.9588;-0.3325;0.2852;25.826942
1283;4043;-0.0010;0.9593;-0.3323;0.2908;25.826943
1283;4044;-0.0010;0.9582;-0.3316;0.2908;25.826944
1283;4045;-0.0010;0.9583;-0.3313;0.2894;25.826945
1283;4046;-0.0010;0.9584;-0.3310;0.2866;25.826946
1283;4047;-0.0010;0.9585;-0.3307;0.2852;25.826947
1283;4048;-0.0010;0.9590;-0.3305;0.2866;25.826948
1283;4049;-0.0010;0.9596;-0.3304;0.2908;25.826949
1283;4050;-0.0010;0.9594;-0.3300;0.2950;25.826950
1283;4051;-0.0010;0.9588;-0.3295;0.2964;25.826951
1283;4052;-0.0010;0.9590;-0.3292;0.2992;25.826952
1283;4053;-0.0010;0.9593;-0.3290;0.2978;25.826953
1283;4054;-0.0010;0.9594;-0.3287;0.2950;25.826954
1283;4055;-0.0010;0.9599;-0.3286;0.2964;25.826955
1283;4056;-0.0010;0.9593;-0.3280;0.2992;25.826956
1283;4057;-0.0010;0.9582;-0.3273;0.3020;25.826957
1283;4058;-0.0010;0.9585;-0.3271;0.3006;25.826958
1283;4059;-0.0010;0.9592;-0.3270;0.2978;25.826959
1283;4060;-0.0010;0.9597;-0.3269;0.2964;25.826960
1283;4061;-0.0010;0.9594;-0.3264;0.2936;25.826961
1283;4062;-0.0010;0.9593;-0.3261;0.2964;25.826962
1283;4063;-0.0010;0.9600;-0.3259;0.3006;25.826963
1283;4064;-0.0010;0.9599;-0.3256;0.3006;25.826964
1283;4065;-0.0010;0.9594;-0.3251;0.2978;25.826965
1283;4066;-0.0010;0.9593;-0.3248;0.2950;25.826966
1283;4067;-0.0010;0.9587;-0.3242;0.2936;25.826967
1283;4068;-0.0010;0.9586;-0.3239;0.2922;25.826968
1283;4069;-0.0010;0.9589;-0.3236;0.2908;25.826969
1283;4070;-0.0010;0.9602;-0.3237;0.2922;25.826970
1283;4071;-0.0010;0.9613;-0.3238;0.2964;25.826971
1283;4072;-0.0010;0.9609;-0.3233;0.3006;25.826972
1283;4073;-0.0010;0.9602;-0.3227;0.3006;25.826973
1283;4074;-0.0010;0.9592;-0.3221;0.2992;25.826974
1283;4075;-0.0010;0.9587;-0.3216;0.2992;25.826975
1283;4076;-0.0010;0.9586;-0.3212;0.3006;25.826976
1283;4077;-0.0010;0.9584;-0.3208;0.2978;25.826977
1283;4078;-0.0010;0.9588;-0.3206;0.2950;25.826978
1283;4079;-0.0010;0.9589;-0.3204;0.2950;25.826979
1283;4080;-0.0010;0.9580;-0.3197;0.3008;25.826980
1283;4081;-0.0010;0.9586;-0.3196;0.3006;25.826981
1283;4082;-0.0010;0.9589;-0.3194;0.2992;25.826982
1283;4083;-0.0010;0.9578;-0.3187;0.3008;25.826983
1283;4084;-0.0010;0.9577;-0.3183;0.3050;25.826984
1283;4085;-0.0010;0.9572;-0.3178;0.3107;25.826985
1283;4086;-0.0010;0.9575;-0.3176;0.3121;25.826986
1283;4087;-0.0010;0.9583;-0.3175;0.3107;25.826987
1283;4088;-0.0010;0.9590;-0.3174;0.3034;25.826988
1283;4089;-0.0010;0.9585;-0.3170;0.3079;25.826989
1283;4090;-0.0010;0.9585;-0.3167;0.3107;25.826990
1283;4091;-0.0010;0.9587;-0.3164;0.3079;25.826991
1283;4092;-0.0010;0.9590;-0.3161;0.3036;25.826992
1283;4093;-0.0010;0.9593;-0.3159;0.3050;25.826993
1283;4094;-0.0010;0.9596;-0.3157;0.3062;25.826994
1283;4095;-0.0010;0.9598;-0.3154;0.3104;25.826995
1283;4096;-0.0010;0.9609;-0.3155;0.3132;25.826996
1283;4097;-0.0010;0.9610;-0.3152;0.3174;25.826997
1283;4098;-0.0010;0.9604;-0.3146;0.3174;25.826998
1283;4099;-0.0010;0.9595;-0.3140;0.3177;25.826999
1283;4100;-0.0010;0.9593;-0.3136;0.3192;25.827000
1283;4101;-0.0010;0.9594;-0.3133;0.3262;25.827001
1283;4102;-0.0010;0.9591;-0.3129;0.3333;25.827002
1283;4103;-0.0010;0.9594;-0.3127;0.3389;25.827003
1283;4104;-0.0010;0.9600;-0.3125;0.3361;25.827004
1283;4105;-0.0010;0.9602;-0.3123;0.3276;25.827005
1283;4106;-0.0010;0.9601;-0.3119;0.3206;25.827006
1283;4107;-0.0010;0.9595;-0.3114;0.3121;25.827007
1283;4108;-0.0010;0.9603;-0.3114;0.3107;25.827008
1283;4109;-0.0010;0.9613;-0.3113;0.3090;25.827009
1283;4110;-0.0010;0.9602;-0.3107;0.3135;25.827010
1283;4111;-0.0010;0.9593;-0.3100;0.3107;25.827011
1283;4112;-0.0010;0.9600;-0.3100;0.3093;25.827012
1283;4113;-0.0010;0.9610;-0.3099;0.3107;25.827013
1283;4114;-0.0010;0.9616;-0.3098;0.3090;25.827014
1283;4115;-0.0010;0.9609;-0.3093;0.3149;25.827015
1283;4116;-0.0010;0.9611;-0.3090;0.3177;25.827016
1283;4117;-0.0010;0.9616;-0.3088;0.3163;25.827017
1283;4118;-0.0010;0.9613;-0.3084;0.3206;25.827018
1283;4119;-0.0010;0.9606;-0.3079;0.3262;25.827019
1283;4120;-0.0010;0.9593;-0.3071;0.3290;25.827020
1283;4121;-0.0010;0.9584;-0.3065;0.3319;25.827021
1283;4122;-0.0010;0.9587;-0.3063;0.3319;25.827022
1283;4123;-0.0010;0.9591;-0.3061;0.3333;25.827023
1283;4124;-0.0010;0.9597;-0.3059;0.3333;25.827024
1283;4125;-0.0010;0.9597;-0.3056;0.3333;25.827025
1283;4126;-0.0010;0.9596;-0.3052;0.3290;25.827026
1283;4127;-0.0010;0.9598;-0.3050;0.3262;25.827027
1283;4128;-0.0010;0.9594;-0.3046;0.3220;25.827028
1283;4129;-0.0010;0.9595;-0.3043;0.3192;25.827029
1283;4130;-0.0010;0.9602;-0.3042;0.3192;25.827030
1283;4131;-0.0010;0.9602;-0.3039;0.3192;25.827031
1283;4132;-0.0010;0.9597;-0.3034;0.3163;25.827032
1283;4133;-0.0010;0.9595;-0.3030;0.3135;25.827033
1283;4134;-0.0010;0.9596;-0.3027;0.3149;25.827034
1283;4135;-0.0010;0.9597;-0.3024;0.3192;25.827035
1283;4136;-0.0010;0.9594;-0.3020;0.3192;25.827036
1283;4137;-0.0010;0.9599;-0.3018;0.3177;25.827037
1283;4138;-0.0010;0.9602;-0.3016;0.3177;25.827038
1283;4139;-0.0010;0.9597;-0.3011;0.3192;25.827039
1283;4140;-0.0010;0.9598;-0.3008;0.3206;25.827040
1283;4141;-0.0010;0.9601;-0.3006;0.3234;25.827041
1283;4142;-0.0010;0.9595;-0.3001;0.3234;25.827042
1283;4143;-0.0010;0.9588;-0.2995;0.3220;25.827043
1283;4144;-0.0010;0.9582;-0.2990;0.3220;25.827044
1283;4145;-0.0010;0.9574;-0.2984;0.3248;25.827045
1283;4146;-0.0010;0.9572;-0.2981;0.3248;25.827046
1283;4147;-0.0010;0.9584;-0.2981;0.3262;25.827047
1283;4148;-0.0010;0.9594;-0.2981;0.3290;25.827048
1283;4149;-0.0010;0.9599;-0.2979;0.3290;25.827049
1283;4150;-0.0010;0.9596;-0.2975;0.3276;25.827050
1283;4151;-0.0010;0.9597;-0.2972;0.3276;25.827051
1283;4152;-0.0010;0.9603;-0.2970;0.3234;25.827052
1283;4153;-0.0010;0.9601;-0.2967;0.3177;25.827053
1283;4154;-0.0010;0.9597;-0.2962;0.3163;25.827054
1283;4155;-0.0010;0.9596;-0.2959;0.3163;25.827055
1283;4156;-0.0010;0.9593;-0.2955;0.3192;25.827056
1283;4157;-0.0010;0.9591;-0.2951;0.3206;25.827057
1283;4158;-0.0010;0.9585;-0.2946;0.3234;25.827058
1283;4159;-0.0010;0.9582;-0.2942;0.3262;25.827059
1283;4160;-0.0010;0.9587;-0.2940;0.3276;25.827060
1283;4161;-0.0010;0.9593;-0.2938;0.3276;25.827061
1283;4162;-0.0010;0.9598;-0.2937;0.3276;25.827062
1283;4163;-0.0010;0.9592;-0.2932;0.3262;25.827063
1283;4164;-0.0010;0.9593;-0.2929;0.3220;25.827064
1283;4165;-0.0010;0.9607;-0.2930;0.3163;25.827065
1283;4166;-0.0010;0.9612;-0.2929;0.3121;25.827066
1283;4167;-0.0010;0.9611;-0.2925;0.3107;25.827067
1283;4168;-0.0010;0.9599;-0.2918;0.3093;25.827068
1283;4169;-0.0010;0.9591;-0.2913;0.3065;25.827069
1283;4170;-0.0010;0.9594;-0.2910;0.3079;25.827070
1283;4171;-0.0010;0.9590;-0.2906;0.3149;25.827071
1283;4172;-0.0010;0.9587;-0.2902;0.3177;25.827072
1283;4173;-0.0010;0.9593;-0.2900;0.3177;25.827073
1283;4174;-0.0010;0.9599;-0.2899;0.3192;25.827074
1283;4175;-0.0010;0.9600;-0.2896;0.3220;25.827075
1283;4176;-0.0010;0.9594;-0.2891;0.3206;25.827076
1283;4177;-0.0010;0.9593;-0.2888;0.3192;25.827077
1283;4178;-0.0010;0.9592;-0.2884;0.3192;25.827078
1283;4179;-0.0010;0.9590;-0.2880;0.3206;25.827079
1283;4180;-0.0010;0.9579;-0.2873;0.3206;25.827080
1283;4181;-0.0009;0.9575;-0.2869;0.3224;25.827081
1283;4182;-0.0009;0.9584;-0.2869;0.3149;25.827082
1283;4183;-0.0010;0.9601;-0.2870;0.3135;25.827083
1283;4184;-0.0009;0.9602;-0.2868;0.3163;25.827084
1283;4185;-0.0009;0.9602;-0.2865;0.3192;25.827085
1283;4186;-0.0009;0.9599;-0.2860;0.3234;25.827086
1283;4187;-0.0009;0.9596;-0.2856;0.3305;25.827087
1283;4188;-0.0009;0.9592;-0.2852;0.3333;25.827088
1283;4189;-0.0009;0.9591;-0.2848;0.3290;25.827089
1283;4190;-0.0009;0.9587;-0.2844;0.3266;25.827090
1283;4191;-0.0009;0.9592;-0.2842;0.3234;25.827091
1283;4192;-0.0009;0.9603;-0.2842;0.3248;25.827092
1283;4193;-0.0009;0.9606;-0.2840;0.3262;25.827093
1283;4194;-0.0009;0.9598;-0.2834;0.3262;25.827094
1283;4195;-0.0009;0.9592;-0.2829;0.3262;25.827095
1283;4196;-0.0009;0.9593;-0.2826;0.3262;25.827096
1283;4197;-0.0009;0.9594;-0.2824;0.3290;25.827097
1283;4198;-0.0009;0.9598;-0.2821;0.3290;25.827098
1283;4199;-0.0009;0.9608;-0.2821;0.3290;25.827099
1283;4200;-0.0009;0.9614;-0.2820;0.3276;25.827100
1283;4201;-0.0009;0.9599;-0.2812;0.3248;25.827101
1283;4202;-0.0009;0.9591;-0.2807;0.3238;25.827102
1283;4203;-0.0009;0.9598;-0.2806;0.3224;25.827103
1283;4204;-0.0009;0.9599;-0.2803;0.3266;25.827104
1283;4205;-0.0009;0.9596;-0.2799;0.3338;25.827105
1283;4206;-0.0009;0.9594;-0.2795;0.3381;25.827106
1283;4207;-0.0009;0.9590;-0.2790;0.3381;25.827107
1283;4208;-0.0009;0.9594;-0.2788;0.3409;25.827108
1283;4209;-0.0009;0.9589;-0.2784;0.3438;25.827109
1283;4210;-0.0009;0.9586;-0.2780;0.3452;25.827110
1283;4211;-0.0009;0.9583;-0.2775;0.3409;25.827111
1283;4212;-0.0009;0.9579;-0.2771;0.3381;25.827112
1283;4213;-0.0009;0.9584;-0.2769;0.3381;25.827113
1283;4214;-0.0009;0.9587;-0.2767;0.3395;25.827114
1283;4215;-0.0009;0.9588;-0.2764;0.3381;25.827115
1283;4216;-0.0009;0.9589;-0.2761;0.3366;25.827116
1283;4217;-0.0009;0.9590;-0.2758;0.3395;25.827117
1283;4218;-0.0009;0.9592;-0.2756;0.3395;25.827118
1283;4219;-0.0009;0.9595;-0.2754;0.3409;25.827119
1283;4220;-0.0009;0.9594;-0.2751;0.3409;25.827120
1283;4221;-0.0009;0.9591;-0.2746;0.3409;25.827121
1283;4222;-0.0009;0.9596;-0.2745;0.3423;25.827122
1283;4223;-0.0009;0.9606;-0.2744;0.3423;25.827123
1283;4224;-0.0009;0.9604;-0.2740;0.3438;25.827124
1283;4225;-0.0009;0.9594;-0.2734;0.3423;25.827125
1283;4226;-0.0009;0.9591;-0.2730;0.3423;25.827126
1283;4227;-0.0009;0.9591;-0.2727;0.3466;25.827127
1283;4228;-0.0009;0.9594;-0.2725;0.3480;25.827128
1283;4229;-0.0009;0.9591;-0.2721;0.3466;25.827129
1283;4230;-0.0009;0.9594;-0.2718;0.3509;25.827130
1283;4231;-0.0009;0.9595;-0.2716;0.3523;25.827131
1283;4232;-0.0009;0.9587;-0.2710;0.3495;25.827132
1283;4233;-0.0009;0.9588;-0.2707;0.3438;25.827133
1283;4234;-0.0009;0.9594;-0.2706;0.3395;25.827134
1283;4235;-0.0009;0.9595;-0.2703;0.3381;25.827135
1283;4236;-0.0009;0.9589;-0.2698;0.3381;25.827136
1283;4237;-0.0009;0.9584;-0.2693;0.3366;25.827137
1283;4238;-0.0009;0.9594;-0.2693;0.3381;25.827138
1283;4239;-0.0009;0.9601;-0.2691;0.3381;25.827139
1283;4240;-0.0009;0.9606;-0.2690;0.3381;25.827140
1283;4241;-0.0009;0.9612;-0.2688;0.3381;25.827141
1283;4242;-0.0009;0.9609;-0.2684;0.3366;25.827142
1283;4243;-0.0009;0.9598;-0.2678;0.3338;25.827143
1283;4244;-0.0009;0.9585;-0.2672;0.3309;25.827144
1283;4245;-0.0009;0.9579;-0.2667;0.3309;25.827145
1283;4246;-0.0009;0.9580;-0.2664;0.3324;25.827146
1283;4247;-0.0009;0.9585;-0.2662;0.3381;25.827147
1283;4248;-0.0009;0.9592;-0.2661;0.3423;25.827148
1283;4249;-0.0009;0.9594;-0.2658;0.3409;25.827149
1283;4250;-0.0009;0.9595;-0.2655;0.3409;25.827150
1283;4251;-0.0009;0.9593;-0.2651;0.3438;25.827151
1283;4252;-0.0009;0.9585;-0.2646;0.3452;25.827152
1283;4253;-0.0009;0.9583;-0.2642;0.3438;25.827153
1283;4254;-0.0009;0.9584;-0.2639;0.3395;25.827154
1283;4255;-0.0009;0.9579;-0.2635;0.3395;25.827155
1283;4256;-0.0009;0.9580;-0.2632;0.3381;25.827156
1283;4257;-0.0009;0.9577;-0.2628;0.3338;25.827157
1283;4258;-0.0009;0.9552;-0.2618;0.3309;25.827158
1283;4259;-0.0009;0.9506;-0.2602;0.3328;25.827159
1283;4260;-0.0009;0.9430;-0.2578;0.3390;25.827160
1283;4261;-0.0009;0.9341;-0.2551;0.3471;25.827161
1283;4262;-0.0009;0.9241;-0.2521;0.3565;25.827162
1283;4263;-0.0009;0.9141;-0.2490;0.3705;25.827163
1283;4264;-0.0009;0.9063;-0.2466;0.3924;25.827164
1283;4265;-0.0008;0.9007;-0.2448;0.4196;25.827165
1283;4266;-0.0008;0.8973;-0.2436;0.4513;25.827166
1283;4267;-0.0008;0.8952;-0.2427;0.4681;25.827167
1283;4268;-0.0008;0.8940;-0.2421;0.4788;25.827168
1283;4269;-0.0008;0.8931;-0.2415;0.4864;25.827169
1283;4270;-0.0008;0.8923;-0.2410;0.4910;25.827170
1283;4271;-0.0008;0.8919;-0.2406;0.4895;25.827171
1283;4272;-0.0008;0.8916;-0.2402;0.4880;25.827172
1283;4273;-0.0008;0.8918;-0.2400;0.4895;25.827173
1283;4274;-0.0008;0.8917;-0.2397;0.4895;25.827174
1283;4275;-0.0008;0.8916;-0.2394;0.4910;25.827175
1283;4276;-0.0008;0.8918;-0.2391;0.4895;25.827176
1283;4277;-0.0008;0.8917;-0.2388;0.4864;25.827177
1283;4278;-0.0008;0.8910;-0.2383;0.4834;25.827178
1283;4279;-0.0008;0.8909;-0.2380;0.4773;25.827179
1283;4280;-0.0008;0.8906;-0.2376;0.4788;25.827180
1283;4281;-0.0008;0.8912;-0.2375;0.4819;25.827181
1283;4282;-0.0008;0.8918;-0.2374;0.4819;25.827182
1283;4283;-0.0008;0.8921;-0.2372;0.4773;25.827183
1283;4284;-0.0008;0.8921;-0.2369;0.4773;25.827184
1283;4285;-0.0008;0.8922;-0.2366;0.4803;25.827185
1283;4286;-0.0008;0.8919;-0.2362;0.4788;25.827186
1283;4287;-0.0008;0.8908;-0.2356;0.4788;25.827187
1283;4288;-0.0008;0.8904;-0.2353;0.4834;25.827188
1283;4289;-0.0008;0.8903;-0.2349;0.4819;25.827189
1283;4290;-0.0008;0.8902;-0.2346;0.4773;25.827190
1283;4291;-0.0008;0.8906;-0.2344;0.4742;25.827191
1283;4292;-0.0008;0.8907;-0.2342;0.4711;25.827192
1283;4293;-0.0008;0.8913;-0.2340;0.4727;25.827193
1283;4294;-0.0008;0.8915;-0.2338;0.4742;25.827194
1283;4295;-0.0008;0.8909;-0.2333;0.4773;25.827195
1283;4296;-0.0008;0.8901;-0.2328;0.4834;25.827196
1283;4297;-0.0008;0.8900;-0.2325;0.4942;25.827197
1283;4298;-0.0008;0.8912;-0.2325;0.4926;25.827198
1283;4299;-0.0008;0.8915;-0.2323;0.4910;25.827199
1283;4300;-0.0008;0.8904;-0.2317;0.4910;25.827200
1283;4301;-0.0008;0.8898;-0.2313;0.5020;25.827201
1283;4302;-0.0008;0.8895;-0.2309;0.5051;25.827202
1283;4303;-0.0008;0.8901;-0.2308;0.5066;25.827203
1283;4304;-0.0008;0.8909;-0.2307;0.5002;25.827204
1283;4305;-0.0008;0.8912;-0.2305;0.4972;25.827205
1283;4306;-0.0008;0.8918;-0.2304;0.4926;25.827206
1283;4307;-0.0008;0.8918;-0.2301;0.4864;25.827207
1283;4308;-0.0008;0.8914;-0.2297;0.4880;25.827208
1283;4309;-0.0008;0.8910;-0.2293;0.4880;25.827209
1283;4310;-0.0008;0.8902;-0.2288;0.4912;25.827210
1283;4311;-0.0008;0.8903;-0.2285;0.4958;25.827211
1283;4312;-0.0008;0.8900;-0.2282;0.4989;25.827212
1283;4313;-0.0008;0.8893;-0.2277;0.5004;25.827213
1283;4314;-0.0008;0.8896;-0.2275;0.4973;25.827214
1283;4315;-0.0008;0.8908;-0.2275;0.4958;25.827215
1283;4316;-0.0008;0.8917;-0.2274;0.4910;25.827216
1283;4317;-0.0008;0.8918;-0.2271;0.4895;25.827217
1283;4318;-0.0008;0.8913;-0.2268;0.4942;25.827218
1283;4319;-0.0008;0.8910;-0.2264;0.4896;25.827219
1283;4320;-0.0008;0.8907;-0.2260;0.4834;25.827220
1283;4321;-0.0008;0.8901;-0.2255;0.4803;25.827221
1283;4322;-0.0008;0.8897;-0.2252;0.4803;25.827222
1283;4323;-0.0008;0.8901;-0.2250;0.4803;25.827223
1283;4324;-0.0008;0.8903;-0.2247;0.4803;25.827224
1283;4325;-0.0008;0.8902;-0.2244;0.4788;25.827225
1283;4326;-0.0008;0.8910;-0.2243;0.4788;25.827226
1283;4327;-0.0008;0.8916;-0.2242;0.4788;25.827227
1283;4328;-0.0008;0.8919;-0.2240;0.4773;25.827228
1283;4329;-0.0008;0.8917;-0.2237;0.4757;25.827229
1283;4330;-0.0008;0.8903;-0.2230;0.4695;25.827230
1283;4331;-0.0008;0.8890;-0.2224;0.4634;25.827231
1283;4332;-0.0008;0.8892;-0.2221;0.4649;25.827232
1283;4333;-0.0008;0.8903;-0.2221;0.4695;25.827233
1283;4334;-0.0008;0.8912;-0.2220;0.4695;25.827234
1283;4335;-0.0008;0.8913;-0.2218;0.4695;25.827235
1283;4336;-0.0008;0.8909;-0.2214;0.4726;25.827236
1283;4337;-0.0008;0.8903;-0.2210;0.4757;25.827237
1283;4338;-0.0008;0.8903;-0.2207;0.4773;25.827238
1283;4339;-0.0008;0.8905;-0.2204;0.4803;25.827239
1283;4340;-0.0008;0.8907;-0.2202;0.4819;25.827240
1283;4341;-0.0008;0.8912;-0.2200;0.4865;25.827241
1283;4342;-0.0008;0.8913;-0.2198;0.4865;25.827242
1283;4343;-0.0008;0.8908;-0.2193;0.4850;25.827243
1283;4344;-0.0008;0.8908;-0.2191;0.4850;25.827244
1283;4345;-0.0008;0.8908;-0.2188;0.4834;25.827245
1283;4346;-0.0008;0.8902;-0.2183;0.4803;25.827246
1283;4347;-0.0008;0.8900;-0.2180;0.4803;25.827247
1283;4348;-0.0008;0.8903;-0.2178;0.4803;25.827248
1283;4349;-0.0008;0.8898;-0.2174;0.4803;25.827249
1283;4350;-0.0008;0.8889;-0.2169;0.4803;25.827250
1283;4351;-0.0008;0.8889;-0.2166;0.4803;25.827251
1283;4352;-0.0008;0.8907;-0.2167;0.4819;25.827252
1283;4353;-0.0008;0.8918;-0.2167;0.4819;25.827253
1283;4354;-0.0008;0.8917;-0.2164;0.4834;25.827254
1283;4355;-0.0008;0.8909;-0.2159;0.4850;25.827255
1283;4356;-0.0008;0.8903;-0.2154;0.4865;25.827256
1283;4357;-0.0008;0.8907;-0.2153;0.4881;25.827257
1283;4358;-0.0008;0.8915;-0.2152;0.4912;25.827258
1283;4359;-0.0008;0.8922;-0.2151;0.4989;25.827259
1283;4360;-0.0008;0.8919;-0.2147;0.5020;25.827260
1283;4361;-0.0008;0.8908;-0.2141;0.5035;25.827261
1283;4362;-0.0008;0.8899;-0.2136;0.5035;25.827262
1283;4363;-0.0008;0.8895;-0.2133;0.5004;25.827263
1283;4364;-0.0008;0.8900;-0.2131;0.5004;25.827264
1283;4365;-0.0008;0.8901;-0.2128;0.5020;25.827265
1283;4366;-0.0008;0.8894;-0.2124;0.5051;25.827266
1283;4367;-0.0008;0.8895;-0.2121;0.5020;25.827267
1283;4368;-0.0008;0.8894;-0.2118;0.4973;25.827268
1283;4369;-0.0008;0.8901;-0.2117;0.4958;25.827269
1283;4370;-0.0008;0.8912;-0.2116;0.4973;25.827270
1283;4371;-0.0008;0.8909;-0.2113;0.5004;25.827271
1283;4372;-0.0008;0.8908;-0.2110;0.5020;25.827272
1283;4373;-0.0008;0.8918;-0.2109;0.5066;25.827273
1283;4374;-0.0008;0.8916;-0.2106;0.5081;25.827274
1283;4375;-0.0008;0.8912;-0.2102;0.5066;25.827275
1283;4376;-0.0008;0.8911;-0.2099;0.5035;25.827276
1283;4377;-0.0008;0.8920;-0.2098;0.5020;25.827277
1283;4378;-0.0008;0.8926;-0.2096;0.5020;25.827278
1283;4379;-0.0008;0.8917;-0.2092;0.5004;25.827279
1283;4380;-0.0008;0.8913;-0.2088;0.4973;25.827280
1283;4381;-0.0008;0.8911;-0.2084;0.5004;25.827281
1283;4382;-0.0008;0.8906;-0.2080;0.5035;25.827282
1283;4383;-0.0008;0.8900;-0.2076;0.4989;25.827283
1283;4384;-0.0008;0.8900;-0.2073;0.4942;25.827284
1283;4385;-0.0008;0.8905;-0.2072;0.4958;25.827285
1283;4386;-0.0008;0.8908;-0.2069;0.4942;25.827286
1283;4387;-0.0008;0.8909;-0.2067;0.4881;25.827287
1283;4388;-0.0008;0.8909;-0.2063;0.4834;25.827288
1283;4389;-0.0008;0.8909;-0.2061;0.4834;25.827289
1283;4390;-0.0008;0.8910;-0.2058;0.4865;25.827290
1283;4391;-0.0008;0.8898;-0.2052;0.4896;25.827291
1283;4392;-0.0008;0.8894;-0.2049;0.4927;25.827292
1283;4393;-0.0008;0.8901;-0.2048;0.4912;25.827293
1283;4394;-0.0008;0.8912;-0.2047;0.4927;25.827294
1283;4395;-0.0008;0.8918;-0.2046;0.4989;25.827295
1283;4396;-0.0008;0.8914;-0.2042;0.5004;25.827296
1283;4397;-0.0008;0.8910;-0.2038;0.4973;25.827297
1283;4398;-0.0008;0.8911;-0.2035;0.4973;25.827298
1283;4399;-0.0008;0.8907;-0.2032;0.4958;25.827299
1283;4400;-0.0008;0.8907;-0.2029;0.4912;25.827300
1283;4401;-0.0008;0.8908;-0.2026;0.4850;25.827301
1283;4402;-0.0008;0.8903;-0.2022;0.4819;25.827302
1283;4403;-0.0008;0.8900;-0.2019;0.4788;25.827303
1283;4404;-0.0008;0.8903;-0.2016;0.4788;25.827304
1283;4405;-0.0008;0.8911;-0.2016;0.4788;25.827305
1283;4406;-0.0008;0.8923;-0.2015;0.4773;25.827306
1283;4407;-0.0008;0.8921;-0.2012;0.4773;25.827307
1283;4408;-0.0008;0.8912;-0.2007;0.4803;25.827308
1283;4409;-0.0008;0.8902;-0.2002;0.4834;25.827309
1283;4410;-0.0008;0.8903;-0.1999;0.4881;25.827310
1283;4411;-0.0008;0.8905;-0.1997;0.4881;25.827311
1283;4412;-0.0008;0.8901;-0.1993;0.4865;25.827312
1283;4413;-0.0008;0.8900;-0.1990;0.4834;25.827313
1283;4414;-0.0008;0.8900;-0.1987;0.4803;25.827314
1283;4415;-0.0008;0.8906;-0.1985;0.4788;25.827315
1283;4416;-0.0008;0.8908;-0.1983;0.4788;25.827316
1283;4417;-0.0008;0.8912;-0.1981;0.4788;25.827317
1283;4418;-0.0008;0.8913;-0.1978;0.4757;25.827318
1283;4419;-0.0008;0.8906;-0.1974;0.4711;25.827319
1283;4420;-0.0008;0.8906;-0.1971;0.4695;25.827320
1283;4421;-0.0008;0.8907;-0.1968;0.4695;25.827321
1283;4422;-0.0008;0.8908;-0.1966;0.4726;25.827322
1283;4423;-0.0008;0.8909;-0.1963;0.4757;25.827323
1283;4424;-0.0008;0.8913;-0.1961;0.4742;25.827324
1283;4425;-0.0008;0.8917;-0.1959;0.4773;25.827325
1283;4426;-0.0008;0.8916;-0.1956;0.4788;25.827326
1283;4427;-0.0008;0.8917;-0.1954;0.4803;25.827327
1283;4428;-0.0008;0.8921;-0.1951;0.4757;25.827328
1283;4429;-0.0008;0.8912;-0.1947;0.4726;25.827329
1283;4430;-0.0008;0.8906;-0.1942;0.4742;25.827330
1283;4431;-0.0008;0.8907;-0.1940;0.4757;25.827331
1283;4432;-0.0008;0.8900;-0.1935;0.4742;25.827332
1283;4433;-0.0008;0.8896;-0.1932;0.4695;25.827333
1283;4434;-0.0008;0.8899;-0.1929;0.4664;25.827334
1283;4435;-0.0008;0.8908;-0.1929;0.4664;25.827335
1283;4436;-0.0008;0.8916;-0.1927;0.4680;25.827336
1283;4437;-0.0008;0.8919;-0.1925;0.4680;25.827337
1283;4438;-0.0008;0.8922;-0.1923;0.4726;25.827338
1283;4439;-0.0008;0.8915;-0.1919;0.4773;25.827339
1283;4440;-0.0008;0.8912;-0.1915;0.4788;25.827340
1283;4441;-0.0008;0.8912;-0.1912;0.4788;25.827341
1283;4442;-0.0008;0.8905;-0.1908;0.4757;25.827342
1283;4443;-0.0008;0.8906;-0.1905;0.4726;25.827343
1283;4444;-0.0008;0.8905;-0.1902;0.4742;25.827344
1283;4445;-0.0008;0.8900;-0.1898;0.4757;25.827345
1283;4446;-0.0008;0.8906;-0.1897;0.4773;25.827346
1283;4447;-0.0008;0.8906;-0.1894;0.4803;25.827347
1283;4448;-0.0008;0.8907;-0.1891;0.4865;25.827348
1283;4449;-0.0008;0.8909;-0.1889;0.4865;25.827349
1283;4450;-0.0008;0.8908;-0.1886;0.4865;25.827350
1283;4451;-0.0008;0.8911;-0.1883;0.4927;25.827351
1283;4452;-0.0008;0.8904;-0.1879;0.4973;25.827352
1283;4453;-0.0008;0.8901;-0.1876;0.5037;25.827353
1283;4454;-0.0008;0.8907;-0.1874;0.4942;25.827354
1283;4455;-0.0008;0.8907;-0.1871;0.4989;25.827355
1283;4456;-0.0008;0.8908;-0.1868;0.5051;25.827356
1283;4457;-0.0008;0.8908;-0.1866;0.5051;25.827357
1283;4458;-0.0008;0.8916;-0.1864;0.5066;25.827358
1283;4459;-0.0008;0.8916;-0.1862;0.5112;25.827359
1283;4460;-0.0008;0.8912;-0.1858;0.5112;25.827360
1283;4461;-0.0008;0.8917;-0.1856;0.5112;25.827361
1283;4462;-0.0008;0.8925;-0.1855;0.5066;25.827362
1283;4463;-0.0008;0.8920;-0.1851;0.5004;25.827363
1283;4464;-0.0008;0.8905;-0.1845;0.5006;25.827364
1283;4465;-0.0008;0.8901;-0.1841;0.4974;25.827365
1283;4466;-0.0008;0.8912;-0.1841;0.4912;25.827366
1283;4467;-0.0008;0.8921;-0.1840;0.4896;25.827367
1283;4468;-0.0008;0.8918;-0.1837;0.4912;25.827368
1283;4469;-0.0008;0.8906;-0.1831;0.4943;25.827369
1283;4470;-0.0008;0.8900;-0.1827;0.4928;25.827370
1283;4471;-0.0008;0.8906;-0.1825;0.4912;25.827371
1283;4472;-0.0008;0.8908;-0.1823;0.4912;25.827372
1283;4473;-0.0008;0.8901;-0.1818;0.4912;25.827373
1283;4474;-0.0008;0.8908;-0.1817;0.4912;25.827374
1283;4475;-0.0008;0.8914;-0.1816;0.4943;25.827375
1283;4476;-0.0008;0.8916;-0.1813;0.4974;25.827376
1283;4477;-0.0008;0.8913;-0.1810;0.4943;25.827377
1283;4478;-0.0008;0.8910;-0.1806;0.4881;25.827378
1283;4479;-0.0008;0.8914;-0.1804;0.4881;25.827379
1283;4480;-0.0008;0.8916;-0.1802;0.4881;25.827380
1283;4481;-0.0007;0.8912;-0.1798;0.4896;25.827381
1283;4482;-0.0007;0.8909;-0.1794;0.4912;25.827382
1283;4483;-0.0007;0.8907;-0.1792;0.4943;25.827383
1283;4484;-0.0007;0.8915;-0.1790;0.4959;25.827384
1283;4485;-0.0007;0.8915;-0.1788;0.4990;25.827385
1283;4486;-0.0007;0.8911;-0.1784;0.5037;25.827386
1283;4487;-0.0007;0.8908;-0.1780;0.5037;25.827387
1283;4488;-0.0007;0.8907;-0.1777;0.5021;25.827388
1283;4489;-0.0007;0.8910;-0.1775;0.5037;25.827389
1283;4490;-0.0007;0.8915;-0.1773;0.5068;25.827390
1283;4491;-0.0007;0.8915;-0.1770;0.5084;25.827391
1283;4492;-0.0007;0.8918;-0.1768;0.5084;25.827392
1283;4493;-0.0007;0.8915;-0.1765;0.5037;25.827393
1283;4494;-0.0007;0.8912;-0.1761;0.4974;25.827394
1283;4495;-0.0007;0.8911;-0.1758;0.4928;25.827395
1283;4496;-0.0007;0.8914;-0.1756;0.4896;25.827396
1283;4497;-0.0007;0.8921;-0.1754;0.4865;25.827397
1283;4498;-0.0007;0.8914;-0.1750;0.4834;25.827398
1283;4499;-0.0007;0.8913;-0.1747;0.4818;25.827399
1283;4500;-0.0007;0.8910;-0.1744;0.4850;25.827400
1283;4501;-0.0007;0.8905;-0.1740;0.4943;25.827401
1283;4502;-0.0007;0.8903;-0.1737;0.5052;25.827402
1283;4503;-0.0007;0.8908;-0.1735;0.5099;25.827403
1283;4504;-0.0007;0.8916;-0.1733;0.5099;25.827404
1283;4505;-0.0007;0.8914;-0.1730;0.5099;25.827405
1283;4506;-0.0007;0.8908;-0.1726;0.5052;25.827406
1283;4507;-0.0007;0.8901;-0.1722;0.4990;25.827407
1283;4508;-0.0007;0.8906;-0.1720;0.4943;25.827408
1283;4509;-0.0007;0.8913;-0.1719;0.4928;25.827409
1283;4510;-0.0007;0.8915;-0.1716;0.4928;25.827410
1283;4511;-0.0007;0.8912;-0.1713;0.4959;25.827411
1283;4512;-0.0007;0.8922;-0.1712;0.5006;25.827412
1283;4513;-0.0007;0.8923;-0.1710;0.4990;25.827413
1283;4514;-0.0007;0.8919;-0.1706;0.4943;25.827414
1283;4515;-0.0007;0.8914;-0.1702;0.4850;25.827415
1283;4516;-0.0007;0.8913;-0.1699;0.4803;25.827416
1283;4517;-0.0007;0.8912;-0.1696;0.4772;25.827417
1283;4518;-0.0007;0.8909;-0.1693;0.4772;25.827418
1283;4519;-0.0007;0.8905;-0.1689;0.4818;25.827419
1283;4520;-0.0007;0.8898;-0.1685;0.4850;25.827420
1283;4521;-0.0007;0.8893;-0.1681;0.4865;25.827421
1283;4522;-0.0007;0.8897;-0.1679;0.4928;25.827422
1283;4523;-0.0007;0.8900;-0.1677;0.4974;25.827423
1283;4524;-0.0007;0.8900;-0.1674;0.5006;25.827424
1283;4525;-0.0007;0.8908;-0.1673;0.5006;25.827425
1283;4526;-0.0007;0.8906;-0.1669;0.4990;25.827426
1283;4527;-0.0007;0.8907;-0.1667;0.4974;25.827427
1283;4528;-0.0007;0.8907;-0.1664;0.4943;25.827428
1283;4529;-0.0007;0.8901;-0.1660;0.4943;25.827429
1283;4530;-0.0007;0.8906;-0.1658;0.4943;25.827430
1283;4531;-0.0007;0.8912;-0.1657;0.4959;25.827431
1283;4532;-0.0007;0.8912;-0.1653;0.4974;25.827432
1283;4533;-0.0007;0.8912;-0.1651;0.4928;25.827433
1283;4534;-0.0007;0.8909;-0.1647;0.4943;25.827434
1283;4535;-0.0007;0.8911;-0.1645;0.5006;25.827435
1283;4536;-0.0007;0.8916;-0.1643;0.5084;25.827436
1283;4537;-0.0007;0.8922;-0.1641;0.5130;25.827437
1283;4538;-0.0007;0.8921;-0.1638;0.5115;25.827438
1283;4539;-0.0007;0.8920;-0.1635;0.5099;25.827439
1283;4540;-0.0007;0.8923;-0.1633;0.5130;25.827440
1283;4541;-0.0007;0.8919;-0.1629;0.5146;25.827441
1283;4542;-0.0007;0.8911;-0.1625;0.5146;25.827442
1283;4543;-0.0007;0.8906;-0.1621;0.5130;25.827443
1283;4544;-0.0007;0.8905;-0.1618;0.5130;25.827444
1283;4545;-0.0007;0.8911;-0.1616;0.5162;25.827445
1283;4546;-0.0007;0.8918;-0.1615;0.5130;25.827446
1283;4547;-0.0007;0.8924;-0.1613;0.5099;25.827447
1283;4548;-0.0007;0.8917;-0.1610;0.5099;25.827448
1283;4549;-0.0007;0.8906;-0.1604;0.5068;25.827449
1283;4550;-0.0007;0.8901;-0.1601;0.5037;25.827450
1283;4551;-0.0007;0.8901;-0.1598;0.5006;25.827451
1283;4552;-0.0007;0.8911;-0.1597;0.5021;25.827452
1283;4553;-0.0007;0.8911;-0.1594;0.5006;25.827453
1283;4554;-0.0007;0.8903;-0.1590;0.4990;25.827454
1283;4555;-0.0007;0.8900;-0.1586;0.5052;25.827455
1283;4556;-0.0007;0.8911;-0.1585;0.5177;25.827456
1283;4557;-0.0007;0.8920;-0.1584;0.5255;25.827457
1283;4558;-0.0007;0.8924;-0.1582;0.5271;25.827458
1283;4559;-0.0007;0.8921;-0.1579;0.5224;25.827459
1283;4560;-0.0007;0.8919;-0.1575;0.5193;25.827460
1283;4561;-0.0007;0.8915;-0.1572;0.5193;25.827461
1283;4562;-0.0007;0.8905;-0.1567;0.5193;25.827462
1283;4563;-0.0007;0.8902;-0.1565;0.5193;25.827463
1283;4564;-0.0007;0.8905;-0.1562;0.5162;25.827464
1283;4565;-0.0007;0.8905;-0.1559;0.5162;25.827465
1283;4566;-0.0007;0.8904;-0.1556;0.5162;25.827466
1283;4567;-0.0007;0.8906;-0.1554;0.5162;25.827467
1283;4568;-0.0007;0.8911;-0.1552;0.5208;25.827468
1283;4569;-0.0007;0.8914;-0.1549;0.5224;25.827469
1283;4570;-0.0007;0.8914;-0.1547;0.5208;25.827470
1283;4571;-0.0007;0.8913;-0.1543;0.5177;25.827471
1283;4572;-0.0007;0.8915;-0.1541;0.5193;25.827472
1283;4573;-0.0007;0.8923;-0.1540;0.5193;25.827473
1283;4574;-0.0007;0.8925;-0.1537;0.5162;25.827474
1283;4575;-0.0007;0.8920;-0.1533;0.5115;25.827475
1283;4576;-0.0007;0.8919;-0.1531;0.5068;25.827476
1283;4577;-0.0007;0.8920;-0.1528;0.5037;25.827477
1283;4578;-0.0007;0.8925;-0.1526;0.5021;25.827478
1283;4579;-0.0007;0.8926;-0.1523;0.4990;25.827479
1283;4580;-0.0007;0.8922;-0.1520;0.4974;25.827480
1283;4581;-0.0007;0.8920;-0.1517;0.5021;25.827481
1283;4582;-0.0007;0.8913;-0.1513;0.5052;25.827482
1283;4583;-0.0007;0.8914;-0.1510;0.5052;25.827483
1283;4584;-0.0007;0.8917;-0.1508;0.5037;25.827484
1283;4585;-0.0007;0.8923;-0.1506;0.5037;25.827485
1283;4586;-0.0007;0.8924;-0.1503;0.5068;25.827486
1283;4587;-0.0007;0.8915;-0.1499;0.5115;25.827487
1283;4588;-0.0007;0.8916;-0.1496;0.5177;25.827488
1283;4589;-0.0007;0.8919;-0.1494;0.5208;25.827489
1283;4590;-0.0007;0.8922;-0.1492;0.5208;25.827490
1283;4591;-0.0007;0.8922;-0.1489;0.5162;25.827491
1283;4592;-0.0007;0.8919;-0.1486;0.5099;25.827492
1283;4593;-0.0007;0.8919;-0.1483;0.5052;25.827493
1283;4594;-0.0007;0.8917;-0.1479;0.5021;25.827494
1283;4595;-0.0007;0.8917;-0.1477;0.5037;25.827495
1283;4596;-0.0007;0.8920;-0.1475;0.5052;25.827496
1283;4597;-0.0007;0.8921;-0.1472;0.5052;25.827497
1283;4598;-0.0007;0.8921;-0.1469;0.5084;25.827498
1283;4599;-0.0007;0.8919;-0.1466;0.5099;25.827499
1283;4600;-0.0007;0.8924;-0.1464;0.5130;25.827500
1283;4601;-0.0007;0.8931;-0.1462;0.5193;25.827501
1283;4602;-0.0007;0.8920;-0.1458;0.5224;25.827502
1283;4603;-0.0007;0.8917;-0.1454;0.5208;25.827503
1283;4604;-0.0007;0.8914;-0.1451;0.5146;25.827504
1283;4605;-0.0007;0.8910;-0.1448;0.5099;25.827505
1283;4606;-0.0007;0.8922;-0.1447;0.5068;25.827506
1283;4607;-0.0007;0.8925;-0.1444;0.5068;25.827507
1283;4608;-0.0007;0.8923;-0.1441;0.5115;25.827508
1283;4609;-0.0007;0.8921;-0.1438;0.5146;25.827509
1283;4610;-0.0007;0.8920;-0.1435;0.5162;25.827510
1283;4611;-0.0007;0.8913;-0.1432;0.5146;25.827511
1283;4612;-0.0007;0.8911;-0.1428;0.5099;25.827512
1283;4613;-0.0007;0.8914;-0.1426;0.5099;25.827513
1283;4614;-0.0007;0.8910;-0.1422;0.5130;25.827514
1283;4615;-0.0007;0.8903;-0.1418;0.5130;25.827515
1283;4616;-0.0007;0.8908;-0.1416;0.5115;25.827516
1283;4617;-0.0007;0.8911;-0.1414;0.5099;25.827517
1283;4618;-0.0007;0.8915;-0.1412;0.5115;25.827518
1283;4619;-0.0007;0.8917;-0.1409;0.5084;25.827519
1283;4620;-0.0007;0.8919;-0.1407;0.5021;25.827520
1283;4621;-0.0007;0.8915;-0.1403;0.4959;25.827521
1283;4622;-0.0007;0.8904;-0.1399;0.4959;25.827522
1283;4623;-0.0007;0.8904;-0.1396;0.4974;25.827523
1283;4624;-0.0007;0.8907;-0.1394;0.4974;25.827524
1283;4625;-0.0007;0.8910;-0.1391;0.4928;25.827525
1283;4626;-0.0007;0.8919;-0.1390;0.4928;25.827526
1283;4627;-0.0007;0.8926;-0.1388;0.4959;25.827527
1283;4628;-0.0007;0.8920;-0.1385;0.4974;25.827528
1283;4629;-0.0007;0.8909;-0.1380;0.4990;25.827529
1283;4630;-0.0007;0.8908;-0.1377;0.5006;25.827530
1283;4631;-0.0007;0.8915;-0.1376;0.5068;25.827531
1283;4632;-0.0007;0.8919;-0.1373;0.5084;25.827532
1283;4633;-0.0007;0.8922;-0.1371;0.5068;25.827533
1283;4634;-0.0007;0.8929;-0.1369;0.5099;25.827534
1283;4635;-0.0007;0.8930;-0.1367;0.5099;25.827535
1283;4636;-0.0007;0.8926;-0.1363;0.5115;25.827536
1283;4637;-0.0007;0.8921;-0.1360;0.5099;25.827537
1283;4638;-0.0007;0.8918;-0.1356;0.5068;25.827538
1283;4639;-0.0007;0.8920;-0.1354;0.5052;25.827539
1283;4640;-0.0007;0.8919;-0.1351;0.5021;25.827540
1283;4641;-0.0007;0.8916;-0.1348;0.5006;25.827541
1283;4642;-0.0007;0.8912;-0.1344;0.4990;25.827542
1283;4643;-0.0007;0.8912;-0.1342;0.5006;25.827543
1283;4644;-0.0007;0.8919;-0.1340;0.5021;25.827544
1283;4645;-0.0007;0.8921;-0.1337;0.4990;25.827545
1283;4646;-0.0007;0.8918;-0.1334;0.4928;25.827546
1283;4647;-0.0007;0.8922;-0.1332;0.4881;25.827547
1283;4648;-0.0007;0.8922;-0.1329;0.4865;25.827548
1283;4649;-0.0007;0.8924;-0.1326;0.4896;25.827549
1283;4650;-0.0007;0.8929;-0.1325;0.4912;25.827550
1283;4651;-0.0007;0.8932;-0.1322;0.4959;25.827551
1283;4652;-0.0007;0.8931;-0.1319;0.4974;25.827552
1283;4653;-0.0007;0.8923;-0.1315;0.4928;25.827553
1283;4654;-0.0007;0.8924;-0.1313;0.4912;25.827554
1283;4655;-0.0007;0.8931;-0.1311;0.4896;25.827555
1283;4656;-0.0007;0.8934;-0.1308;0.4850;25.827556
1283;4657;-0.0007;0.8932;-0.1305;0.4850;25.827557
1283;4658;-0.0007;0.8919;-0.1301;0.4818;25.827558
1283;4659;-0.0007;0.8920;-0.1298;0.4803;25.827559
1283;4660;-0.0007;0.8917;-0.1294;0.4803;25.827560
1283;4661;-0.0007;0.8911;-0.1291;0.4803;25.827561
1283;4662;-0.0007;0.8911;-0.1288;0.4756;25.827562
1283;4663;-0.0007;0.8914;-0.1286;0.4740;25.827563
1283;4664;-0.0007;0.8919;-0.1284;0.4787;25.827564
1283;4665;-0.0007;0.8915;-0.1280;0.4881;25.827565
1283;4666;-0.0007;0.8914;-0.1278;0.4928;25.827566
1283;4667;-0.0007;0.8920;-0.1275;0.4896;25.827567
1283;4668;-0.0007;0.8918;-0.1272;0.4865;25.827568
1283;4669;-0.0007;0.8916;-0.1269;0.4865;25.827569
1283;4670;-0.0007;0.8909;-0.1266;0.4916;25.827570
1283;4671;-0.0007;0.8910;-0.1263;0.4884;25.827571
1283;4672;-0.0007;0.8922;-0.1262;0.4818;25.827572
1283;4673;-0.0007;0.8924;-0.1259;0.4834;25.827573
1283;4674;-0.0007;0.8916;-0.1255;0.4850;25.827574
1283;4675;-0.0007;0.8909;-0.1252;0.4916;25.827575
1283;4676;-0.0007;0.8903;-0.1248;0.4932;25.827576
1283;4677;-0.0007;0.8904;-0.1245;0.4900;25.827577
1283;4678;-0.0007;0.8908;-0.1243;0.4884;25.827578
1283;4679;-0.0007;0.8919;-0.1242;0.4896;25.827579
1283;4680;-0.0007;0.8928;-0.1241;0.4912;25.827580
1283;4681;-0.0007;0.8923;-0.1237;0.4865;25.827581
1283;4682;-0.0007;0.8908;-0.1232;0.4900;25.827582
1283;4683;-0.0007;0.8908;-0.1229;0.4947;25.827583
1283;4684;-0.0007;0.8921;-0.1228;0.4959;25.827584
1283;4685;-0.0007;0.8927;-0.1226;0.4974;25.827585
1283;4686;-0.0007;0.8923;-0.1223;0.4990;25.827586
1283;4687;-0.0007;0.8921;-0.1220;0.5021;25.827587
1283;4688;-0.0007;0.8921;-0.1217;0.5006;25.827588
1283;4689;-0.0007;0.8924;-0.1215;0.5006;25.827589
1283;4690;-0.0007;0.8932;-0.1213;0.5006;25.827590
1283;4691;-0.0007;0.8931;-0.1210;0.5037;25.827591
1283;4692;-0.0007;0.8931;-0.1207;0.5099;25.827592
1283;4693;-0.0007;0.8928;-0.1204;0.5177;25.827593
1283;4694;-0.0007;0.8925;-0.1201;0.5239;25.827594
1283;4695;-0.0007;0.8926;-0.1198;0.5239;25.827595
1283;4696;-0.0007;0.8919;-0.1194;0.5294;25.827596
1283;4697;-0.0007;0.8919;-0.1192;0.5310;25.827597
1283;4698;-0.0007;0.8925;-0.1190;0.5224;25.827598
1283;4699;-0.0007;0.8925;-0.1187;0.5162;25.827599
1283;4700;-0.0007;0.8930;-0.1185;0.5146;25.827600
1283;4701;-0.0007;0.8935;-0.1183;0.5146;25.827601
1283;4702;-0.0007;0.8935;-0.1180;0.5115;25.827602
1283;4703;-0.0007;0.8929;-0.1176;0.5037;25.827603
1283;4704;-0.0007;0.8925;-0.1173;0.5006;25.827604
1283;4705;-0.0007;0.8923;-0.1170;0.5058;25.827605
1283;4706;-0.0007;0.8917;-0.1166;0.5010;25.827606
1283;4707;-0.0007;0.8915;-0.1163;0.4963;25.827607
1283;4708;-0.0007;0.8917;-0.1161;0.4932;25.827608
1283;4709;-0.0007;0.8916;-0.1158;0.4947;25.827609
1283;4710;-0.0007;0.8920;-0.1156;0.4963;25.827610
1283;4711;-0.0007;0.8922;-0.1153;0.4963;25.827611
1283;4712;-0.0007;0.8926;-0.1151;0.4947;25.827612
1283;4713;-0.0007;0.8937;-0.1149;0.4896;25.827613
1283;4714;-0.0007;0.8926;-0.1145;0.4932;25.827614
1283;4715;-0.0007;0.8911;-0.1141;0.4947;25.827615
1283;4716;-0.0007;0.8911;-0.1138;0.4979;25.827616
1283;4717;-0.0007;0.8926;-0.1137;0.5058;25.827617
1283;4718;-0.0007;0.8932;-0.1135;0.5037;25.827618
1283;4719;-0.0007;0.8927;-0.1132;0.5121;25.827619
1283;4720;-0.0007;0.8923;-0.1128;0.5152;25.827620
1283;4721;-0.0007;0.8924;-0.1126;0.5105;25.827621
1283;4722;-0.0007;0.8929;-0.1123;0.5089;25.827622
1283;4723;-0.0007;0.8938;-0.1122;0.5037;25.827623
1283;4724;-0.0007;0.8937;-0.1119;0.5052;25.827624
1283;4725;-0.0007;0.8934;-0.1115;0.5037;25.827625
1283;4726;-0.0007;0.8932;-0.1113;0.4959;25.827626
1283;4727;-0.0007;0.8933;-0.1110;0.4850;25.827627
1283;4728;-0.0007;0.8933;-0.1107;0.4803;25.827628
1283;4729;-0.0007;0.8927;-0.1104;0.4821;25.827629
1283;4730;-0.0007;0.8920;-0.1100;0.4758;25.827630
1283;4731;-0.0007;0.8916;-0.1097;0.4695;25.827631
1283;4732;-0.0007;0.8907;-0.1093;0.4680;25.827632
1283;4733;-0.0007;0.8903;-0.1090;0.4695;25.827633
1283;4734;-0.0007;0.8912;-0.1088;0.4711;25.827634
1283;4735;-0.0007;0.8924;-0.1087;0.4774;25.827635
1283;4736;-0.0007;0.8924;-0.1084;0.4837;25.827636
1283;4737;-0.0007;0.8915;-0.1080;0.4837;25.827637
1283;4738;-0.0007;0.8912;-0.1077;0.4853;25.827638
1283;4739;-0.0007;0.8907;-0.1074;0.4900;25.827639
1283;4740;-0.0007;0.8905;-0.1070;0.4932;25.827640
1283;4741;-0.0007;0.8915;-0.1069;0.4963;25.827641
1283;4742;-0.0007;0.8927;-0.1068;0.4963;25.827642
1283;4743;-0.0007;0.8929;-0.1065;0.4947;25.827643
1283;4744;-0.0007;0.8923;-0.1061;0.4963;25.827644
1283;4745;-0.0007;0.8918;-0.1058;0.4979;25.827645
1283;4746;-0.0007;0.8909;-0.1054;0.5010;25.827646
1283;4747;-0.0007;0.8907;-0.1051;0.5026;25.827647
1283;4748;-0.0007;0.8914;-0.1050;0.5026;25.827648
1283;4749;-0.0007;0.8922;-0.1047;0.5026;25.827649
1283;4750;-0.0007;0.8927;-0.1045;0.5026;25.827650
1283;4751;-0.0007;0.8927;-0.1043;0.5058;25.827651
1283;4752;-0.0007;0.8923;-0.1040;0.5073;25.827652
1283;4753;-0.0007;0.8926;-0.1037;0.5136;25.827653
1283;4754;-0.0007;0.8924;-0.1034;0.5136;25.827654
1283;4755;-0.0007;0.8924;-0.1031;0.5121;25.827655
1283;4756;-0.0007;0.8928;-0.1029;0.5152;25.827656
1283;4757;-0.0007;0.8920;-0.1025;0.5168;25.827657
1283;4758;-0.0007;0.8908;-0.1021;0.5199;25.827658
1283;4759;-0.0007;0.8909;-0.1018;0.5199;25.827659
1283;4760;-0.0007;0.8914;-0.1016;0.5136;25.827660
1283;4761;-0.0007;0.8925;-0.1015;0.5089;25.827661
1283;4762;-0.0007;0.8925;-0.1012;0.5058;25.827662
1283;4763;-0.0007;0.8922;-0.1009;0.5010;25.827663
1283;4764;-0.0007;0.8913;-0.1005;0.4963;25.827664
1283;4765;-0.0007;0.8912;-0.1002;0.4900;25.827665
1283;4766;-0.0007;0.8923;-0.1000;0.4869;25.827666
1283;4767;-0.0007;0.8930;-0.0999;0.4884;25.827667
1283;4768;-0.0007;0.8934;-0.0996;0.4900;25.827668
1283;4769;-0.0007;0.8930;-0.0993;0.4916;25.827669
1283;4770;-0.0007;0.8922;-0.0989;0.4932;25.827670
1283;4771;-0.0007;0.8929;-0.0987;0.4995;25.827671
1283;4772;-0.0007;0.8935;-0.0985;0.5058;25.827672
1283;4773;-0.0007;0.8923;-0.0981;0.5089;25.827673
1283;4774;-0.0006;0.8915;-0.0978;0.5105;25.827674
1283;4775;-0.0006;0.8911;-0.0974;0.5121;25.827675
1283;4776;-0.0006;0.8917;-0.0972;0.5136;25.827676
1283;4777;-0.0006;0.8914;-0.0969;0.5152;25.827677
1283;4778;-0.0006;0.8907;-0.0966;0.5215;25.827678
1283;4779;-0.0006;0.8917;-0.0964;0.5294;25.827679
1283;4780;-0.0006;0.8927;-0.0962;0.5294;25.827680
1283;4781;-0.0006;0.8934;-0.0960;0.5310;25.827681
1283;4782;-0.0006;0.8927;-0.0957;0.5278;25.827682
1283;4783;-0.0006;0.8916;-0.0953;0.5247;25.827683
1283;4784;-0.0006;0.8912;-0.0950;0.5184;25.827684
1283;4785;-0.0006;0.8912;-0.0947;0.5073;25.827685
1283;4786;-0.0006;0.8913;-0.0944;0.4995;25.827686
1283;4787;-0.0006;0.8915;-0.0942;0.4884;25.827687
1283;4788;-0.0006;0.8920;-0.0939;0.4806;25.827688
1283;4789;-0.0006;0.8924;-0.0937;0.4727;25.827689
1283;4790;-0.0006;0.8925;-0.0934;0.4617;25.827690
1283;4791;-0.0006;0.8921;-0.0931;0.4553;25.827691
1283;4792;-0.0006;0.8914;-0.0927;0.4490;25.827692
1283;4793;-0.0006;0.8915;-0.0925;0.4459;25.827693
1283;4794;-0.0006;0.8924;-0.0923;0.4522;25.827694
1283;4795;-0.0006;0.8926;-0.0921;0.4601;25.827695
1283;4796;-0.0006;0.8928;-0.0918;0.4727;25.827696
1283;4797;-0.0006;0.8925;-0.0915;0.4837;25.827697
1283;4798;-0.0006;0.8923;-0.0912;0.4932;25.827698
1283;4799;-0.0006;0.8923;-0.0909;0.4995;25.827699
1283;4800;-0.0006;0.8928;-0.0907;0.5026;25.827700
1283;4801;-0.0006;0.8938;-0.0905;0.5026;25.827701
1283;4802;-0.0006;0.8942;-0.0903;0.5042;25.827702
1283;4803;-0.0006;0.8935;-0.0899;0.5073;25.827703
1283;4804;-0.0006;0.8931;-0.0896;0.5089;25.827704
1283;4805;-0.0006;0.8924;-0.0893;0.5089;25.827705
1283;4806;-0.0006;0.8917;-0.0889;0.5121;25.827706
1283;4807;-0.0006;0.8909;-0.0886;0.5184;25.827707
1283;4808;-0.0006;0.8907;-0.0883;0.5199;25.827708
1283;4809;-0.0006;0.8912;-0.0880;0.5168;25.827709
1283;4810;-0.0006;0.8912;-0.0878;0.5152;25.827710
1283;4811;-0.0006;0.8915;-0.0875;0.5168;25.827711
1283;4812;-0.0006;0.8915;-0.0873;0.5199;25.827712
1283;4813;-0.0006;0.8913;-0.0870;0.5215;25.827713
1283;4814;-0.0006;0.8922;-0.0868;0.5199;25.827714
1283;4815;-0.0006;0.8927;-0.0865;0.5168;25.827715
1283;4816;-0.0006;0.8923;-0.0862;0.5152;25.827716
1283;4817;-0.0006;0.8921;-0.0859;0.5121;25.827717
1283;4818;-0.0006;0.8919;-0.0856;0.5042;25.827718
1283;4819;-0.0006;0.8924;-0.0854;0.5026;25.827719
1283;4820;-0.0006;0.8928;-0.0851;0.5010;25.827720
1283;4821;-0.0006;0.8929;-0.0849;0.4995;25.827721
1283;4822;-0.0006;0.8932;-0.0846;0.4979;25.827722
1283;4823;-0.0006;0.8927;-0.0843;0.4963;25.827723
1283;4824;-0.0006;0.8927;-0.0841;0.4963;25.827724
1283;4825;-0.0006;0.8929;-0.0838;0.4995;25.827725
1283;4826;-0.0006;0.8928;-0.0835;0.5042;25.827726
1283;4827;-0.0006;0.8933;-0.0833;0.5105;25.827727
1283;4828;-0.0006;0.8933;-0.0830;0.5184;25.827728
1283;4829;-0.0006;0.8931;-0.0827;0.5199;25.827729
1283;4830;-0.0006;0.8934;-0.0825;0.5152;25.827730
1283;4831;-0.0006;0.8938;-0.0822;0.5089;25.827731
1283;4832;-0.0006;0.8939;-0.0820;0.5058;25.827732
1283;4833;-0.0006;0.8936;-0.0816;0.5010;25.827733
1283;4834;-0.0006;0.8933;-0.0813;0.4963;25.827734
1283;4835;-0.0006;0.8935;-0.0811;0.4947;25.827735
1283;4836;-0.0006;0.8930;-0.0808;0.4963;25.827736
1283;4837;-0.0006;0.8921;-0.0804;0.4979;25.827737
1283;4838;-0.0006;0.8913;-0.0800;0.4947;25.827738
1283;4839;-0.0006;0.8919;-0.0798;0.4932;25.827739
1283;4840;-0.0006;0.8926;-0.0796;0.4932;25.827740
1283;4841;-0.0006;0.8927;-0.0794;0.4884;25.827741
1283;4842;-0.0006;0.8928;-0.0791;0.4837;25.827742
1283;4843;-0.0006;0.8923;-0.0788;0.4837;25.827743
1283;4844;-0.0006;0.8921;-0.0785;0.4900;25.827744
1283;4845;-0.0006;0.8930;-0.0783;0.4947;25.827745
1283;4846;-0.0006;0.8931;-0.0780;0.4947;25.827746
1283;4847;-0.0006;0.8933;-0.0777;0.4963;25.827747
1283;4848;-0.0006;0.8933;-0.0775;0.4995;25.827748
1283;4849;-0.0006;0.8929;-0.0772;0.5058;25.827749
1283;4850;-0.0006;0.8936;-0.0770;0.5089;25.827750
1283;4851;-0.0006;0.8937;-0.0767;0.5136;25.827751
1283;4852;-0.0006;0.8930;-0.0763;0.5168;25.827752
1283;4853;-0.0006;0.8925;-0.0760;0.5121;25.827753
1283;4854;-0.0006;0.8930;-0.0758;0.5089;25.827754
1283;4855;-0.0006;0.8937;-0.0755;0.5089;25.827755
1283;4856;-0.0006;0.8937;-0.0753;0.5073;25.827756
1283;4857;-0.0006;0.8937;-0.0750;0.5058;25.827757
1283;4858;-0.0006;0.8930;-0.0747;0.5042;25.827758
1283;4859;-0.0006;0.8931;-0.0744;0.5042;25.827759
1283;4860;-0.0006;0.8939;-0.0742;0.5089;25.827760
1283;4861;-0.0006;0.8938;-0.0739;0.5136;25.827761
1283;4862;-0.0006;0.8931;-0.0736;0.5152;25.827762
1283;4863;-0.0006;0.8931;-0.0733;0.5152;25.827763
1283;4864;-0.0006;0.8932;-0.0730;0.5136;25.827764
1283;4865;-0.0006;0.8930;-0.0728;0.5168;25.827765
1283;4866;-0.0006;0.8930;-0.0725;0.5199;25.827766
1283;4867;-0.0006;0.8926;-0.0722;0.5215;25.827767
1283;4868;-0.0006;0.8922;-0.0718;0.5152;25.827768
1283;4869;-0.0006;0.8924;-0.0716;0.5089;25.827769
1283;4870;-0.0006;0.8936;-0.0714;0.5089;25.827770
1283;4871;-0.0006;0.8940;-0.0712;0.5089;25.827771
1283;4872;-0.0006;0.8934;-0.0709;0.5121;25.827772
1283;4873;-0.0006;0.8935;-0.0706;0.5105;25.827773
1283;4874;-0.0006;0.8937;-0.0703;0.5058;25.827774
1283;4875;-0.0006;0.8941;-0.0701;0.5042;25.827775
1283;4876;-0.0006;0.8941;-0.0698;0.5010;25.827776
1283;4877;-0.0006;0.8943;-0.0695;0.5010;25.827777
1283;4878;-0.0006;0.8947;-0.0693;0.4995;25.827778
1283;4879;-0.0006;0.8942;-0.0690;0.4995;25.827779
1283;4880;-0.0006;0.8938;-0.0687;0.5042;25.827780
1283;4881;-0.0006;0.8936;-0.0684;0.5058;25.827781
1283;4882;-0.0006;0.8927;-0.0681;0.5026;25.827782
1283;4883;-0.0006;0.8925;-0.0677;0.5042;25.827783
1283;4884;-0.0006;0.8927;-0.0675;0.5026;25.827784
1283;4885;-0.0006;0.8934;-0.0673;0.4979;25.827785
1283;4886;-0.0006;0.8937;-0.0670;0.4916;25.827786
1283;4887;-0.0006;0.8931;-0.0667;0.4869;25.827787
1283;4888;-0.0006;0.8931;-0.0664;0.4853;25.827788
1283;4889;-0.0006;0.8933;-0.0662;0.4853;25.827789
1283;4890;-0.0006;0.8933;-0.0659;0.4884;25.827790
1283;4891;-0.0006;0.8931;-0.0656;0.4900;25.827791
1283;4892;-0.0006;0.8931;-0.0653;0.4947;25.827792
1283;4893;-0.0006;0.8932;-0.0651;0.5010;25.827793
1283;4894;-0.0006;0.8931;-0.0647;0.5026;25.827794
1283;4895;-0.0006;0.8924;-0.0645;0.5042;25.827795
1283;4896;-0.0006;0.8925;-0.0642;0.5073;25.827796
1283;4897;-0.0006;0.8928;-0.0640;0.5042;25.827797
1283;4898;-0.0006;0.8932;-0.0637;0.5010;25.827798
1283;4899;-0.0006;0.8926;-0.0634;0.4979;25.827799
1283;4900;-0.0006;0.8923;-0.0631;0.4916;25.827800
1283;4901;-0.0006;0.8928;-0.0628;0.4837;25.827801
1283;4902;-0.0006;0.8934;-0.0626;0.4790;25.827802
1283;4903;-0.0006;0.8941;-0.0624;0.4837;25.827803
1283;4904;-0.0006;0.8945;-0.0621;0.4884;25.827804
1283;4905;-0.0006;0.8936;-0.0618;0.4916;25.827805
1283;4906;-0.0006;0.8936;-0.0615;0.4884;25.827806
1283;4907;-0.0006;0.8941;-0.0612;0.4869;25.827807
1283;4908;-0.0006;0.8942;-0.0610;0.4884;25.827808
1283;4909;-0.0006;0.8942;-0.0607;0.4916;25.827809
1283;4910;-0.0006;0.8941;-0.0604;0.4932;25.827810
1283;4911;-0.0006;0.8939;-0.0601;0.4947;25.827811
1283;4912;-0.0006;0.8935;-0.0598;0.4979;25.827812
1283;4913;-0.0006;0.8936;-0.0596;0.4947;25.827813
1283;4914;-0.0006;0.8940;-0.0593;0.4884;25.827814
1283;4915;-0.0006;0.8940;-0.0591;0.4837;25.827815
1283;4916;-0.0006;0.8938;-0.0587;0.4853;25.827816
1283;4917;-0.0006;0.8933;-0.0585;0.4900;25.827817
1283;4918;-0.0006;0.8929;-0.0581;0.4932;25.827818
1283;4919;-0.0006;0.8920;-0.0578;0.4963;25.827819
1283;4920;-0.0006;0.8909;-0.0575;0.4995;25.827820
1283;4921;-0.0006;0.8914;-0.0572;0.5026;25.827821
1283;4922;-0.0006;0.8920;-0.0570;0.5042;25.827822
1283;4923;-0.0006;0.8922;-0.0567;0.5089;25.827823
1283;4924;-0.0006;0.8926;-0.0565;0.5105;25.827824
1283;4925;-0.0006;0.8926;-0.0562;0.5105;25.827825
1283;4926;-0.0006;0.8928;-0.0559;0.5105;25.827826
1283;4927;-0.0006;0.8931;-0.0557;0.5058;25.827827
1283;4928;-0.0006;0.8935;-0.0554;0.5026;25.827828
1283;4929;-0.0006;0.8931;-0.0551;0.5010;25.827829
1283;4930;-0.0006;0.8927;-0.0549;0.4979;25.827830
1283;4931;-0.0006;0.8927;-0.0545;0.4995;25.827831
1283;4932;-0.0006;0.8923;-0.0543;0.5026;25.827832
1283;4933;-0.0006;0.8925;-0.0540;0.5026;25.827833
1283;4934;-0.0006;0.8931;-0.0538;0.4995;25.827834
1283;4935;-0.0006;0.8932;-0.0535;0.5026;25.827835
1283;4936;-0.0006;0.8932;-0.0532;0.5058;25.827836
1283;4937;-0.0006;0.8928;-0.0529;0.5026;25.827837
1283;4938;-0.0006;0.8923;-0.0526;0.5042;25.827838
1283;4939;-0.0006;0.8923;-0.0524;0.5058;25.827839
1283;4940;-0.0006;0.8924;-0.0521;0.5026;25.827840
1283;4941;-0.0006;0.8933;-0.0518;0.5042;25.827841
1283;4942;-0.0006;0.8933;-0.0516;0.5026;25.827842
1283;4943;-0.0006;0.8929;-0.0513;0.5042;25.827843
1283;4944;-0.0006;0.8933;-0.0510;0.5058;25.827844
1283;4945;-0.0006;0.8936;-0.0508;0.5073;25.827845
1283;4946;-0.0006;0.8934;-0.0505;0.5073;25.827846
1283;4947;-0.0006;0.8934;-0.0502;0.5042;25.827847
1283;4948;-0.0006;0.8930;-0.0499;0.5010;25.827848
1283;4949;-0.0006;0.8932;-0.0496;0.5010;25.827849
1283;4950;-0.0006;0.8935;-0.0494;0.4995;25.827850
1283;4951;-0.0006;0.8937;-0.0491;0.4995;25.827851
1283;4952;-0.0006;0.8937;-0.0489;0.4947;25.827852
1283;4953;-0.0006;0.8939;-0.0486;0.4900;25.827853
1283;4954;-0.0006;0.8942;-0.0483;0.4900;25.827854
1283;4955;-0.0006;0.8935;-0.0480;0.4932;25.827855
1283;4956;-0.0006;0.8924;-0.0477;0.4916;25.827856
1283;4957;-0.0006;0.8931;-0.0474;0.4900;25.827857
1283;4958;-0.0006;0.8940;-0.0472;0.4932;25.827858
1283;4959;-0.0006;0.8945;-0.0470;0.4995;25.827859
1283;4960;-0.0006;0.8943;-0.0467;0.5042;25.827860
1283;4961;-0.0006;0.8936;-0.0463;0.5089;25.827861
1283;4962;-0.0006;0.8927;-0.0460;0.5105;25.827862
1283;4963;-0.0006;0.8927;-0.0458;0.5105;25.827863
1283;4964;-0.0006;0.8937;-0.0455;0.5121;25.827864
1283;4965;-0.0006;0.8941;-0.0453;0.5168;25.827865
1283;4966;-0.0006;0.8934;-0.0450;0.5231;25.827866
1283;4967;-0.0006;0.8939;-0.0447;0.5263;25.827867
1283;4968;-0.0006;0.8944;-0.0445;0.5263;25.827868
1283;4969;-0.0006;0.8947;-0.0442;0.5247;25.827869
1283;4970;-0.0006;0.8944;-0.0439;0.5168;25.827870
1283;4971;-0.0006;0.8940;-0.0437;0.5105;25.827871
1283;4972;-0.0006;0.8945;-0.0434;0.5073;25.827872
1283;4973;-0.0006;0.8944;-0.0431;0.4995;25.827873
1283;4974;-0.0006;0.8942;-0.0428;0.4963;25.827874
1283;4975;-0.0006;0.8947;-0.0426;0.4963;25.827875
1283;4976;-0.0006;0.8948;-0.0423;0.4963;25.827876
1283;4977;-0.0006;0.8948;-0.0420;0.4947;25.827877
1283;4978;-0.0006;0.8952;-0.0418;0.4900;25.827878
1283;4979;-0.0006;0.8952;-0.0415;0.4900;25.827879
1283;4980;-0.0006;0.8945;-0.0412;0.4947;25.827880
1283;4981;-0.0006;0.8943;-0.0409;0.4995;25.827881
1283;4982;-0.0006;0.8950;-0.0407;0.5026;25.827882
1283;4983;-0.0006;0.8946;-0.0404;0.5042;25.827883
1283;4984;-0.0006;0.8947;-0.0401;0.5042;25.827884
1283;4985;-0.0006;0.8958;-0.0399;0.5026;25.827885
1283;4986;-0.0006;0.8956;-0.0396;0.5010;25.827886
1283;4987;-0.0006;0.8940;-0.0392;0.5026;25.827887
1283;4988;-0.0006;0.8930;-0.0389;0.5089;25.827888
1283;4989;-0.0006;0.8930;-0.0386;0.5136;25.827889
1283;4990;-0.0006;0.8937;-0.0384;0.5168;25.827890
1283;4991;-0.0006;0.8935;-0.0381;0.5199;25.827891
1283;4992;-0.0006;0.8940;-0.0379;0.5231;25.827892
1283;4993;-0.0006;0.8945;-0.0376;0.5215;25.827893
1283;4994;-0.0006;0.8947;-0.0373;0.5168;25.827894
1283;4995;-0.0006;0.8950;-0.0371;0.5073;25.827895
1283;4996;-0.0006;0.8941;-0.0368;0.5010;25.827896
1283;4997;-0.0006;0.8936;-0.0365;0.5026;25.827897
1283;4998;-0.0006;0.8943;-0.0362;0.5058;25.827898
1283;4999;-0.0006;0.8947;-0.0360;0.5089;25.827899
1283;5000;-0.0006;0.8943;-0.0357;0.5073;25.827900
1283;5001;-0.0006;0.8937;-0.0354;0.5026;25.827901
1283;5002;-0.0006;0.8937;-0.0351;0.5026;25.827902
1283;5003;-0.0006;0.8939;-0.0348;0.5042;25.827903
1283;5004;-0.0006;0.8935;-0.0346;0.5058;25.827904
1283;5005;-0.0006;0.8933;-0.0342;0.5073;25.827905
1283;5006;-0.0006;0.8930;-0.0340;0.5089;25.827906
1283;5007;-0.0006;0.8932;-0.0337;0.5105;25.827907
1283;5008;-0.0006;0.8935;-0.0335;0.5089;25.827908
1283;5009;-0.0006;0.8939;-0.0332;0.5089;25.827909
1283;5010;-0.0006;0.8948;-0.0330;0.5121;25.827910
1283;5011;-0.0006;0.8950;-0.0327;0.5184;25.827911
1283;5012;-0.0006;0.8947;-0.0324;0.5215;25.827912
1283;5013;-0.0006;0.8940;-0.0321;0.5231;25.827913
1283;5014;-0.0006;0.8936;-0.0318;0.5247;25.827914
1283;5015;-0.0006;0.8940;-0.0316;0.5247;25.827915
1283;5016;-0.0006;0.8938;-0.0312;0.5215;25.827916
1283;5017;-0.0006;0.8940;-0.0310;0.5199;25.827917
1283;5018;-0.0006;0.8947;-0.0307;0.5184;25.827918
1283;5019;-0.0006;0.8943;-0.0305;0.5184;25.827919
1283;5020;-0.0006;0.8940;-0.0302;0.5184;25.827920
1283;5021;-0.0006;0.8935;-0.0299;0.5152;25.827921
1283;5022;-0.0006;0.8930;-0.0296;0.5136;25.827922
1283;5023;-0.0006;0.8934;-0.0293;0.5136;25.827923
1283;5024;-0.0006;0.8937;-0.0291;0.5121;25.827924
1283;5025;-0.0006;0.8944;-0.0288;0.5089;25.827925
1283;5026;-0.0006;0.8943;-0.0285;0.5058;25.827926
1283;5027;-0.0006;0.8943;-0.0283;0.5058;25.827927
1283;5028;-0.0006;0.8941;-0.0280;0.5058;25.827928
1283;5029;-0.0006;0.8937;-0.0277;0.5058;25.827929
1283;5030;-0.0006;0.8944;-0.0274;0.5089;25.827930
1283;5031;-0.0006;0.8950;-0.0272;0.5058;25.827931
1283;5032;-0.0006;0.8944;-0.0269;0.5058;25.827932
1283;5033;-0.0006;0.8944;-0.0266;0.5105;25.827933
1283;5034;-0.0006;0.8945;-0.0263;0.5136;25.827934
1283;5035;-0.0006;0.8949;-0.0261;0.5105;25.827935
1283;5036;-0.0006;0.8951;-0.0258;0.5042;25.827936
1283;5037;-0.0006;0.8952;-0.0255;0.5042;25.827937
1283;5038;-0.0006;0.8954;-0.0253;0.5042;25.827938
1283;5039;-0.0006;0.8947;-0.0250;0.4995;25.827939
1283;5040;-0.0006;0.8935;-0.0247;0.4947;25.827940
1283;5041;-0.0006;0.8935;-0.0244;0.4916;25.827941
1283;5042;-0.0006;0.8935;-0.0241;0.4916;25.827942
1283;5043;-0.0006;0.8935;-0.0238;0.4932;25.827943
1283;5044;-0.0006;0.8938;-0.0236;0.4947;25.827944
1283;5045;-0.0006;0.8944;-0.0233;0.4963;25.827945
1283;5046;-0.0006;0.8945;-0.0230;0.4995;25.827946
1283;5047;-0.0006;0.8937;-0.0228;0.5058;25.827947
1283;5048;-0.0006;0.8943;-0.0225;0.5105;25.827948
1283;5049;-0.0006;0.8950;-0.0223;0.5136;25.827949
1283;5050;-0.0006;0.8952;-0.0220;0.5168;25.827950
1283;5051;-0.0006;0.8943;-0.0217;0.5136;25.827951
1283;5052;-0.0006;0.8929;-0.0214;0.5073;25.827952
1283;5053;-0.0006;0.8934;-0.0211;0.5026;25.827953
1283;5054;-0.0006;0.8952;-0.0209;0.4995;25.827954
1283;5055;-0.0006;0.8950;-0.0206;0.5042;25.827955
1283;5056;-0.0006;0.8946;-0.0203;0.5089;25.827956
1283;5057;-0.0006;0.8943;-0.0200;0.5042;25.827957
1283;5058;-0.0006;0.8946;-0.0198;0.4995;25.827958
1283;5059;-0.0006;0.8945;-0.0195;0.4979;25.827959
1283;5060;-0.0006;0.8936;-0.0192;0.4963;25.827960
1283;5061;-0.0006;0.8940;-0.0189;0.4947;25.827961
1283;5062;-0.0006;0.8949;-0.0187;0.4932;25.827962
1283;5063;-0.0006;0.8956;-0.0184;0.4947;25.827963
1283;5064;-0.0006;0.8954;-0.0182;0.4979;25.827964
1283;5065;-0.0006;0.8944;-0.0178;0.5010;25.827965
1283;5066;-0.0006;0.8940;-0.0176;0.5010;25.827966
1283;5067;-0.0006;0.8942;-0.0173;0.4979;25.827967
1283;5068;-0.0006;0.8946;-0.0170;0.4947;25.827968
1283;5069;-0.0006;0.8951;-0.0168;0.4932;25.827969
1283;5070;-0.0006;0.8951;-0.0165;0.4947;25.827970
1283;5071;-0.0006;0.8949;-0.0162;0.4979;25.827971
1283;5072;-0.0006;0.8946;-0.0159;0.5026;25.827972
1283;5073;-0.0006;0.8947;-0.0157;0.5042;25.827973
1283;5074;-0.0006;0.8946;-0.0154;0.5010;25.827974
1283;5075;-0.0006;0.8944;-0.0151;0.4963;25.827975
1283;5076;-0.0006;0.8947;-0.0148;0.4963;25.827976
1283;5077;-0.0006;0.8954;-0.0145;0.4995;25.827977
1283;5078;-0.0006;0.8956;-0.0143;0.5026;25.827978
1283;5079;-0.0006;0.8947;-0.0140;0.5026;25.827979
1283;5080;-0.0006;0.8940;-0.0137;0.5058;25.827980
1283;5081;-0.0006;0.8948;-0.0134;0.5089;25.827981
1283;5082;-0.0006;0.8950;-0.0132;0.5089;25.827982
1283;5083;-0.0006;0.8947;-0.0129;0.5073;25.827983
1283;5084;-0.0006;0.8943;-0.0126;0.5026;25.827984
1283;5085;-0.0006;0.8938;-0.0123;0.4995;25.827985
1283;5086;-0.0006;0.8936;-0.0121;0.4979;25.827986
1283;5087;-0.0006;0.8934;-0.0118;0.4995;25.827987
1283;5088;-0.0006;0.8938;-0.0115;0.5058;25.827988
1283;5089;-0.0006;0.8947;-0.0112;0.5073;25.827989
1283;5090;-0.0006;0.8943;-0.0110;0.5073;25.827990
1283;5091;-0.0006;0.8934;-0.0107;0.5105;25.827991
1283;5092;-0.0006;0.8929;-0.0104;0.5121;25.827992
1283;5093;-0.0006;0.8931;-0.0101;0.5121;25.827993
1283;5094;-0.0006;0.8938;-0.0098;0.5152;25.827994
1283;5095;-0.0006;0.8941;-0.0096;0.5152;25.827995
1283;5096;-0.0006;0.8943;-0.0093;0.5136;25.827996
1283;5097;-0.0006;0.8943;-0.0091;0.5105;25.827997
1283;5098;-0.0006;0.8938;-0.0088;0.5121;25.827998
1283;5099;-0.0006;0.8938;-0.0085;0.5199;25.827999
1283;5100;-0.0006;0.8938;-0.0082;0.5231;25.828000
1283;5101;-0.0006;0.8936;-0.0079;0.5247;25.828001
1283;5102;-0.0006;0.8936;-0.0077;0.5231;25.828002
1283;5103;-0.0006;0.8943;-0.0074;0.5184;25.828003
1283;5104;-0.0006;0.8961;-0.0072;0.5152;25.828004
1283;5105;-0.0006;0.8962;-0.0069;0.5136;25.828005
1283;5106;-0.0006;0.8945;-0.0066;0.5168;25.828006
1283;5107;-0.0005;0.8931;-0.0063;0.5168;25.828007
1283;5108;-0.0006;0.8936;-0.0060;0.5152;25.828008
1283;5109;-0.0006;0.8950;-0.0057;0.5168;25.828009
1283;5110;-0.0006;0.8952;-0.0055;0.5184;25.828010
1283;5111;-0.0006;0.8945;-0.0052;0.5168;25.828011
1283;5112;-0.0005;0.8939;-0.0049;0.5152;25.828012
1283;5113;-0.0005;0.8936;-0.0046;0.5168;25.828013
1283;5114;-0.0005;0.8947;-0.0044;0.5199;25.828014
1283;5115;-0.0006;0.8962;-0.0041;0.5199;25.828015
1283;5116;-0.0006;0.8962;-0.0039;0.5121;25.828016
1283;5117;-0.0005;0.8964;-0.0036;0.5042;25.828017
1283;5118;-0.0005;0.8961;-0.0033;0.5026;25.828018
1283;5119;-0.0005;0.8954;-0.0030;0.5058;25.828019
1283;5120;-0.0005;0.8947;-0.0027;0.5089;25.828020
1283;5121;-0.0005;0.8948;-0.0025;0.5136;25.828021
1283;5122;-0.0005;0.8949;-0.0022;0.5168;25.828022
1283;5123;-0.0005;0.8942;-0.0019;0.5199;25.828023
1283;5124;-0.0005;0.8942;-0.0016;0.5184;25.828024
1283;5125;-0.0005;0.8944;-0.0014;0.5121;25.828025
1283;5126;-0.0005;0.8942;-0.0011;0.5073;25.828026
1283;5127;-0.0005;0.8946;-0.0008;0.5073;25.828027
1283;5128;-0.0005;0.8951;-0.0005;0.5073;25.828028
1283;5129;-0.0005;0.8958;-0.0003;0.5073;25.828029
1283;5130;-0.0005;0.8953;0.0000;0.5042;25.828030
1283;5131;-0.0005;0.8942;0.0003;0.4995;25.828031
1283;5132;-0.0005;0.8937;0.0006;0.4995;25.828032
1283;5133;-0.0005;0.8933;0.0008;0.4995;25.828033
1283;5134;-0.0005;0.8942;0.0011;0.4995;25.828034
1283;5135;-0.0005;0.8955;0.0014;0.4995;25.828035
1283;5136;-0.0005;0.8953;0.0017;0.4995;25.828036
1283;5137;-0.0005;0.8948;0.0019;0.4995;25.828037
1283;5138;-0.0005;0.8940;0.0022;0.5026;25.828038
1283;5139;-0.0005;0.8939;0.0025;0.5089;25.828039
1283;5140;-0.0005;0.8943;0.0028;0.5105;25.828040
1283;5141;-0.0005;0.8945;0.0030;0.5089;25.828041
1283;5142;-0.0005;0.8947;0.0033;0.5105;25.828042
1283;5143;-0.0005;0.8952;0.0036;0.5105;25.828043
1283;5144;-0.0005;0.8959;0.0039;0.5136;25.828044
1283;5145;-0.0005;0.8962;0.0041;0.5136;25.828045
1283;5146;-0.0005;0.8957;0.0044;0.5136;25.828046
1283;5147;-0.0005;0.8945;0.0047;0.5152;25.828047
1283;5148;-0.0005;0.8934;0.0050;0.5168;25.828048
1283;5149;-0.0005;0.8938;0.0052;0.5168;25.828049
1283;5150;-0.0005;0.8945;0.0055;0.5152;25.828050
1283;5151;-0.0005;0.8947;0.0058;0.5105;25.828051
1283;5152;-0.0005;0.8954;0.0060;0.5073;25.828052
1283;5153;-0.0005;0.8952;0.0063;0.5058;25.828053
1283;5154;-0.0005;0.8948;0.0066;0.5058;25.828054
1283;5155;-0.0005;0.8952;0.0069;0.5089;25.828055
1283;5156;-0.0005;0.8957;0.0071;0.5136;25.828056
1283;5157;-0.0005;0.8962;0.0074;0.5184;25.828057
1283;5158;-0.0005;0.8959;0.0077;0.5199;25.828058
1283;5159;-0.0005;0.8955;0.0080;0.5168;25.828059
1283;5160;-0.0005;0.8948;0.0082;0.5152;25.828060
1283;5161;-0.0005;0.8939;0.0085;0.5121;25.828061
1283;5162;-0.0005;0.8947;0.0088;0.5152;25.828062
1283;5163;-0.0005;0.8952;0.0091;0.5184;25.828063
1283;5164;-0.0005;0.8941;0.0093;0.5199;25.828064
1283;5165;-0.0005;0.8932;0.0096;0.5215;25.828065
1283;5166;-0.0005;0.8932;0.0099;0.5215;25.828066
1283;5167;-0.0005;0.8947;0.0102;0.5199;25.828067
1283;5168;-0.0005;0.8955;0.0104;0.5168;25.828068
1283;5169;-0.0005;0.8954;0.0107;0.5152;25.828069
1283;5170;-0.0005;0.8950;0.0110;0.5152;25.828070
1283;5171;-0.0005;0.8950;0.0112;0.5184;25.828071
1283;5172;-0.0005;0.8952;0.0116;0.5247;25.828072
1283;5173;-0.0005;0.8957;0.0118;0.5247;25.828073
1283;5174;-0.0005;0.8957;0.0121;0.5247;25.828074
1283;5175;-0.0005;0.8959;0.0124;0.5278;25.828075
1283;5176;-0.0005;0.8955;0.0127;0.5326;25.828076
1283;5177;-0.0005;0.8950;0.0129;0.5357;25.828077
1283;5178;-0.0005;0.8955;0.0132;0.5373;25.828078
1283;5179;-0.0005;0.8955;0.0135;0.5404;25.828079
1283;5180;-0.0005;0.8951;0.0138;0.5436;25.828080
1283;5181;-0.0005;0.8951;0.0140;0.5436;25.828081
1283;5182;-0.0005;0.8956;0.0143;0.5404;25.828082
1283;5183;-0.0005;0.8961;0.0146;0.5389;25.828083
1283;5184;-0.0005;0.8954;0.0148;0.5420;25.828084
1283;5185;-0.0005;0.8949;0.0151;0.5467;25.828085
1283;5186;-0.0005;0.8949;0.0154;0.5467;25.828086
1283;5187;-0.0005;0.8947;0.0157;0.5452;25.828087
1283;5188;-0.0005;0.8951;0.0159;0.5499;25.828088
1283;5189;-0.0005;0.8947;0.0162;0.5515;25.828089
1283;5190;-0.0005;0.8949;0.0164;0.5499;25.828090
1283;5191;-0.0005;0.8954;0.0168;0.5420;25.828091
1283;5192;-0.0005;0.8954;0.0170;0.5404;25.828092
1283;5193;-0.0005;0.8960;0.0173;0.5467;25.828093
1283;5194;-0.0005;0.8961;0.0176;0.5530;25.828094
1283;5195;-0.0005;0.8958;0.0179;0.5578;25.828095
1283;5196;-0.0005;0.8958;0.0181;0.5609;25.828096
1283;5197;-0.0005;0.8958;0.0184;0.5625;25.828097
1283;5198;-0.0005;0.8961;0.0187;0.5641;25.828098
1283;5199;-0.0005;0.8956;0.0190;0.5593;25.828099
1283;5200;-0.0005;0.8950;0.0192;0.5562;25.828100
1283;5201;-0.0005;0.8948;0.0195;0.5515;25.828101
1283;5202;-0.0005;0.8943;0.0198;0.5452;25.828102
1283;5203;-0.0005;0.8945;0.0200;0.5389;25.828103
1283;5204;-0.0005;0.8952;0.0203;0.5310;25.828104
1283;5205;-0.0005;0.8955;0.0206;0.5263;25.828105
1283;5206;-0.0005;0.8959;0.0209;0.5231;25.828106
1283;5207;-0.0005;0.8948;0.0211;0.5215;25.828107
1283;5208;-0.0005;0.8941;0.0214;0.5215;25.828108
1283;5209;-0.0005;0.8943;0.0217;0.5168;25.828109
1283;5210;-0.0005;0.8946;0.0220;0.5168;25.828110
1283;5211;-0.0005;0.8950;0.0223;0.5152;25.828111
1283;5212;-0.0005;0.8953;0.0225;0.5121;25.828112
1283;5213;-0.0005;0.8962;0.0228;0.5121;25.828113
1283;5214;-0.0005;0.8967;0.0231;0.5089;25.828114
1283;5215;-0.0005;0.8961;0.0234;0.5042;25.828115
1283;5216;-0.0005;0.8959;0.0237;0.5026;25.828116
1283;5217;-0.0005;0.8954;0.0239;0.5026;25.828117
1283;5218;-0.0005;0.8954;0.0242;0.5026;25.828118
1283;5219;-0.0005;0.8961;0.0245;0.5026;25.828119
1283;5220;-0.0005;0.8959;0.0248;0.5042;25.828120
1283;5221;-0.0005;0.8956;0.0250;0.4995;25.828121
1283;5222;-0.0005;0.8952;0.0253;0.4932;25.828122
1283;5223;-0.0005;0.8959;0.0256;0.4916;25.828123
1283;5224;-0.0005;0.8966;0.0259;0.4884;25.828124
1283;5225;-0.0005;0.8970;0.0261;0.4837;25.828125
1283;5226;-0.0005;0.8973;0.0265;0.4821;25.828126
1283;5227;-0.0005;0.8972;0.0267;0.4806;25.828127
1283;5228;-0.0005;0.8971;0.0270;0.4806;25.828128
1283;5229;-0.0005;0.8969;0.0272;0.4837;25.828129
1283;5230;-0.0005;0.8958;0.0275;0.4853;25.828130
1283;5231;-0.0005;0.8958;0.0278;0.4806;25.828131
1283;5232;-0.0005;0.8964;0.0281;0.4743;25.828132
1283;5233;-0.0005;0.8962;0.0283;0.4711;25.828133
1283;5234;-0.0005;0.8955;0.0286;0.4664;25.828134
1283;5235;-0.0005;0.8951;0.0288;0.4648;25.828135
1283;5236;-0.0005;0.8964;0.0292;0.4664;25.828136
1283;5237;-0.0005;0.8971;0.0295;0.4711;25.828137
1283;5238;-0.0005;0.8964;0.0297;0.4758;25.828138
1283;5239;-0.0005;0.8955;0.0300;0.4790;25.828139
1283;5240;-0.0005;0.8950;0.0302;0.4853;25.828140
1283;5241;-0.0005;0.8957;0.0305;0.4932;25.828141
1283;5242;-0.0005;0.8963;0.0308;0.4932;25.828142
1283;5243;-0.0005;0.8963;0.0311;0.4900;25.828143
1283;5244;-0.0005;0.8959;0.0313;0.4853;25.828144
1283;5245;-0.0005;0.8956;0.0316;0.4869;25.828145
1283;5246;-0.0005;0.8954;0.0319;0.4916;25.828146
1283;5247;-0.0005;0.8954;0.0322;0.4932;25.828147
1283;5248;-0.0005;0.8954;0.0325;0.4947;25.828148
1283;5249;-0.0005;0.8956;0.0327;0.4932;25.828149
1283;5250;-0.0005;0.8956;0.0330;0.4932;25.828150
1283;5251;-0.0005;0.8960;0.0333;0.4947;25.828151
1283;5252;-0.0005;0.8962;0.0336;0.4947;25.828152
1283;5253;-0.0005;0.8960;0.0338;0.4932;25.828153
1283;5254;-0.0005;0.8963;0.0341;0.5010;25.828154
1283;5255;-0.0005;0.8963;0.0344;0.5073;25.828155
1283;5256;-0.0005;0.8967;0.0347;0.5121;25.828156
1283;5257;-0.0005;0.8969;0.0350;0.5058;25.828157
1283;5258;-0.0005;0.8965;0.0352;0.5010;25.828158
1283;5259;-0.0005;0.8962;0.0355;0.5010;25.828159
1283;5260;-0.0005;0.8961;0.0358;0.5042;25.828160
1283;5261;-0.0005;0.8964;0.0361;0.5105;25.828161
1283;5262;-0.0005;0.8966;0.0363;0.5105;25.828162
1283;5263;-0.0005;0.8961;0.0366;0.5089;25.828163
1283;5264;-0.0005;0.8961;0.0368;0.5073;25.828164
1283;5265;-0.0005;0.8961;0.0372;0.5058;25.828165
1283;5266;-0.0005;0.8962;0.0374;0.5058;25.828166
1283;5267;-0.0005;0.8961;0.0377;0.5042;25.828167
1283;5268;-0.0005;0.8954;0.0379;0.4995;25.828168
1283;5269;-0.0005;0.8951;0.0382;0.5026;25.828169
1283;5270;-0.0005;0.8947;0.0385;0.5042;25.828170
1283;5271;-0.0005;0.8953;0.0388;0.5010;25.828171
1283;5272;-0.0005;0.8961;0.0391;0.4963;25.828172
1283;5273;-0.0005;0.8956;0.0393;0.4979;25.828173
1283;5274;-0.0005;0.8953;0.0396;0.5042;25.828174
1283;5275;-0.0005;0.8953;0.0399;0.5105;25.828175
1283;5276;-0.0005;0.8954;0.0401;0.5121;25.828176
1283;5277;-0.0005;0.8967;0.0405;0.5058;25.828177
1283;5278;-0.0005;0.8969;0.0408;0.4995;25.828178
1283;5279;-0.0005;0.8959;0.0410;0.5010;25.828179
1283;5280;-0.0005;0.8953;0.0412;0.5058;25.828180
1283;5281;-0.0005;0.8952;0.0415;0.5026;25.828181
1283;5282;-0.0005;0.8955;0.0418;0.4979;25.828182
1283;5283;-0.0005;0.8957;0.0421;0.4963;25.828183
1283;5284;-0.0005;0.8959;0.0424;0.4979;25.828184
1283;5285;-0.0005;0.8961;0.0427;0.5010;25.828185
1283;5286;-0.0005;0.8961;0.0429;0.5042;25.828186
1283;5287;-0.0005;0.8958;0.0432;0.5058;25.828187
1283;5288;-0.0005;0.8958;0.0435;0.5073;25.828188
1283;5289;-0.0005;0.8959;0.0438;0.5152;25.828189
1283;5290;-0.0005;0.8959;0.0440;0.5152;25.828190
1283;5291;-0.0005;0.8963;0.0443;0.5105;25.828191
1283;5292;-0.0005;0.8969;0.0446;0.5105;25.828192
1283;5293;-0.0005;0.8971;0.0449;0.5105;25.828193
1283;5294;-0.0005;0.8974;0.0452;0.5136;25.828194
1283;5295;-0.0005;0.8978;0.0455;0.5168;25.828195
1283;5296;-0.0005;0.8971;0.0457;0.5168;25.828196
1283;5297;-0.0005;0.8969;0.0460;0.5152;25.828197
1283;5298;-0.0005;0.8962;0.0462;0.5105;25.828198
1283;5299;-0.0005;0.8956;0.0465;0.5089;25.828199
1283;5300;-0.0005;0.8957;0.0468;0.5105;25.828200
1283;5301;-0.0005;0.8952;0.0470;0.5121;25.828201
1283;5302;-0.0005;0.8952;0.0473;0.5168;25.828202
1283;5303;-0.0005;0.8957;0.0476;0.5199;25.828203
1283;5304;-0.0005;0.8961;0.0479;0.5215;25.828204
1283;5305;-0.0005;0.8970;0.0482;0.5184;25.828205
1283;5306;-0.0005;0.8969;0.0485;0.5105;25.828206
1283;5307;-0.0005;0.8967;0.0487;0.5073;25.828207
1283;5308;-0.0005;0.8962;0.0490;0.5010;25.828208
1283;5309;-0.0005;0.8967;0.0493;0.4932;25.828209
1283;5310;-0.0005;0.8974;0.0496;0.4869;25.828210
1283;5311;-0.0005;0.8970;0.0499;0.4837;25.828211
1283;5312;-0.0005;0.8969;0.0501;0.4806;25.828212
1283;5313;-0.0005;0.8975;0.0505;0.4727;25.828213
1283;5314;-0.0005;0.8976;0.0507;0.4711;25.828214
1283;5315;-0.0005;0.8971;0.0510;0.4711;25.828215
1283;5316;-0.0005;0.8971;0.0512;0.4648;25.828216
1283;5317;-0.0005;0.8971;0.0515;0.4617;25.828217
1283;5318;-0.0005;0.8971;0.0518;0.4569;25.828218
1283;5319;-0.0005;0.8972;0.0521;0.4522;25.828219
1283;5320;-0.0005;0.8970;0.0523;0.4475;25.828220
1283;5321;-0.0005;0.8963;0.0526;0.4443;25.828221
1283;5322;-0.0005;0.8965;0.0528;0.4443;25.828222
1283;5323;-0.0005;0.8975;0.0532;0.4443;25.828223
1283;5324;-0.0005;0.8988;0.0535;0.4413;25.828224
1283;5325;-0.0005;0.8990;0.0538;0.4475;25.828225
1283;5326;-0.0005;0.8974;0.0540;0.4585;25.828226
1283;5327;-0.0005;0.8974;0.0543;0.4648;25.828227
1283;5328;-0.0005;0.8989;0.0547;0.4600;25.828228
1283;5329;-0.0005;0.8992;0.0550;0.4585;25.828229
1283;5330;-0.0005;0.8996;0.0553;0.4585;25.828230
1283;5331;-0.0005;0.8996;0.0555;0.4585;25.828231
1283;5332;-0.0005;0.8995;0.0558;0.4569;25.828232
1283;5333;-0.0005;0.9009;0.0562;0.4522;25.828233
1283;5334;-0.0005;0.9028;0.0566;0.4460;25.828234
1283;5335;-0.0005;0.9065;0.0571;0.4475;25.828235
1283;5336;-0.0005;0.9127;0.0578;0.4495;25.828236
1283;5337;-0.0005;0.9203;0.0585;0.4574;25.828237
1283;5338;-0.0005;0.9289;0.0594;0.4757;25.828238
1283;5339;-0.0005;0.9376;0.0602;0.5105;25.828239
1283;5340;-0.0005;0.9459;0.0610;0.5536;25.828240
1283;5341;-0.0005;0.9529;0.0618;0.5987;25.828241
1283;5342;-0.0005;0.9580;0.0624;0.6443;25.828242
1283;5343;-0.0005;0.9612;0.0629;0.6928;25.828243
1283;5344;-0.0005;0.9631;0.0633;0.7281;25.828244
1283;5345;-0.0005;0.9642;0.0637;0.7487;25.828245
1283;5346;-0.0005;0.9648;0.0640;0.7546;25.828246
1283;5347;-0.0005;0.9649;0.0643;0.7546;25.828247
1283;5348;-0.0005;0.9648;0.0646;0.7605;25.828248
1283;5349;-0.0005;0.9649;0.0649;0.7649;25.828249
1283;5350;-0.0005;0.9648;0.0652;0.7693;25.828250
1283;5351;-0.0005;0.9645;0.0655;0.7678;25.828251
1283;5352;-0.0005;0.9647;0.0658;0.7575;25.828252
1283;5353;-0.0005;0.9643;0.0661;0.7502;25.828253
1283;5354;-0.0005;0.9640;0.0664;0.7458;25.828254
1283;5355;-0.0005;0.9643;0.0667;0.7384;25.828255
1283;5356;-0.0005;0.9649;0.0670;0.7340;25.828256
1283;5357;-0.0005;0.9651;0.0673;0.7355;25.828257
1283;5358;-0.0005;0.9647;0.0676;0.7428;25.828258
1283;5359;-0.0005;0.9647;0.0679;0.7413;25.828259
1283;5360;-0.0005;0.9650;0.0682;0.7428;25.828260
1283;5361;-0.0005;0.9653;0.0685;0.7590;25.828261
1283;5362;-0.0005;0.9655;0.0688;0.7796;25.828262
1283;5363;-0.0005;0.9655;0.0691;0.7987;25.828263
1283;5364;-0.0005;0.9652;0.0694;0.8193;25.828264
1283;5365;-0.0005;0.9645;0.0697;0.8311;25.828265
1283;5366;-0.0005;0.9642;0.0699;0.8311;25.828266
1283;5367;-0.0005;0.9645;0.0703;0.8178;25.828267
1283;5368;-0.0005;0.9649;0.0706;0.8090;25.828268
1283;5369;-0.0005;0.9651;0.0709;0.7958;25.828269
1283;5370;-0.0005;0.9651;0.0712;0.7811;25.828270
1283;5371;-0.0005;0.9650;0.0715;0.7722;25.828271
1283;5372;-0.0005;0.9648;0.0718;0.7708;25.828272
1283;5373;-0.0005;0.9646;0.0721;0.7766;25.828273
1283;5374;-0.0005;0.9645;0.0724;0.7855;25.828274
1283;5375;-0.0005;0.9645;0.0726;0.7972;25.828275
1283;5376;-0.0005;0.9643;0.0729;0.8075;25.828276
1283;5377;-0.0005;0.9643;0.0732;0.8017;25.828277
1283;5378;-0.0005;0.9643;0.0735;0.7884;25.828278
1283;5379;-0.0005;0.9644;0.0738;0.7766;25.828279
1283;5380;-0.0005;0.9646;0.0742;0.7708;25.828280
1283;5381;-0.0005;0.9649;0.0745;0.7766;25.828281
1283;5382;-0.0005;0.9651;0.0748;0.7943;25.828282
1283;5383;-0.0005;0.9648;0.0750;0.8120;25.828283
1283;5384;-0.0005;0.9650;0.0754;0.8149;25.828284
1283;5385;-0.0005;0.9654;0.0757;0.8090;25.828285
1283;5386;-0.0005;0.9654;0.0760;0.8031;25.828286
1283;5387;-0.0005;0.9654;0.0763;0.7884;25.828287
1283;5388;-0.0005;0.9651;0.0765;0.7796;25.828288
1283;5389;-0.0005;0.9651;0.0769;0.7825;25.828289
1283;5390;-0.0005;0.9654;0.0772;0.7855;25.828290
1283;5391;-0.0005;0.9653;0.0775;0.7884;25.828291
1283;5392;-0.0005;0.9652;0.0777;0.7825;25.828292
1283;5393;-0.0005;0.9648;0.0780;0.7796;25.828293
1283;5394;-0.0005;0.9650;0.0783;0.7781;25.828294
1283;5395;-0.0005;0.9653;0.0787;0.7722;25.828295
1283;5396;-0.0005;0.9651;0.0789;0.7722;25.828296
1283;5397;-0.0005;0.9651;0.0792;0.7766;25.828297
1283;5398;-0.0005;0.9651;0.0795;0.7796;25.828298
1283;5399;-0.0005;0.9649;0.0798;0.7899;25.828299
1283;5400;-0.0005;0.9648;0.0801;0.7958;25.828300
1283;5401;-0.0005;0.9646;0.0804;0.7987;25.828301
1283;5402;-0.0005;0.9648;0.0807;0.7972;25.828302
1283;5403;-0.0005;0.9650;0.0810;0.7928;25.828303
1283;5404;-0.0005;0.9652;0.0814;0.7928;25.828304
1283;5405;-0.0005;0.9658;0.0817;0.7781;25.828305
1283;5406;-0.0005;0.9658;0.0820;0.7531;25.828306
1283;5407;-0.0005;0.9658;0.0823;0.7163;25.828307
1283;5408;-0.0005;0.9658;0.0826;0.6619;25.828308
1283;5409;-0.0005;0.9660;0.0829;0.6001;25.828309
1283;5410;-0.0005;0.9662;0.0832;0.5354;25.828310
1283;5411;-0.0005;0.9664;0.0835;0.4810;25.828311
1283;5412;-0.0005;0.9664;0.0838;0.4380;25.828312
1283;5413;-0.0005;0.9657;0.0841;0.4207;25.828313
1283;5414;-0.0005;0.9659;0.0844;0.4089;25.828314
1283;5415;-0.0005;0.9669;0.0848;0.3972;25.828315
1283;5416;-0.0005;0.9672;0.0851;0.3914;25.828316
1283;5417;-0.0005;0.9665;0.0853;0.3885;25.828317
1283;5418;-0.0005;0.9660;0.0856;0.3927;25.828318
1283;5419;-0.0005;0.9657;0.0859;0.3942;25.828319
1283;5420;-0.0005;0.9657;0.0861;0.3986;25.828320
1283;5421;-0.0005;0.9657;0.0865;0.4016;25.828321
1283;5422;-0.0005;0.9666;0.0868;0.3943;25.828322
1283;5423;-0.0005;0.9661;0.0871;0.3841;25.828323
1283;5424;-0.0005;0.9645;0.0872;0.3780;25.828324
1283;5425;-0.0005;0.9640;0.0875;0.3633;25.828325
1283;5426;-0.0005;0.9642;0.0878;0.3471;25.828326
1283;5427;-0.0005;0.9637;0.0881;0.3368;25.828327
1283;5428;-0.0005;0.9630;0.0883;0.3265;25.828328
1283;5429;-0.0005;0.9622;0.0885;0.3162;25.828329
1283;5430;-0.0005;0.9620;0.0888;0.3104;25.828330
1283;5431;-0.0005;0.9624;0.0891;0.3074;25.828331
1283;5432;-0.0005;0.9628;0.0895;0.3060;25.828332
1283;5433;-0.0005;0.9626;0.0898;0.3030;25.828333
1283;5434;-0.0005;0.9624;0.0900;0.3015;25.828334
1283;5435;-0.0005;0.9620;0.0903;0.2986;25.828335
1283;5436;-0.0005;0.9614;0.0905;0.2927;25.828336
1283;5437;-0.0005;0.9616;0.0908;0.2883;25.828337
1283;5438;-0.0005;0.9622;0.0912;0.2839;25.828338
1283;5439;-0.0005;0.9617;0.0915;0.2809;25.828339
1283;5440;-0.0005;0.9608;0.0917;0.2824;25.828340
1283;5441;-0.0005;0.9601;0.0919;0.2854;25.828341
1283;5442;-0.0005;0.9584;0.0920;0.2898;25.828342
1283;5443;-0.0005;0.9568;0.0922;0.2898;25.828343
1283;5444;-0.0005;0.9565;0.0924;0.2868;25.828344
1283;5445;-0.0005;0.9570;0.0928;0.2809;25.828345
1283;5446;-0.0005;0.9574;0.0931;0.2780;25.828346
1283;5447;-0.0005;0.9578;0.0935;0.2765;25.828347
1283;5448;-0.0005;0.9574;0.0937;0.2751;25.828348
1283;5449;-0.0005;0.9571;0.0940;0.2707;25.828349
1283;5450;-0.0005;0.9575;0.0943;0.2633;25.828350
1283;5451;-0.0005;0.9582;0.0947;0.2574;25.828351
1283;5452;-0.0005;0.9577;0.0949;0.2515;25.828352
1283;5453;-0.0005;0.9565;0.0951;0.2471;25.828353
1283;5454;-0.0005;0.9558;0.0953;0.2427;25.828354
1283;5455;-0.0005;0.9558;0.0956;0.2398;25.828355
1283;5456;-0.0005;0.9563;0.0960;0.2383;25.828356
1283;5457;-0.0005;0.9563;0.0963;0.2412;25.828357
1283;5458;-0.0005;0.9566;0.0966;0.2398;25.828358
1283;5459;-0.0005;0.9570;0.0969;0.2383;25.828359
1283;5460;-0.0005;0.9563;0.0972;0.2353;25.828360
1283;5461;-0.0005;0.9555;0.0974;0.2280;25.828361
1283;5462;-0.0005;0.9551;0.0976;0.2192;25.828362
1283;5463;-0.0005;0.9557;0.0980;0.2103;25.828363
1283;5464;-0.0005;0.9554;0.0982;0.2030;25.828364
1283;5465;-0.0005;0.9531;0.0983;0.2020;25.828365
1283;5466;-0.0005;0.9514;0.0984;0.1976;25.828366
1283;5467;-0.0005;0.9511;0.0987;0.1916;25.828367
1283;5468;-0.0005;0.9527;0.0991;0.1870;25.828368
1283;5469;-0.0005;0.9525;0.0995;0.1826;25.828369
1283;5470;-0.0005;0.9516;0.0996;0.1809;25.828370
1283;5471;-0.0005;0.9526;0.1000;0.1788;25.828371
1283;5472;-0.0005;0.9552;0.1006;0.1745;25.828372
1283;5473;-0.0005;0.9545;0.1008;0.1744;25.828373
1283;5474;-0.0005;0.9527;0.1009;0.1729;25.828374
1283;5475;-0.0005;0.9532;0.1013;0.1709;25.828375
1283;5476;-0.0005;0.9540;0.1017;0.1680;25.828376
1283;5477;-0.0005;0.9527;0.1018;0.1637;25.828377
1283;5478;-0.0005;0.9522;0.1021;0.1580;25.828378
1283;5479;-0.0005;0.9517;0.1023;0.1527;25.828379
1283;5480;-0.0005;0.9504;0.1025;0.1492;25.828380
1283;5481;-0.0005;0.9502;0.1027;0.1454;25.828381
1283;5482;-0.0005;0.9526;0.1033;0.1428;25.828382
1283;5483;-0.0005;0.9535;0.1037;0.1399;25.828383
1283;5484;-0.0005;0.9529;0.1039;0.1352;25.828384
1283;5485;-0.0005;0.9522;0.1041;0.1321;25.828385
1283;5486;-0.0005;0.9508;0.1043;0.1313;25.828386
1283;5487;-0.0005;0.9491;0.1044;0.1317;25.828387
1283;5488;-0.0005;0.9491;0.1047;0.1323;25.828388
1283;5489;-0.0005;0.9495;0.1050;0.1308;25.828389
1283;5490;-0.0005;0.9492;0.1053;0.1290;25.828390
1283;5491;-0.0005;0.9523;0.1059;0.1285;25.828391
1283;5492;-0.0005;0.9532;0.1063;0.1271;25.828392
1283;5493;-0.0005;0.9514;0.1064;0.1254;25.828393
1283;5494;-0.0005;0.9503;0.1066;0.1240;25.828394
1283;5495;-0.0005;0.9514;0.1070;0.1231;25.828395
1283;5496;-0.0005;0.9509;0.1072;0.1216;25.828396
1283;5497;-0.0005;0.9492;0.1073;0.1184;25.828397
1283;5498;-0.0005;0.9490;0.1076;0.1161;25.828398
1283;5499;-0.0005;0.9494;0.1079;0.1161;25.828399
1283;5500;-0.0005;0.9496;0.1083;0.1160;25.828400
1283;5501;-0.0005;0.9498;0.1086;0.1144;25.828401
1283;5502;-0.0005;0.9516;0.1091;0.1129;25.828402
1283;5503;-0.0005;0.9535;0.1096;0.1117;25.828403
1283;5504;-0.0005;0.9537;0.1099;0.1094;25.828404
1283;5505;-0.0005;0.9508;0.1099;0.1095;25.828405
1283;5506;-0.0005;0.9487;0.1099;0.1094;25.828406
1283;5507;-0.0005;0.9504;0.1104;0.1079;25.828407
1283;5508;-0.0005;0.9516;0.1109;0.1032;25.828408
1283;5509;-0.0005;0.9510;0.1111;0.0997;25.828409
1283;5510;-0.0005;0.9496;0.1112;0.1003;25.828410
1283;5511;-0.0005;0.9478;0.1113;0.0983;25.828411
1283;5512;-0.0005;0.9476;0.1116;0.0947;25.828412
1283;5513;-0.0005;0.9512;0.1123;0.0953;25.828413
1283;5514;-0.0005;0.9531;0.1128;0.0978;25.828414
1283;5515;-0.0005;0.9536;0.1132;0.0977;25.828415
1283;5516;-0.0005;0.9544;0.1136;0.0980;25.828416
1283;5517;-0.0005;0.9531;0.1137;0.0981;25.828417
1283;5518;-0.0005;0.9523;0.1139;0.0974;25.828418
1283;5519;-0.0005;0.9527;0.1143;0.0967;25.828419
1283;5520;-0.0005;0.9520;0.1145;0.0958;25.828420
1283;5521;-0.0005;0.9530;0.1149;0.0960;25.828421
1283;5522;-0.0005;0.9531;0.1152;0.0954;25.828422
1283;5523;-0.0005;0.9521;0.1154;0.0977;25.828423
1283;5524;-0.0005;0.9528;0.1157;0.0975;25.828424
1283;5525;-0.0005;0.9539;0.1162;0.0945;25.828425
1283;5526;-0.0005;0.9534;0.1164;0.0953;25.828426
1283;5527;-0.0005;0.9550;0.1169;0.0966;25.828427
1283;5528;-0.0005;0.9601;0.1178;0.0971;25.828428
1283;5529;-0.0005;0.9616;0.1183;0.0978;25.828429
1283;5530;-0.0005;0.9588;0.1183;0.0987;25.828430
1283;5531;-0.0005;0.9561;0.1182;0.0995;25.828431
1283;5532;-0.0005;0.9568;0.1186;0.1013;25.828432
1283;5533;-0.0005;0.9585;0.1191;0.1062;25.828433
1283;5534;-0.0005;0.9586;0.1194;0.1156;25.828434
1283;5535;-0.0005;0.9581;0.1197;0.1283;25.828435
1283;5536;-0.0005;0.9600;0.1202;0.1441;25.828436
1283;5537;-0.0005;0.9631;0.1209;0.1636;25.828437
1283;5538;-0.0005;0.9638;0.1213;0.1906;25.828438
1283;5539;-0.0005;0.9626;0.1214;0.2270;25.828439
1283;5540;-0.0005;0.9608;0.1215;0.2707;25.828440
1283;5541;-0.0005;0.9607;0.1218;0.3133;25.828441
1283;5542;-0.0005;0.9620;0.1223;0.3589;25.828442
1283;5543;-0.0005;0.9637;0.1228;0.4045;25.828443
1283;5544;-0.0005;0.9643;0.1231;0.4569;25.828444
1283;5545;-0.0005;0.9643;0.1235;0.5107;25.828445
1283;5546;-0.0005;0.9646;0.1238;0.5689;25.828446
1283;5547;-0.0005;0.9646;0.1241;0.6170;25.828447
1283;5548;-0.0005;0.9637;0.1243;0.6388;25.828448
1283;5549;-0.0005;0.9641;0.1247;0.6504;25.828449
1283;5550;-0.0005;0.9648;0.1250;0.6621;25.828450
1283;5551;-0.0005;0.9647;0.1253;0.6795;25.828451
1283;5552;-0.0005;0.9647;0.1256;0.6984;25.828452
1283;5553;-0.0005;0.9647;0.1259;0.7072;25.828453
1283;5554;-0.0005;0.9645;0.1262;0.7057;25.828454
1283;5555;-0.0005;0.9646;0.1265;0.6984;25.828455
1283;5556;-0.0005;0.9650;0.1269;0.6970;25.828456
1283;5557;-0.0005;0.9658;0.1272;0.6970;25.828457
1283;5558;-0.0005;0.9665;0.1277;0.6970;25.828458
1283;5559;-0.0005;0.9660;0.1279;0.7014;25.828459
1283;5560;-0.0005;0.9659;0.1282;0.6999;25.828460
1283;5561;-0.0005;0.9655;0.1284;0.6955;25.828461
1283;5562;-0.0005;0.9651;0.1287;0.6970;25.828462
1283;5563;-0.0005;0.9651;0.1290;0.6984;25.828463
1283;5564;-0.0005;0.9653;0.1293;0.7072;25.828464
1283;5565;-0.0005;0.9658;0.1297;0.7159;25.828465
1283;5566;-0.0005;0.9663;0.1300;0.7203;25.828466
1283;5567;-0.0005;0.9664;0.1304;0.7203;25.828467
1283;5568;-0.0005;0.9664;0.1307;0.7188;25.828468
1283;5569;-0.0005;0.9660;0.1309;0.7188;25.828469
1283;5570;-0.0005;0.9658;0.1312;0.7174;25.828470
1283;5571;-0.0005;0.9657;0.1315;0.7130;25.828471
1283;5572;-0.0005;0.9659;0.1318;0.7101;25.828472
1283;5573;-0.0005;0.9661;0.1321;0.7086;25.828473
1283;5574;-0.0005;0.9661;0.1324;0.7159;25.828474
1283;5575;-0.0005;0.9661;0.1328;0.7261;25.828475
1283;5576;-0.0005;0.9653;0.1329;0.7392;25.828476
1283;5577;-0.0005;0.9650;0.1332;0.7450;25.828477
1283;5578;-0.0005;0.9655;0.1335;0.7334;25.828478
1283;5579;-0.0005;0.9652;0.1338;0.7232;25.828479
1283;5580;-0.0005;0.9649;0.1341;0.7203;25.828480
1283;5581;-0.0005;0.9650;0.1344;0.7217;25.828481
1283;5582;-0.0005;0.9655;0.1348;0.7276;25.828482
1283;5583;-0.0005;0.9658;0.1351;0.7334;25.828483
1283;5584;-0.0005;0.9657;0.1354;0.7465;25.828484
1283;5585;-0.0005;0.9659;0.1357;0.7567;25.828485
1283;5586;-0.0005;0.9656;0.1360;0.7537;25.828486
1283;5587;-0.0005;0.9660;0.1363;0.7421;25.828487
1283;5588;-0.0005;0.9669;0.1368;0.7261;25.828488
1283;5589;-0.0005;0.9673;0.1371;0.7115;25.828489
1283;5590;-0.0005;0.9670;0.1374;0.7014;25.828490
1283;5591;-0.0005;0.9670;0.1377;0.6970;25.828491
1283;5592;-0.0005;0.9670;0.1380;0.7014;25.828492
1283;5593;-0.0005;0.9662;0.1382;0.7086;25.828493
1283;5594;-0.0005;0.9648;0.1383;0.7115;25.828494
1283;5595;-0.0005;0.9641;0.1385;0.7101;25.828495
1283;5596;-0.0005;0.9645;0.1388;0.7145;25.828496
1283;5597;-0.0005;0.9654;0.1393;0.7203;25.828497
1283;5598;-0.0005;0.9660;0.1396;0.7188;25.828498
1283;5599;-0.0005;0.9660;0.1400;0.7203;25.828499
1283;5600;-0.0005;0.9657;0.1402;0.7232;25.828500
1283;5601;-0.0005;0.9663;0.1406;0.7203;25.828501
1283;5602;-0.0005;0.9663;0.1409;0.7115;25.828502
1283;5603;-0.0005;0.9662;0.1412;0.6999;25.828503
1283;5604;-0.0005;0.9655;0.1414;0.6926;25.828504
1283;5605;-0.0005;0.9655;0.1417;0.6926;25.828505
1283;5606;-0.0005;0.9657;0.1421;0.6926;25.828506
1283;5607;-0.0005;0.9660;0.1424;0.6897;25.828507
1283;5608;-0.0005;0.9665;0.1428;0.6810;25.828508
1283;5609;-0.0005;0.9662;0.1430;0.6737;25.828509
1283;5610;-0.0005;0.9653;0.1432;0.6781;25.828510
1283;5611;-0.0005;0.9650;0.1434;0.6824;25.828511
1283;5612;-0.0005;0.9649;0.1438;0.6854;25.828512
1283;5613;-0.0005;0.9654;0.1441;0.6883;25.828513
1283;5614;-0.0005;0.9655;0.1444;0.6926;25.828514
1283;5615;-0.0005;0.9651;0.1447;0.6941;25.828515
1283;5616;-0.0005;0.9652;0.1450;0.6897;25.828516
1283;5617;-0.0005;0.9654;0.1453;0.6897;25.828517
1283;5618;-0.0005;0.9653;0.1456;0.6897;25.828518
1283;5619;-0.0005;0.9651;0.1459;0.6912;25.828519
1283;5620;-0.0005;0.9654;0.1462;0.6941;25.828520
1283;5621;-0.0005;0.9662;0.1467;0.6854;25.828521
1283;5622;-0.0005;0.9663;0.1470;0.6752;25.828522
1283;5623;-0.0005;0.9663;0.1473;0.6737;25.828523
1283;5624;-0.0005;0.9667;0.1476;0.6752;25.828524
1283;5625;-0.0005;0.9666;0.1480;0.6810;25.828525
1283;5626;-0.0005;0.9662;0.1482;0.6839;25.828526
1283;5627;-0.0005;0.9661;0.1485;0.6854;25.828527
1283;5628;-0.0005;0.9661;0.1488;0.6868;25.828528
1283;5629;-0.0005;0.9658;0.1490;0.6854;25.828529
1283;5630;-0.0005;0.9662;0.1494;0.6897;25.828530
1283;5631;-0.0005;0.9661;0.1497;0.6912;25.828531
1283;5632;-0.0005;0.9656;0.1499;0.6810;25.828532
1283;5633;-0.0005;0.9649;0.1501;0.6708;25.828533
1283;5634;-0.0005;0.9653;0.1505;0.6664;25.828534
1283;5635;-0.0005;0.9655;0.1508;0.6723;25.828535
1283;5636;-0.0005;0.9657;0.1511;0.6752;25.828536
1283;5637;-0.0005;0.9655;0.1514;0.6766;25.828537
1283;5638;-0.0005;0.9656;0.1518;0.6854;25.828538
1283;5639;-0.0005;0.9663;0.1521;0.6955;25.828539
1283;5640;-0.0005;0.9668;0.1525;0.6999;25.828540
1283;5641;-0.0005;0.9667;0.1528;0.6955;25.828541
1283;5642;-0.0005;0.9667;0.1531;0.6897;25.828542
1283;5643;-0.0005;0.9667;0.1534;0.6868;25.828543
1283;5644;-0.0005;0.9667;0.1537;0.6824;25.828544
1283;5645;-0.0005;0.9667;0.1540;0.6795;25.828545
1283;5646;-0.0005;0.9666;0.1543;0.6781;25.828546
1283;5647;-0.0005;0.9663;0.1546;0.6781;25.828547
1283;5648;-0.0005;0.9660;0.1548;0.6824;25.828548
1283;5649;-0.0005;0.9660;0.1551;0.6883;25.828549
1283;5650;-0.0005;0.9657;0.1554;0.6970;25.828550
1283;5651;-0.0005;0.9661;0.1557;0.7014;25.828551
1283;5652;-0.0005;0.9662;0.1561;0.7014;25.828552
1283;5653;-0.0005;0.9658;0.1563;0.7028;25.828553
1283;5654;-0.0004;0.9657;0.1566;0.6984;25.828554
1283;5655;-0.0005;0.9662;0.1570;0.6926;25.828555
1283;5656;-0.0005;0.9667;0.1574;0.6824;25.828556
1283;5657;-0.0005;0.9661;0.1576;0.6708;25.828557
1283;5658;-0.0004;0.9651;0.1577;0.6693;25.828558
1283;5659;-0.0004;0.9651;0.1580;0.6723;25.828559
1283;5660;-0.0004;0.9656;0.1584;0.6766;25.828560
1283;5661;-0.0004;0.9656;0.1587;0.6824;25.828561
1283;5662;-0.0004;0.9653;0.1590;0.6912;25.828562
1283;5663;-0.0004;0.9658;0.1593;0.7014;25.828563
1283;5664;-0.0004;0.9666;0.1598;0.7043;25.828564
1283;5665;-0.0004;0.9675;0.1602;0.6887;25.828565
1283;5666;-0.0004;0.9669;0.1605;0.6786;25.828566
1283;5667;-0.0004;0.9667;0.1607;0.6781;25.828567
1283;5668;-0.0004;0.9668;0.1610;0.6714;25.828568
1283;5669;-0.0004;0.9668;0.1614;0.6685;25.828569
1283;5670;-0.0004;0.9665;0.1616;0.6708;25.828570
1283;5671;-0.0004;0.9665;0.1619;0.6737;25.828571
1283;5672;-0.0004;0.9664;0.1622;0.6723;25.828572
1283;5673;-0.0004;0.9662;0.1625;0.6635;25.828573
1283;5674;-0.0004;0.9659;0.1627;0.6533;25.828574
1283;5675;-0.0004;0.9659;0.1630;0.6475;25.828575
1283;5676;-0.0004;0.9658;0.1633;0.6475;25.828576
1283;5677;-0.0004;0.9665;0.1637;0.6454;25.828577
1283;5678;-0.0004;0.9666;0.1641;0.6541;25.828578
1283;5679;-0.0004;0.9657;0.1642;0.6693;25.828579
1283;5680;-0.0004;0.9653;0.1645;0.6708;25.828580
1283;5681;-0.0004;0.9656;0.1648;0.6664;25.828581
1283;5682;-0.0004;0.9661;0.1652;0.6541;25.828582
1283;5683;-0.0004;0.9661;0.1655;0.6498;25.828583
1283;5684;-0.0004;0.9660;0.1658;0.6498;25.828584
1283;5685;-0.0004;0.9663;0.1661;0.6498;25.828585
1283;5686;-0.0004;0.9660;0.1664;0.6512;25.828586
1283;5687;-0.0004;0.9659;0.1667;0.6555;25.828587
1283;5688;-0.0004;0.9658;0.1670;0.6555;25.828588
1283;5689;-0.0004;0.9661;0.1674;0.6483;25.828589
1283;5690;-0.0004;0.9665;0.1677;0.6382;25.828590
1283;5691;-0.0004;0.9670;0.1682;0.6368;25.828591
1283;5692;-0.0004;0.9673;0.1685;0.6382;25.828592
1283;5693;-0.0004;0.9667;0.1687;0.6325;25.828593
1283;5694;-0.0004;0.9660;0.1688;0.6296;25.828594
1283;5695;-0.0004;0.9662;0.1692;0.6325;25.828595
1283;5696;-0.0004;0.9666;0.1695;0.6397;25.828596
1283;5697;-0.0004;0.9668;0.1699;0.6440;25.828597
1283;5698;-0.0004;0.9667;0.1702;0.6454;25.828598
1283;5699;-0.0004;0.9664;0.1705;0.6526;25.828599
1283;5700;-0.0004;0.9666;0.1708;0.6584;25.828600
1283;5701;-0.0004;0.9665;0.1711;0.6613;25.828601
1283;5702;-0.0004;0.9670;0.1715;0.6656;25.828602
1283;5703;-0.0004;0.9664;0.1717;0.6742;25.828603
1283;5704;-0.0004;0.9651;0.1718;0.6829;25.828604
1283;5705;-0.0004;0.9656;0.1721;0.6843;25.828605
1283;5706;-0.0004;0.9668;0.1726;0.6829;25.828606
1283;5707;-0.0004;0.9672;0.1730;0.6786;25.828607
1283;5708;-0.0004;0.9668;0.1733;0.6742;25.828608
1283;5709;-0.0004;0.9661;0.1734;0.6728;25.828609
1283;5710;-0.0004;0.9661;0.1738;0.6699;25.828610
1283;5711;-0.0004;0.9668;0.1742;0.6627;25.828611
1283;5712;-0.0004;0.9671;0.1746;0.6483;25.828612
1283;5713;-0.0004;0.9664;0.1747;0.6368;25.828613
1283;5714;-0.0004;0.9654;0.1749;0.6368;25.828614
1283;5715;-0.0004;0.9656;0.1752;0.6411;25.828615
1283;5716;-0.0004;0.9658;0.1755;0.6397;25.828616
1283;5717;-0.0004;0.9664;0.1760;0.6339;25.828617
1283;5718;-0.0004;0.9663;0.1762;0.6353;25.828618
1283;5719;-0.0004;0.9661;0.1765;0.6440;25.828619
1283;5720;-0.0004;0.9663;0.1769;0.6541;25.828620
1283;5721;-0.0004;0.9662;0.1772;0.6541;25.828621
1283;5722;-0.0004;0.9662;0.1774;0.6498;25.828622
1283;5723;-0.0004;0.9663;0.1778;0.6426;25.828623
1283;5724;-0.0004;0.9660;0.1780;0.6339;25.828624
1283;5725;-0.0004;0.9660;0.1783;0.6310;25.828625
1283;5726;-0.0004;0.9666;0.1788;0.6368;25.828626
1283;5727;-0.0004;0.9661;0.1790;0.6411;25.828627
1283;5728;-0.0004;0.9659;0.1792;0.6426;25.828628
1283;5729;-0.0004;0.9657;0.1795;0.6498;25.828629
1283;5730;-0.0004;0.9658;0.1798;0.6541;25.828630
1283;5731;-0.0004;0.9657;0.1801;0.6541;25.828631
1283;5732;-0.0004;0.9655;0.1804;0.6469;25.828632
1283;5733;-0.0004;0.9658;0.1807;0.6397;25.828633
1283;5734;-0.0004;0.9662;0.1812;0.6382;25.828634
1283;5735;-0.0004;0.9671;0.1816;0.6353;25.828635
1283;5736;-0.0004;0.9670;0.1819;0.6310;25.828636
1283;5737;-0.0004;0.9668;0.1821;0.6382;25.828637
1283;5738;-0.0004;0.9666;0.1824;0.6469;25.828638
1283;5739;-0.0004;0.9668;0.1828;0.6541;25.828639
1283;5740;-0.0004;0.9674;0.1832;0.6526;25.828640
1283;5741;-0.0004;0.9673;0.1835;0.6454;25.828641
1283;5742;-0.0004;0.9673;0.1838;0.6426;25.828642
1283;5743;-0.0004;0.9675;0.1841;0.6440;25.828643
1283;5744;-0.0004;0.9667;0.1843;0.6483;25.828644
1283;5745;-0.0004;0.9660;0.1845;0.6526;25.828645
1283;5746;-0.0004;0.9661;0.1848;0.6526;25.828646
1283;5747;-0.0004;0.9664;0.1852;0.6541;25.828647
1283;5748;-0.0004;0.9669;0.1856;0.6570;25.828648
1283;5749;-0.0004;0.9666;0.1859;0.6613;25.828649
1283;5750;-0.0004;0.9664;0.1861;0.6613;25.828650
1283;5751;-0.0004;0.9661;0.1864;0.6613;25.828651
1283;5752;-0.0004;0.9665;0.1867;0.6598;25.828652
1283;5753;-0.0004;0.9666;0.1871;0.6526;25.828653
1283;5754;-0.0004;0.9666;0.1873;0.6397;25.828654
1283;5755;-0.0004;0.9666;0.1877;0.6353;25.828655
1283;5756;-0.0004;0.9663;0.1879;0.6310;25.828656
1283;5757;-0.0004;0.9658;0.1881;0.6325;25.828657
1283;5758;-0.0004;0.9663;0.1885;0.6368;25.828658
1283;5759;-0.0004;0.9664;0.1889;0.6382;25.828659
1283;5760;-0.0004;0.9656;0.1890;0.6353;25.828660
1283;5761;-0.0004;0.9649;0.1892;0.6267;25.828661
1283;5762;-0.0004;0.9648;0.1895;0.6224;25.828662
1283;5763;-0.0004;0.9660;0.1900;0.6267;25.828663
1283;5764;-0.0004;0.9663;0.1904;0.6281;25.828664
1283;5765;-0.0004;0.9660;0.1906;0.6267;25.828665
1283;5766;-0.0004;0.9662;0.1910;0.6253;25.828666
1283;5767;-0.0004;0.9663;0.1913;0.6209;25.828667
1283;5768;-0.0004;0.9665;0.1917;0.6123;25.828668
1283;5769;-0.0004;0.9667;0.1920;0.6080;25.828669
1283;5770;-0.0004;0.9659;0.1921;0.6166;25.828670
1283;5771;-0.0004;0.9659;0.1925;0.6325;25.828671
1283;5772;-0.0004;0.9662;0.1928;0.6483;25.828672
1283;5773;-0.0004;0.9668;0.1933;0.6598;25.828673
1283;5774;-0.0004;0.9669;0.1936;0.6598;25.828674
1283;5775;-0.0004;0.9658;0.1937;0.6584;25.828675
1283;5776;-0.0004;0.9658;0.1939;0.6555;25.828676
1283;5777;-0.0004;0.9662;0.1944;0.6498;25.828677
1283;5778;-0.0004;0.9666;0.1947;0.6426;25.828678
1283;5779;-0.0004;0.9668;0.1951;0.6339;25.828679
1283;5780;-0.0004;0.9660;0.1953;0.6238;25.828680
1283;5781;-0.0004;0.9658;0.1955;0.6166;25.828681
1283;5782;-0.0004;0.9663;0.1959;0.6152;25.828682
1283;5783;-0.0004;0.9670;0.1964;0.6152;25.828683
1283;5784;-0.0004;0.9672;0.1967;0.6094;25.828684
1283;5785;-0.0004;0.9664;0.1968;0.6065;25.828685
1283;5786;-0.0004;0.9660;0.1971;0.6037;25.828686
1283;5787;-0.0004;0.9665;0.1975;0.5979;25.828687
1283;5788;-0.0004;0.9664;0.1978;0.5907;25.828688
1283;5789;-0.0004;0.9660;0.1980;0.5849;25.828689
1283;5790;-0.0004;0.9654;0.1982;0.5878;25.828690
1283;5791;-0.0004;0.9656;0.1985;0.5979;25.828691
1283;5792;-0.0004;0.9660;0.1989;0.6123;25.828692
1283;5793;-0.0004;0.9664;0.1993;0.6224;25.828693
1283;5794;-0.0004;0.9665;0.1997;0.6238;25.828694
1283;5795;-0.0004;0.9656;0.1998;0.6267;25.828695
1283;5796;-0.0004;0.9652;0.2000;0.6253;25.828696
1283;5797;-0.0004;0.9659;0.2005;0.6152;25.828697
1283;5798;-0.0004;0.9658;0.2007;0.6037;25.828698
1283;5799;-0.0004;0.9655;0.2010;0.5921;25.828699
1283;5800;-0.0004;0.9657;0.2014;0.5864;25.828700
1283;5801;-0.0004;0.9659;0.2017;0.5835;25.828701
1283;5802;-0.0004;0.9665;0.2021;0.5806;25.828702
1283;5803;-0.0004;0.9667;0.2025;0.5792;25.828703
1283;5804;-0.0004;0.9664;0.2027;0.5777;25.828704
1283;5805;-0.0004;0.9663;0.2030;0.5777;25.828705
1283;5806;-0.0004;0.9662;0.2033;0.5792;25.828706
1283;5807;-0.0004;0.9664;0.2037;0.5835;25.828707
1283;5808;-0.0004;0.9668;0.2041;0.5936;25.828708
1283;5809;-0.0004;0.9672;0.2045;0.6051;25.828709
1283;5810;-0.0004;0.9666;0.2047;0.6152;25.828710
1283;5811;-0.0004;0.9657;0.2047;0.6152;25.828711
1283;5812;-0.0004;0.9651;0.2050;0.6109;25.828712
1283;5813;-0.0004;0.9652;0.2053;0.6123;25.828713
1283;5814;-0.0004;0.9655;0.2057;0.6166;25.828714
1283;5815;-0.0004;0.9656;0.2060;0.6224;25.828715
1283;5816;-0.0004;0.9660;0.2064;0.6296;25.828716
1283;5817;-0.0004;0.9667;0.2068;0.6397;25.828717
1283;5818;-0.0004;0.9664;0.2071;0.6498;25.828718
1283;5819;-0.0004;0.9667;0.2075;0.6526;25.828719
1283;5820;-0.0004;0.9672;0.2079;0.6498;25.828720
1283;5821;-0.0004;0.9676;0.2083;0.6440;25.828721
1283;5822;-0.0004;0.9674;0.2085;0.6310;25.828722
1283;5823;-0.0004;0.9665;0.2087;0.6181;25.828723
1283;5824;-0.0004;0.9671;0.2091;0.6094;25.828724
1283;5825;-0.0004;0.9672;0.2095;0.6022;25.828725
1283;5826;-0.0004;0.9663;0.2095;0.6022;25.828726
1283;5827;-0.0004;0.9662;0.2098;0.6123;25.828727
1283;5828;-0.0004;0.9665;0.2102;0.6267;25.828728
1283;5829;-0.0004;0.9666;0.2106;0.6353;25.828729
1283;5830;-0.0004;0.9665;0.2108;0.6368;25.828730
1283;5831;-0.0004;0.9665;0.2111;0.6382;25.828731
1283;5832;-0.0004;0.9662;0.2114;0.6397;25.828732
1283;5833;-0.0004;0.9658;0.2116;0.6411;25.828733
1283;5834;-0.0004;0.9661;0.2120;0.6440;25.828734
1283;5835;-0.0004;0.9674;0.2126;0.6362;25.828735
1283;5836;-0.0004;0.9675;0.2129;0.6333;25.828736
1283;5837;-0.0004;0.9676;0.2132;0.6347;25.828737
1283;5838;-0.0004;0.9676;0.2136;0.6347;25.828738
1283;5839;-0.0004;0.9673;0.2138;0.6333;25.828739
1283;5840;-0.0004;0.9672;0.2141;0.6319;25.828740
1283;5841;-0.0004;0.9674;0.2144;0.6319;25.828741
1283;5842;-0.0004;0.9669;0.2147;0.6319;25.828742
1283;5843;-0.0004;0.9668;0.2149;0.6305;25.828743
1283;5844;-0.0004;0.9672;0.2153;0.6262;25.828744
1283;5845;-0.0004;0.9676;0.2158;0.6176;25.828745
1283;5846;-0.0004;0.9668;0.2159;0.6105;25.828746
1283;5847;-0.0004;0.9670;0.2162;0.6076;25.828747
1283;5848;-0.0004;0.9669;0.2165;0.6076;25.828748
1283;5849;-0.0004;0.9666;0.2168;0.6134;25.828749
1283;5850;-0.0004;0.9670;0.2171;0.6191;25.828750
1283;5851;-0.0004;0.9669;0.2175;0.6219;25.828751
1283;5852;-0.0004;0.9664;0.2177;0.6176;25.828752
1283;5853;-0.0004;0.9668;0.2181;0.6091;25.828753
1283;5854;-0.0004;0.9667;0.2184;0.5991;25.828754
1283;5855;-0.0004;0.9669;0.2187;0.5934;25.828755
1283;5856;-0.0004;0.9670;0.2191;0.5948;25.828756
1283;5857;-0.0004;0.9672;0.2194;0.6048;25.828757
1283;5858;-0.0004;0.9674;0.2198;0.6119;25.828758
1283;5859;-0.0004;0.9671;0.2200;0.6148;25.828759
1283;5860;-0.0004;0.9670;0.2203;0.6119;25.828760
1283;5861;-0.0004;0.9674;0.2207;0.6091;25.828761
1283;5862;-0.0004;0.9675;0.2210;0.6105;25.828762
1283;5863;-0.0004;0.9668;0.2212;0.6105;25.828763
1283;5864;-0.0004;0.9663;0.2214;0.6119;25.828764
1283;5865;-0.0004;0.9671;0.2218;0.6119;25.828765
1283;5866;-0.0004;0.9673;0.2222;0.6119;25.828766
1283;5867;-0.0004;0.9670;0.2225;0.6148;25.828767
1283;5868;-0.0004;0.9671;0.2228;0.6134;25.828768
1283;5869;-0.0004;0.9671;0.2231;0.6105;25.828769
1283;5870;-0.0004;0.9675;0.2235;0.6134;25.828770
1283;5871;-0.0004;0.9678;0.2239;0.6134;25.828771
1283;5872;-0.0004;0.9675;0.2241;0.6091;25.828772
1283;5873;-0.0004;0.9669;0.2243;0.6076;25.828773
1283;5874;-0.0004;0.9663;0.2245;0.6162;25.828774
1283;5875;-0.0004;0.9669;0.2250;0.6219;25.828775
1283;5876;-0.0004;0.9677;0.2254;0.6219;25.828776
1283;5877;-0.0004;0.9679;0.2258;0.6148;25.828777
1283;5878;-0.0004;0.9676;0.2260;0.6062;25.828778
1283;5879;-0.0004;0.9675;0.2264;0.5991;25.828779
1283;5880;-0.0004;0.9677;0.2267;0.5905;25.828780
1283;5881;-0.0004;0.9674;0.2269;0.5848;25.828781
1283;5882;-0.0004;0.9673;0.2272;0.5777;25.828782
1283;5883;-0.0004;0.9676;0.2276;0.5691;25.828783
1283;5884;-0.0004;0.9677;0.2280;0.5677;25.828784
1283;5885;-0.0004;0.9676;0.2282;0.5706;25.828785
1283;5886;-0.0004;0.9677;0.2286;0.5748;25.828786
1283;5887;-0.0004;0.9675;0.2288;0.5777;25.828787
1283;5888;-0.0004;0.9669;0.2290;0.5805;25.828788
1283;5889;-0.0004;0.9663;0.2292;0.5905;25.828789
1283;5890;-0.0004;0.9672;0.2297;0.6034;25.828790
1283;5891;-0.0004;0.9682;0.2303;0.6091;25.828791
1283;5892;-0.0004;0.9689;0.2307;0.6148;25.828792
1283;5893;-0.0004;0.9690;0.2311;0.6134;25.828793
1283;5894;-0.0004;0.9689;0.2314;0.6105;25.828794
1283;5895;-0.0004;0.9682;0.2315;0.6034;25.828795
1283;5896;-0.0004;0.9675;0.2317;0.5920;25.828796
1283;5897;-0.0004;0.9673;0.2320;0.5863;25.828797
1283;5898;-0.0004;0.9678;0.2324;0.5877;25.828798
1283;5899;-0.0004;0.9679;0.2327;0.5920;25.828799
1283;5900;-0.0004;0.9678;0.2330;0.5962;25.828800
1283;5901;-0.0004;0.9675;0.2333;0.5991;25.828801
1283;5902;-0.0004;0.9673;0.2335;0.5991;25.828802
1283;5903;-0.0004;0.9676;0.2339;0.5977;25.828803
1283;5904;-0.0004;0.9673;0.2341;0.5934;25.828804
1283;5905;-0.0004;0.9671;0.2344;0.5877;25.828805
1283;5906;-0.0004;0.9675;0.2348;0.5834;25.828806
1283;5907;-0.0004;0.9676;0.2351;0.5820;25.828807
1283;5908;-0.0004;0.9672;0.2354;0.5805;25.828808
1283;5909;-0.0004;0.9672;0.2357;0.5777;25.828809
1283;5910;-0.0004;0.9679;0.2362;0.5805;25.828810
1283;5911;-0.0004;0.9682;0.2365;0.5834;25.828811
1283;5912;-0.0004;0.9676;0.2368;0.5834;25.828812
1283;5913;-0.0004;0.9674;0.2370;0.5763;25.828813
1283;5914;-0.0004;0.9675;0.2373;0.5706;25.828814
1283;5915;-0.0004;0.9675;0.2376;0.5720;25.828815
1283;5916;-0.0004;0.9678;0.2380;0.5763;25.828816
1283;5917;-0.0004;0.9679;0.2384;0.5834;25.828817
1283;5918;-0.0004;0.9680;0.2387;0.5905;25.828818
1283;5919;-0.0004;0.9681;0.2390;0.5934;25.828819
1283;5920;-0.0004;0.9680;0.2393;0.5962;25.828820
1283;5921;-0.0004;0.9676;0.2396;0.5962;25.828821
1283;5922;-0.0004;0.9669;0.2397;0.5948;25.828822
1283;5923;-0.0004;0.9671;0.2401;0.5891;25.828823
1283;5924;-0.0004;0.9675;0.2405;0.5805;25.828824
1283;5925;-0.0004;0.9678;0.2409;0.5706;25.828825
1283;5926;-0.0004;0.9674;0.2411;0.5649;25.828826
1283;5927;-0.0004;0.9670;0.2413;0.5634;25.828827
1283;5928;-0.0004;0.9672;0.2417;0.5591;25.828828
1283;5929;-0.0004;0.9675;0.2421;0.5606;25.828829
1283;5930;-0.0004;0.9670;0.2422;0.5691;25.828830
1283;5931;-0.0004;0.9665;0.2425;0.5791;25.828831
1283;5932;-0.0004;0.9664;0.2427;0.5834;25.828832
1283;5933;-0.0004;0.9668;0.2432;0.5834;25.828833
1283;5934;-0.0004;0.9674;0.2436;0.5820;25.828834
1283;5935;-0.0004;0.9678;0.2440;0.5791;25.828835
1283;5936;-0.0004;0.9681;0.2444;0.5720;25.828836
1283;5937;-0.0004;0.9681;0.2447;0.5706;25.828837
1283;5938;-0.0004;0.9682;0.2451;0.5748;25.828838
1283;5939;-0.0004;0.9684;0.2454;0.5748;25.828839
1283;5940;-0.0004;0.9678;0.2456;0.5748;25.828840
1283;5941;-0.0004;0.9675;0.2458;0.5734;25.828841
1283;5942;-0.0004;0.9679;0.2463;0.5734;25.828842
1283;5943;-0.0004;0.9684;0.2467;0.5805;25.828843
1283;5944;-0.0004;0.9685;0.2470;0.5877;25.828844
1283;5945;-0.0004;0.9682;0.2473;0.5877;25.828845
1283;5946;-0.0004;0.9682;0.2476;0.5863;25.828846
1283;5947;-0.0004;0.9685;0.2480;0.5820;25.828847
1283;5948;-0.0004;0.9680;0.2482;0.5820;25.828848
1283;5949;-0.0004;0.9679;0.2485;0.5805;25.828849
1283;5950;-0.0004;0.9670;0.2486;0.5748;25.828850
1283;5951;-0.0004;0.9670;0.2489;0.5720;25.828851
1283;5952;-0.0004;0.9670;0.2492;0.5677;25.828852
1283;5953;-0.0004;0.9664;0.2494;0.5606;25.828853
1283;5954;-0.0004;0.9667;0.2497;0.5534;25.828854
1283;5955;-0.0004;0.9677;0.2503;0.5520;25.828855
1283;5956;-0.0004;0.9681;0.2507;0.5522;25.828856
1283;5957;-0.0004;0.9679;0.2510;0.5591;25.828857
1283;5958;-0.0004;0.9670;0.2511;0.5549;25.828858
1283;5959;-0.0004;0.9672;0.2515;0.5492;25.828859
1283;5960;-0.0004;0.9680;0.2520;0.5366;25.828860
1283;5961;-0.0004;0.9679;0.2523;0.5366;25.828861
1283;5962;-0.0004;0.9675;0.2525;0.5449;25.828862
1283;5963;-0.0004;0.9671;0.2527;0.5435;25.828863
1283;5964;-0.0004;0.9675;0.2531;0.5366;25.828864
1283;5965;-0.0004;0.9674;0.2534;0.5395;25.828865
1283;5966;-0.0004;0.9682;0.2540;0.5437;25.828866
1283;5967;-0.0004;0.9688;0.2544;0.5479;25.828867
1283;5968;-0.0004;0.9684;0.2546;0.5536;25.828868
1283;5969;-0.0004;0.9684;0.2549;0.5578;25.828869
1283;5970;-0.0004;0.9686;0.2553;0.5607;25.828870
1283;5971;-0.0004;0.9687;0.2557;0.5578;25.828871
1283;5972;-0.0004;0.9689;0.2560;0.5494;25.828872
1283;5973;-0.0004;0.9685;0.2563;0.5423;25.828873
1283;5974;-0.0004;0.9683;0.2565;0.5366;25.828874
1283;5975;-0.0004;0.9679;0.2567;0.5324;25.828875
1283;5976;-0.0004;0.9671;0.2568;0.5296;25.828876
1283;5977;-0.0004;0.9678;0.2574;0.5253;25.828877
1283;5978;-0.0004;0.9686;0.2579;0.5253;25.828878
1283;5979;-0.0004;0.9679;0.2580;0.5338;25.828879
1283;5980;-0.0004;0.9669;0.2581;0.5451;25.828880
1283;5981;-0.0004;0.9670;0.2584;0.5522;25.828881
1283;5982;-0.0004;0.9674;0.2588;0.5522;25.828882
1283;5983;-0.0004;0.9673;0.2591;0.5508;25.828883
1283;5984;-0.0004;0.9670;0.2594;0.5536;25.828884
1283;5985;-0.0004;0.9674;0.2598;0.5522;25.828885
1283;5986;-0.0004;0.9675;0.2601;0.5522;25.828886
1283;5987;-0.0004;0.9676;0.2605;0.5550;25.828887
1283;5988;-0.0004;0.9675;0.2608;0.5621;25.828888
1283;5989;-0.0004;0.9673;0.2610;0.5677;25.828889
1283;5990;-0.0004;0.9672;0.2613;0.5649;25.828890
1283;5991;-0.0004;0.9669;0.2615;0.5649;25.828891
1283;5992;-0.0004;0.9672;0.2619;0.5691;25.828892
1283;5993;-0.0004;0.9672;0.2622;0.5705;25.828893
1283;5994;-0.0004;0.9673;0.2626;0.5663;25.828894
1283;5995;-0.0004;0.9685;0.2632;0.5621;25.828895
1283;5996;-0.0004;0.9696;0.2639;0.5564;25.828896
1283;5997;-0.0004;0.9702;0.2643;0.5451;25.828897
1283;5998;-0.0004;0.9697;0.2645;0.5381;25.828898
1283;5999;-0.0004;0.9683;0.2645;0.5409;25.828899
1283;6000;-0.0004;0.9667;0.2643;0.5423;25.828900
1283;6001;-0.0004;0.9663;0.2646;0.5423;25.828901
1283;6002;-0.0004;0.9669;0.2650;0.5409;25.828902
1283;6003;-0.0004;0.9668;0.2654;0.5395;25.828903
1283;6004;-0.0004;0.9665;0.2656;0.5366;25.828904
1283;6005;-0.0004;0.9666;0.2659;0.5324;25.828905
1283;6006;-0.0003;0.9670;0.2663;0.5324;25.828906
1283;6007;-0.0004;0.9678;0.2669;0.5352;25.828907
1283;6008;-0.0004;0.9682;0.2673;0.5366;25.828908
1283;6009;-0.0004;0.9679;0.2675;0.5381;25.828909
1283;6010;-0.0003;0.9678;0.2678;0.5423;25.828910
1283;6011;-0.0003;0.9679;0.2682;0.5522;25.828911
1283;6012;-0.0003;0.9671;0.2683;0.5592;25.828912
1283;6013;-0.0003;0.9667;0.2685;0.5564;25.828913
1283;6014;-0.0003;0.9670;0.2690;0.5522;25.828914
1283;6015;-0.0003;0.9687;0.2697;0.5451;25.828915
1283;6016;-0.0003;0.9688;0.2701;0.5409;25.828916
1283;6017;-0.0003;0.9681;0.2702;0.5366;25.828917
1283;6018;-0.0003;0.9680;0.2705;0.5366;25.828918
1283;6019;-0.0003;0.9677;0.2707;0.5423;25.828919
1283;6020;-0.0003;0.9678;0.2711;0.5451;25.828920
1283;6021;-0.0003;0.9680;0.2714;0.5423;25.828921
1283;6022;-0.0003;0.9684;0.2719;0.5338;25.828922
1283;6023;-0.0003;0.9687;0.2723;0.5310;25.828923
1283;6024;-0.0003;0.9684;0.2725;0.5352;25.828924
1283;6025;-0.0003;0.9685;0.2729;0.5395;25.828925
1283;6026;-0.0003;0.9681;0.2731;0.5395;25.828926
1283;6027;-0.0003;0.9679;0.2734;0.5395;25.828927
1283;6028;-0.0003;0.9679;0.2736;0.5395;25.828928
1283;6029;-0.0003;0.9672;0.2738;0.5381;25.828929
1283;6030;-0.0003;0.9668;0.2739;0.5366;25.828930
1283;6031;-0.0003;0.9672;0.2744;0.5352;25.828931
1283;6032;-0.0003;0.9682;0.2750;0.5352;25.828932
1283;6033;-0.0003;0.9685;0.2755;0.5352;25.828933
1283;6034;-0.0003;0.9681;0.2756;0.5338;25.828934
1283;6035;-0.0003;0.9677;0.2758;0.5239;25.828935
1283;6036;-0.0003;0.9674;0.2761;0.5155;25.828936
1283;6037;-0.0003;0.9677;0.2765;0.5183;25.828937
1283;6038;-0.0003;0.9686;0.2770;0.5239;25.828938
1283;6039;-0.0003;0.9682;0.2773;0.5282;25.828939
1283;6040;-0.0003;0.9678;0.2775;0.5310;25.828940
1283;6041;-0.0003;0.9679;0.2778;0.5352;25.828941
1283;6042;-0.0003;0.9676;0.2781;0.5352;25.828942
1283;6043;-0.0003;0.9675;0.2783;0.5296;25.828943
1283;6044;-0.0003;0.9674;0.2787;0.5296;25.828944
1283;6045;-0.0003;0.9677;0.2790;0.5338;25.828945
1283;6046;-0.0003;0.9683;0.2795;0.5395;25.828946
1283;6047;-0.0003;0.9682;0.2798;0.5451;25.828947
1283;6048;-0.0003;0.9681;0.2801;0.5494;25.828948
1283;6049;-0.0003;0.9680;0.2804;0.5494;25.828949
1283;6050;-0.0003;0.9686;0.2809;0.5437;25.828950
1283;6051;-0.0003;0.9687;0.2813;0.5366;25.828951
1283;6052;-0.0003;0.9679;0.2813;0.5338;25.828952
1283;6053;-0.0003;0.9680;0.2817;0.5310;25.828953
1283;6054;-0.0003;0.9677;0.2819;0.5324;25.828954
1283;6055;-0.0003;0.9678;0.2823;0.5338;25.828955
1283;6056;-0.0003;0.9683;0.2828;0.5324;25.828956
1283;6057;-0.0003;0.9682;0.2831;0.5352;25.828957
1283;6058;-0.0003;0.9681;0.2833;0.5366;25.828958
1283;6059;-0.0003;0.9677;0.2835;0.5324;25.828959
1283;6060;-0.0003;0.9674;0.2838;0.5296;25.828960
1283;6061;-0.0003;0.9675;0.2841;0.5282;25.828961
1283;6062;-0.0003;0.9676;0.2845;0.5296;25.828962
1283;6063;-0.0003;0.9678;0.2849;0.5310;25.828963
1283;6064;-0.0003;0.9679;0.2853;0.5296;25.828964
1283;6065;-0.0003;0.9680;0.2856;0.5310;25.828965
1283;6066;-0.0003;0.9679;0.2859;0.5338;25.828966
1283;6067;-0.0003;0.9676;0.2861;0.5381;25.828967
1283;6068;-0.0003;0.9673;0.2864;0.5409;25.828968
1283;6069;-0.0003;0.9670;0.2866;0.5381;25.828969
1283;6070;-0.0003;0.9669;0.2869;0.5324;25.828970
1283;6071;-0.0003;0.9675;0.2874;0.5239;25.828971
1283;6072;-0.0003;0.9676;0.2877;0.5211;25.828972
1283;6073;-0.0003;0.9675;0.2880;0.5253;25.828973
1283;6074;-0.0003;0.9675;0.2883;0.5310;25.828974
1283;6075;-0.0003;0.9673;0.2886;0.5366;25.828975
1283;6076;-0.0003;0.9677;0.2890;0.5338;25.828976
1283;6077;-0.0003;0.9679;0.2895;0.5229;25.828977
1283;6078;-0.0003;0.9677;0.2897;0.5173;25.828978
1283;6079;-0.0003;0.9681;0.2902;0.5187;25.828979
1283;6080;-0.0003;0.9683;0.2905;0.5257;25.828980
1283;6081;-0.0003;0.9682;0.2908;0.5271;25.828981
1283;6082;-0.0003;0.9683;0.2911;0.5243;25.828982
1283;6083;-0.0003;0.9689;0.2917;0.5229;25.828983
1283;6084;-0.0003;0.9692;0.2921;0.5201;25.828984
1283;6085;-0.0003;0.9684;0.2922;0.5215;25.828985
1283;6086;-0.0003;0.9684;0.2925;0.5243;25.828986
1283;6087;-0.0003;0.9683;0.2928;0.5271;25.828987
1283;6088;-0.0003;0.9678;0.2930;0.5299;25.828988
1283;6089;-0.0003;0.9681;0.2934;0.5313;25.828989
1283;6090;-0.0003;0.9687;0.2939;0.5341;25.828990
1283;6091;-0.0003;0.9691;0.2943;0.5355;25.828991
1283;6092;-0.0003;0.9685;0.2945;0.5411;25.828992
1283;6093;-0.0003;0.9680;0.2946;0.5439;25.828993
1283;6094;-0.0003;0.9683;0.2951;0.5439;25.828994
1283;6095;-0.0003;0.9683;0.2954;0.5397;25.828995
1283;6096;-0.0003;0.9684;0.2958;0.5299;25.828996
1283;6097;-0.0003;0.9694;0.2963;0.5215;25.828997
1283;6098;-0.0003;0.9693;0.2967;0.5201;25.828998
1283;6099;-0.0003;0.9687;0.2968;0.5187;25.828999
1283;6100;-0.0003;0.9678;0.2968;0.5131;25.829000
1283;6101;-0.0003;0.9678;0.2972;0.5089;25.829001
1283;6102;-0.0003;0.9687;0.2978;0.5117;25.829002
1283;6103;-0.0003;0.9686;0.2981;0.5187;25.829003
1283;6104;-0.0003;0.9683;0.2983;0.5215;25.829004
1283;6105;-0.0003;0.9678;0.2985;0.5243;25.829005
1283;6106;-0.0003;0.9682;0.2989;0.5285;25.829006
1283;6107;-0.0003;0.9689;0.2995;0.5341;25.829007
1283;6108;-0.0003;0.9690;0.2998;0.5383;25.829008
1283;6109;-0.0003;0.9689;0.3001;0.5383;25.829009
1283;6110;-0.0003;0.9691;0.3005;0.5313;25.829010
1283;6111;-0.0003;0.9701;0.3011;0.5215;25.829011
1283;6112;-0.0003;0.9703;0.3016;0.5131;25.829012
1283;6113;-0.0003;0.9690;0.3015;0.5145;25.829013
1283;6114;-0.0003;0.9681;0.3015;0.5229;25.829014
1283;6115;-0.0003;0.9680;0.3018;0.5341;25.829015
1283;6116;-0.0003;0.9685;0.3023;0.5411;25.829016
1283;6117;-0.0003;0.9687;0.3026;0.5411;25.829017
1283;6118;-0.0003;0.9683;0.3029;0.5327;25.829018
1283;6119;-0.0003;0.9689;0.3034;0.5243;25.829019
1283;6120;-0.0003;0.9693;0.3038;0.5187;25.829020
1283;6121;-0.0003;0.9688;0.3040;0.5173;25.829021
1283;6122;-0.0003;0.9687;0.3043;0.5117;25.829022
1283;6123;-0.0003;0.9686;0.3046;0.5047;25.829023
1283;6124;-0.0003;0.9685;0.3049;0.5005;25.829024
1283;6125;-0.0003;0.9683;0.3052;0.5033;25.829025
1283;6126;-0.0003;0.9682;0.3054;0.5047;25.829026
1283;6127;-0.0003;0.9689;0.3060;0.5047;25.829027
1283;6128;-0.0003;0.9692;0.3064;0.5019;25.829028
1283;6129;-0.0003;0.9693;0.3068;0.5019;25.829029
1283;6130;-0.0003;0.9690;0.3070;0.5033;25.829030
1283;6131;-0.0003;0.9684;0.3072;0.5019;25.829031
1283;6132;-0.0003;0.9679;0.3073;0.4977;25.829032
1283;6133;-0.0003;0.9680;0.3077;0.4963;25.829033
1283;6134;-0.0003;0.9682;0.3081;0.4991;25.829034
1283;6135;-0.0003;0.9683;0.3084;0.5005;25.829035
1283;6136;-0.0003;0.9680;0.3087;0.5005;25.829036
1283;6137;-0.0003;0.9685;0.3091;0.4977;25.829037
1283;6138;-0.0003;0.9684;0.3095;0.4991;25.829038
1283;6139;-0.0003;0.9683;0.3097;0.5047;25.829039
1283;6140;-0.0003;0.9687;0.3102;0.5075;25.829040
1283;6141;-0.0003;0.9684;0.3104;0.5103;25.829041
1283;6142;-0.0003;0.9680;0.3106;0.5075;25.829042
1283;6143;-0.0003;0.9669;0.3106;0.5047;25.829043
1283;6144;-0.0003;0.9665;0.3108;0.5075;25.829044
1283;6145;-0.0003;0.9671;0.3113;0.5075;25.829045
1283;6146;-0.0003;0.9677;0.3118;0.5047;25.829046
1283;6147;-0.0003;0.9691;0.3126;0.5033;25.829047
1283;6148;-0.0003;0.9699;0.3132;0.5005;25.829048
1283;6149;-0.0003;0.9694;0.3134;0.4977;25.829049
1283;6150;-0.0003;0.9689;0.3135;0.4963;25.829050
1283;6151;-0.0003;0.9688;0.3138;0.4991;25.829051
1283;6152;-0.0003;0.9687;0.3141;0.4991;25.829052
1283;6153;-0.0003;0.9686;0.3144;0.4977;25.829053
1283;6154;-0.0003;0.9685;0.3147;0.4963;25.829054
1283;6155;-0.0003;0.9684;0.3150;0.4936;25.829055
1283;6156;-0.0003;0.9680;0.3152;0.4936;25.829056
1283;6157;-0.0003;0.9684;0.3157;0.4963;25.829057
1283;6158;-0.0003;0.9688;0.3162;0.4991;25.829058
1283;6159;-0.0003;0.9689;0.3165;0.5075;25.829059
1283;6160;-0.0003;0.9694;0.3170;0.5145;25.829060
1283;6161;-0.0003;0.9697;0.3174;0.5103;25.829061
1283;6162;-0.0003;0.9694;0.3177;0.5076;25.829062
1283;6163;-0.0003;0.9685;0.3177;0.5061;25.829063
1283;6164;-0.0003;0.9682;0.3179;0.4991;25.829064
1283;6165;-0.0003;0.9693;0.3186;0.4882;25.829065
1283;6166;-0.0003;0.9697;0.3191;0.4799;25.829066
1283;6167;-0.0003;0.9694;0.3193;0.4744;25.829067
1283;6168;-0.0003;0.9693;0.3196;0.4730;25.829068
1283;6169;-0.0003;0.9692;0.3199;0.4799;25.829069
1283;6170;-0.0003;0.9693;0.3202;0.4910;25.829070
1283;6171;-0.0003;0.9689;0.3204;0.4951;25.829071
1283;6172;-0.0003;0.9689;0.3208;0.4910;25.829072
1283;6173;-0.0003;0.9695;0.3213;0.4827;25.829073
1283;6174;-0.0003;0.9696;0.3217;0.4744;25.829074
1283;6175;-0.0003;0.9695;0.3220;0.4674;25.829075
1283;6176;-0.0003;0.9692;0.3222;0.4661;25.829076
1283;6177;-0.0003;0.9686;0.3223;0.4688;25.829077
1283;6178;-0.0003;0.9677;0.3223;0.4796;25.829078
1283;6179;-0.0003;0.9667;0.3224;0.4838;25.829079
1283;6180;-0.0003;0.9668;0.3227;0.4880;25.829080
1283;6181;-0.0003;0.9674;0.3233;0.4894;25.829081
1283;6182;-0.0003;0.9673;0.3235;0.4852;25.829082
1283;6183;-0.0003;0.9678;0.3241;0.4771;25.829083
1283;6184;-0.0003;0.9684;0.3246;0.4799;25.829084
1283;6185;-0.0003;0.9685;0.3249;0.4827;25.829085
1283;6186;-0.0003;0.9686;0.3253;0.4827;25.829086
1283;6187;-0.0003;0.9686;0.3256;0.4785;25.829087
1283;6188;-0.0003;0.9690;0.3261;0.4702;25.829088
1283;6189;-0.0003;0.9684;0.3262;0.4674;25.829089
1283;6190;-0.0003;0.9683;0.3265;0.4702;25.829090
1283;6191;-0.0003;0.9686;0.3269;0.4757;25.829091
1283;6192;-0.0003;0.9687;0.3273;0.4785;25.829092
1283;6193;-0.0003;0.9690;0.3278;0.4785;25.829093
1283;6194;-0.0003;0.9689;0.3281;0.4771;25.829094
1283;6195;-0.0003;0.9688;0.3284;0.4757;25.829095
1283;6196;-0.0003;0.9687;0.3286;0.4744;25.829096
1283;6197;-0.0003;0.9686;0.3290;0.4757;25.829097
1283;6198;-0.0003;0.9685;0.3293;0.4799;25.829098
1283;6199;-0.0003;0.9682;0.3295;0.4840;25.829099
1283;6200;-0.0003;0.9685;0.3299;0.4882;25.829100
1283;6201;-0.0003;0.9691;0.3305;0.4868;25.829101
1283;6202;-0.0003;0.9693;0.3308;0.4840;25.829102
1283;6203;-0.0003;0.9700;0.3314;0.4854;25.829103
1283;6204;-0.0003;0.9690;0.3314;0.4827;25.829104
1283;6205;-0.0003;0.9682;0.3315;0.4840;25.829105
1283;6206;-0.0003;0.9682;0.3318;0.4854;25.829106
1283;6207;-0.0003;0.9680;0.3321;0.4868;25.829107
1283;6208;-0.0003;0.9679;0.3323;0.4840;25.829108
1283;6209;-0.0003;0.9678;0.3326;0.4799;25.829109
1283;6210;-0.0003;0.9683;0.3332;0.4771;25.829110
1283;6211;-0.0003;0.9692;0.3338;0.4744;25.829111
1283;6212;-0.0003;0.9691;0.3341;0.4702;25.829112
1283;6213;-0.0003;0.9690;0.3344;0.4661;25.829113
1283;6214;-0.0003;0.9689;0.3347;0.4633;25.829114
1283;6215;-0.0003;0.9686;0.3349;0.4647;25.829115
1283;6216;-0.0003;0.9685;0.3352;0.4633;25.829116
1283;6217;-0.0003;0.9681;0.3354;0.4633;25.829117
1283;6218;-0.0003;0.9683;0.3358;0.4661;25.829118
1283;6219;-0.0003;0.9687;0.3363;0.4661;25.829119
1283;6220;-0.0003;0.9686;0.3366;0.4647;25.829120
1283;6221;-0.0003;0.9693;0.3372;0.4605;25.829121
1283;6222;-0.0003;0.9696;0.3376;0.4578;25.829122
1283;6223;-0.0003;0.9695;0.3379;0.4605;25.829123
1283;6224;-0.0003;0.9689;0.3380;0.4633;25.829124
1283;6225;-0.0003;0.9679;0.3380;0.4661;25.829125
1283;6226;-0.0003;0.9685;0.3385;0.4661;25.829126
1283;6227;-0.0003;0.9697;0.3393;0.4661;25.829127
1283;6228;-0.0003;0.9696;0.3396;0.4661;25.829128
1283;6229;-0.0003;0.9691;0.3398;0.4661;25.829129
1283;6230;-0.0003;0.9687;0.3400;0.4674;25.829130
1283;6231;-0.0003;0.9698;0.3407;0.4647;25.829131
1283;6232;-0.0003;0.9703;0.3412;0.4619;25.829132
1283;6233;-0.0003;0.9699;0.3414;0.4661;25.829133
1283;6234;-0.0003;0.9698;0.3417;0.4716;25.829134
1283;6235;-0.0003;0.9692;0.3418;0.4785;25.829135
1283;6236;-0.0003;0.9692;0.3422;0.4854;25.829136
1283;6237;-0.0003;0.9697;0.3426;0.4896;25.829137
1283;6238;-0.0003;0.9701;0.3431;0.4910;25.829138
1283;6239;-0.0003;0.9701;0.3435;0.4882;25.829139
1283;6240;-0.0003;0.9688;0.3433;0.4813;25.829140
1283;6241;-0.0003;0.9685;0.3436;0.4702;25.829141
1283;6242;-0.0003;0.9690;0.3441;0.4633;25.829142
1283;6243;-0.0003;0.9692;0.3445;0.4592;25.829143
1283;6244;-0.0003;0.9694;0.3449;0.4578;25.829144
1283;6245;-0.0003;0.9688;0.3450;0.4564;25.829145
1283;6246;-0.0003;0.9680;0.3450;0.4509;25.829146
1283;6247;-0.0003;0.9687;0.3457;0.4426;25.829147
1283;6248;-0.0003;0.9693;0.3462;0.4370;25.829148
1283;6249;-0.0003;0.9694;0.3466;0.4356;25.829149
1283;6250;-0.0003;0.9688;0.3467;0.4370;25.829150
1283;6251;-0.0003;0.9678;0.3467;0.4398;25.829151
1283;6252;-0.0003;0.9682;0.3471;0.4412;25.829152
1283;6253;-0.0003;0.9687;0.3476;0.4467;25.829153
1283;6254;-0.0003;0.9682;0.3478;0.4509;25.829154
1283;6255;-0.0003;0.9674;0.3479;0.4509;25.829155
1283;6256;-0.0003;0.9684;0.3485;0.4481;25.829156
1283;6257;-0.0003;0.9696;0.3493;0.4464;25.829157
1283;6258;-0.0003;0.9694;0.3496;0.4518;25.829158
1283;6259;-0.0003;0.9692;0.3498;0.4559;25.829159
1283;6260;-0.0003;0.9689;0.3501;0.4559;25.829160
1283;6261;-0.0003;0.9687;0.3504;0.4573;25.829161
1283;6262;-0.0003;0.9695;0.3510;0.4601;25.829162
1283;6263;-0.0003;0.9700;0.3515;0.4614;25.829163
1283;6264;-0.0003;0.9706;0.3521;0.4587;25.829164
1283;6265;-0.0003;0.9709;0.3524;0.4505;25.829165
1283;6266;-0.0003;0.9708;0.3528;0.4409;25.829166
1283;6267;-0.0003;0.9707;0.3531;0.4354;25.829167
1283;6268;-0.0003;0.9701;0.3532;0.4368;25.829168
1283;6269;-0.0003;0.9700;0.3535;0.4395;25.829169
1283;6270;-0.0003;0.9699;0.3538;0.4381;25.829170
1283;6271;-0.0003;0.9694;0.3540;0.4381;25.829171
1283;6272;-0.0003;0.9693;0.3543;0.4395;25.829172
1283;6273;-0.0003;0.9696;0.3547;0.4409;25.829173
1283;6274;-0.0003;0.9695;0.3550;0.4436;25.829174
1283;6275;-0.0003;0.9692;0.3553;0.4450;25.829175
1283;6276;-0.0003;0.9688;0.3554;0.4450;25.829176
1283;6277;-0.0003;0.9692;0.3559;0.4450;25.829177
1283;6278;-0.0003;0.9694;0.3563;0.4450;25.829178
1283;6279;-0.0003;0.9696;0.3567;0.4395;25.829179
1283;6280;-0.0003;0.9702;0.3573;0.4354;25.829180
1283;6281;-0.0003;0.9705;0.3578;0.4327;25.829181
1283;6282;-0.0003;0.9706;0.3581;0.4313;25.829182
1283;6283;-0.0003;0.9705;0.3584;0.4327;25.829183
1283;6284;-0.0003;0.9702;0.3587;0.4340;25.829184
1283;6285;-0.0003;0.9693;0.3587;0.4327;25.829185
1283;6286;-0.0003;0.9684;0.3587;0.4327;25.829186
1283;6287;-0.0003;0.9691;0.3593;0.4327;25.829187
1283;6288;-0.0003;0.9690;0.3596;0.4313;25.829188
1283;6289;-0.0003;0.9690;0.3599;0.4327;25.829189
1283;6290;-0.0003;0.9692;0.3604;0.4340;25.829190
1283;6291;-0.0003;0.9690;0.3605;0.4340;25.829191
1283;6292;-0.0003;0.9692;0.3610;0.4354;25.829192
1283;6293;-0.0003;0.9691;0.3613;0.4327;25.829193
1283;6294;-0.0003;0.9696;0.3618;0.4299;25.829194
1283;6295;-0.0003;0.9700;0.3623;0.4272;25.829195
1283;6296;-0.0003;0.9694;0.3624;0.4245;25.829196
1283;6297;-0.0003;0.9701;0.3630;0.4217;25.829197
1283;6298;-0.0003;0.9705;0.3635;0.4258;25.829198
1283;6299;-0.0003;0.9697;0.3636;0.4299;25.829199
1283;6300;-0.0003;0.9690;0.3636;0.4299;25.829200
1283;6301;-0.0003;0.9676;0.3635;0.4299;25.829201
1283;6302;-0.0003;0.9677;0.3638;0.4313;25.829202
1283;6303;-0.0003;0.9681;0.3643;0.4368;25.829203
1283;6304;-0.0003;0.9684;0.3647;0.4381;25.829204
1283;6305;-0.0003;0.9689;0.3653;0.4368;25.829205
1283;6306;-0.0003;0.9690;0.3656;0.4368;25.829206
1283;6307;-0.0003;0.9689;0.3660;0.4354;25.829207
1283;6308;-0.0003;0.9694;0.3665;0.4368;25.829208
1283;6309;-0.0003;0.9696;0.3669;0.4340;25.829209
1283;6310;-0.0003;0.9699;0.3674;0.4299;25.829210
1283;6311;-0.0003;0.9695;0.3676;0.4272;25.829211
1283;6312;-0.0003;0.9689;0.3677;0.4299;25.829212
1283;6313;-0.0003;0.9685;0.3678;0.4313;25.829213
1283;6314;-0.0003;0.9681;0.3681;0.4354;25.829214
1283;6315;-0.0003;0.9687;0.3686;0.4423;25.829215
1283;6316;-0.0003;0.9698;0.3694;0.4491;25.829216
1283;6317;-0.0003;0.9700;0.3697;0.4532;25.829217
1283;6318;-0.0003;0.9696;0.3700;0.4505;25.829218
1283;6319;-0.0003;0.9689;0.3700;0.4477;25.829219
1283;6320;-0.0003;0.9688;0.3703;0.4450;25.829220
1283;6321;-0.0003;0.9686;0.3706;0.4409;25.829221
1283;6322;-0.0003;0.9691;0.3712;0.4423;25.829222
1283;6323;-0.0003;0.9696;0.3717;0.4423;25.829223
1283;6324;-0.0003;0.9697;0.3721;0.4381;25.829224
1283;6325;-0.0003;0.9701;0.3726;0.4327;25.829225
1283;6326;-0.0003;0.9700;0.3728;0.4286;25.829226
1283;6327;-0.0003;0.9695;0.3730;0.4245;25.829227
1283;6328;-0.0003;0.9696;0.3734;0.4203;25.829228
1283;6329;-0.0003;0.9694;0.3737;0.4176;25.829229
1283;6330;-0.0003;0.9691;0.3739;0.4135;25.829230
1283;6331;-0.0003;0.9689;0.3742;0.4094;25.829231
1283;6332;-0.0003;0.9691;0.3745;0.4108;25.829232
1283;6333;-0.0003;0.9698;0.3752;0.4149;25.829233
1283;6334;-0.0003;0.9699;0.3756;0.4175;25.829234
1283;6335;-0.0003;0.9700;0.3760;0.4270;25.829235
1283;6336;-0.0003;0.9699;0.3763;0.4311;25.829236
1283;6337;-0.0003;0.9696;0.3765;0.4270;25.829237
1283;6338;-0.0003;0.9703;0.3771;0.4189;25.829238
1283;6339;-0.0003;0.9702;0.3774;0.4094;25.829239
1283;6340;-0.0003;0.9701;0.3777;0.4053;25.829240
1283;6341;-0.0003;0.9698;0.3779;0.4053;25.829241
1283;6342;-0.0003;0.9694;0.3781;0.4080;25.829242
1283;6343;-0.0003;0.9698;0.3786;0.4080;25.829243
1283;6344;-0.0003;0.9708;0.3793;0.4040;25.829244
1283;6345;-0.0003;0.9707;0.3796;0.3972;25.829245
1283;6346;-0.0003;0.9701;0.3797;0.3931;25.829246
1283;6347;-0.0003;0.9695;0.3799;0.3931;25.829247
1283;6348;-0.0002;0.9694;0.3802;0.3931;25.829248
1283;6349;-0.0002;0.9695;0.3805;0.3918;25.829249
1283;6350;-0.0003;0.9698;0.3810;0.3904;25.829250
1283;6351;-0.0003;0.9697;0.3813;0.3931;25.829251
1283;6352;-0.0002;0.9691;0.3814;0.3945;25.829252
1283;6353;-0.0002;0.9690;0.3817;0.3972;25.829253
1283;6354;-0.0002;0.9687;0.3819;0.4013;25.829254
1283;6355;-0.0002;0.9690;0.3824;0.4053;25.829255
1283;6356;-0.0002;0.9701;0.3832;0.4121;25.829256
1283;6357;-0.0002;0.9696;0.3834;0.4175;25.829257
1283;6358;-0.0002;0.9691;0.3835;0.4148;25.829258
1283;6359;-0.0002;0.9694;0.3839;0.4107;25.829259
1283;6360;-0.0002;0.9699;0.3845;0.4053;25.829260
1283;6361;-0.0002;0.9706;0.3851;0.3985;25.829261
1283;6362;-0.0002;0.9701;0.3853;0.3891;25.829262
1283;6363;-0.0002;0.9689;0.3851;0.3863;25.829263
1283;6364;-0.0002;0.9686;0.3854;0.3877;25.829264
1283;6365;-0.0002;0.9693;0.3860;0.3891;25.829265
1283;6366;-0.0002;0.9694;0.3864;0.3891;25.829266
1283;6367;-0.0002;0.9691;0.3866;0.3958;25.829267
1283;6368;-0.0002;0.9696;0.3871;0.4040;25.829268
1283;6369;-0.0002;0.9703;0.3878;0.4053;25.829269
1283;6370;-0.0002;0.9704;0.3882;0.4094;25.829270
1283;6371;-0.0002;0.9706;0.3886;0.4148;25.829271
1283;6372;-0.0002;0.9702;0.3887;0.4135;25.829272
1283;6373;-0.0002;0.9701;0.3890;0.4121;25.829273
1283;6374;-0.0002;0.9699;0.3893;0.4107;25.829274
1283;6375;-0.0002;0.9692;0.3894;0.4107;25.829275
1283;6376;-0.0002;0.9693;0.3898;0.4121;25.829276
1283;6377;-0.0002;0.9696;0.3902;0.4121;25.829277
1283;6378;-0.0002;0.9699;0.3907;0.4121;25.829278
1283;6379;-0.0002;0.9700;0.3911;0.4067;25.829279
1283;6380;-0.0002;0.9695;0.3912;0.4013;25.829280
1283;6381;-0.0002;0.9697;0.3917;0.4013;25.829281
1283;6382;-0.0002;0.9697;0.3920;0.4053;25.829282
1283;6383;-0.0002;0.9698;0.3924;0.4067;25.829283
1283;6384;-0.0002;0.9700;0.3928;0.4067;25.829284
1283;6385;-0.0002;0.9699;0.3931;0.4080;25.829285
1283;6386;-0.0002;0.9699;0.3934;0.4135;25.829286
1283;6387;-0.0002;0.9700;0.3938;0.4189;25.829287
1283;6388;-0.0002;0.9700;0.3942;0.4216;25.829288
1283;6389;-0.0002;0.9705;0.3948;0.4216;25.829289
1283;6390;-0.0002;0.9704;0.3951;0.4162;25.829290
1283;6391;-0.0002;0.9699;0.3952;0.4107;25.829291
1283;6392;-0.0002;0.9698;0.3955;0.4080;25.829292
1283;6393;-0.0002;0.9694;0.3957;0.4053;25.829293
1283;6394;-0.0002;0.9696;0.3961;0.4026;25.829294
1283;6395;-0.0002;0.9696;0.3965;0.3999;25.829295
1283;6396;-0.0002;0.9699;0.3969;0.3958;25.829296
1283;6397;-0.0002;0.9699;0.3973;0.3958;25.829297
1283;6398;-0.0002;0.9705;0.3979;0.3972;25.829298
1283;6399;-0.0002;0.9710;0.3984;0.3958;25.829299
1283;6400;-0.0002;0.9707;0.3986;0.3891;25.829300
1283;6401;-0.0002;0.9704;0.3989;0.3850;25.829301
1283;6402;-0.0002;0.9698;0.3990;0.3823;25.829302
1283;6403;-0.0002;0.9697;0.3993;0.3809;25.829303
1283;6404;-0.0002;0.9696;0.3996;0.3823;25.829304
1283;6405;-0.0002;0.9690;0.3997;0.3823;25.829305
1283;6406;-0.0002;0.9695;0.4002;0.3836;25.829306
1283;6407;-0.0002;0.9705;0.4010;0.3798;25.829307
1283;6408;-0.0002;0.9706;0.4014;0.3785;25.829308
1283;6409;-0.0002;0.9704;0.4017;0.3771;25.829309
1283;6410;-0.0002;0.9693;0.4015;0.3836;25.829310
1283;6411;-0.0002;0.9695;0.4020;0.3891;25.829311
1283;6412;-0.0002;0.9700;0.4026;0.3852;25.829312
1283;6413;-0.0002;0.9700;0.4029;0.3852;25.829313
1283;6414;-0.0002;0.9698;0.4032;0.3892;25.829314
1283;6415;-0.0002;0.9693;0.4033;0.3972;25.829315
1283;6416;-0.0002;0.9696;0.4038;0.3946;25.829316
1283;6417;-0.0002;0.9702;0.4043;0.3946;25.829317
1283;6418;-0.0002;0.9699;0.4046;0.3959;25.829318
1283;6419;-0.0002;0.9701;0.4050;0.3973;25.829319
1283;6420;-0.0002;0.9712;0.4058;0.3986;25.829320
1283;6421;-0.0002;0.9715;0.4063;0.3973;25.829321
1283;6422;-0.0002;0.9714;0.4066;0.3946;25.829322
1283;6423;-0.0002;0.9708;0.4067;0.3919;25.829323
1283;6424;-0.0002;0.9708;0.4071;0.3865;25.829324
1283;6425;-0.0002;0.9708;0.4074;0.3812;25.829325
1283;6426;-0.0002;0.9699;0.4074;0.3838;25.829326
1283;6427;-0.0002;0.9695;0.4076;0.3892;25.829327
1283;6428;-0.0002;0.9692;0.4078;0.3892;25.829328
1283;6429;-0.0002;0.9699;0.4084;0.3879;25.829329
1283;6430;-0.0002;0.9713;0.4094;0.3906;25.829330
1283;6431;-0.0002;0.9712;0.4097;0.3946;25.829331
1283;6432;-0.0002;0.9706;0.4098;0.3932;25.829332
1283;6433;-0.0002;0.9703;0.4100;0.3906;25.829333
1283;6434;-0.0002;0.9702;0.4103;0.3852;25.829334
1283;6435;-0.0002;0.9702;0.4107;0.3825;25.829335
1283;6436;-0.0002;0.9701;0.4110;0.3812;25.829336
1283;6437;-0.0002;0.9703;0.4114;0.3785;25.829337
1283;6438;-0.0002;0.9696;0.4115;0.3785;25.829338
1283;6439;-0.0002;0.9694;0.4118;0.3771;25.829339
1283;6440;-0.0002;0.9700;0.4124;0.3771;25.829340
1283;6441;-0.0002;0.9703;0.4128;0.3771;25.829341
1283;6442;-0.0002;0.9710;0.4135;0.3798;25.829342
1283;6443;-0.0002;0.9711;0.4139;0.3812;25.829343
1283;6444;-0.0002;0.9705;0.4140;0.3812;25.829344
1283;6445;-0.0002;0.9698;0.4140;0.3825;25.829345
1283;6446;-0.0002;0.9690;0.4140;0.3852;25.829346
1283;6447;-0.0002;0.9693;0.4145;0.3879;25.829347
1283;6448;-0.0002;0.9700;0.4152;0.3906;25.829348
1283;6449;-0.0002;0.9701;0.4156;0.3906;25.829349
1283;6450;-0.0002;0.9704;0.4160;0.3852;25.829350
1283;6451;-0.0002;0.9701;0.4163;0.3812;25.829351
1283;6452;-0.0002;0.9698;0.4165;0.3825;25.829352
1283;6453;-0.0002;0.9700;0.4169;0.3852;25.829353
1283;6454;-0.0002;0.9704;0.4174;0.3825;25.829354
1283;6455;-0.0002;0.9712;0.4182;0.3785;25.829355
1283;6456;-0.0002;0.9711;0.4185;0.3771;25.829356
1283;6457;-0.0002;0.9704;0.4185;0.3812;25.829357
1283;6458;-0.0002;0.9705;0.4189;0.3825;25.829358
1283;6459;-0.0002;0.9706;0.4193;0.3838;25.829359
1283;6460;-0.0002;0.9703;0.4195;0.3852;25.829360
1283;6461;-0.0002;0.9698;0.4197;0.3879;25.829361
1283;6462;-0.0002;0.9698;0.4200;0.3919;25.829362
1283;6463;-0.0002;0.9707;0.4207;0.3959;25.829363
1283;6464;-0.0002;0.9707;0.4212;0.4013;25.829364
1283;6465;-0.0002;0.9702;0.4212;0.4053;25.829365
1283;6466;-0.0002;0.9697;0.4214;0.4080;25.829366
1283;6467;-0.0002;0.9695;0.4216;0.4080;25.829367
1283;6468;-0.0002;0.9700;0.4223;0.4026;25.829368
1283;6469;-0.0002;0.9709;0.4230;0.3932;25.829369
1283;6470;-0.0002;0.9721;0.4238;0.3850;25.829370
1283;6471;-0.0002;0.9720;0.4242;0.3837;25.829371
1283;6472;-0.0002;0.9708;0.4240;0.3892;25.829372
1283;6473;-0.0002;0.9700;0.4240;0.3892;25.829373
1283;6474;-0.0002;0.9699;0.4243;0.3879;25.829374
1283;6475;-0.0002;0.9704;0.4249;0.3892;25.829375
1283;6476;-0.0002;0.9714;0.4257;0.3877;25.829376
1283;6477;-0.0002;0.9718;0.4262;0.3903;25.829377
1283;6478;-0.0002;0.9711;0.4263;0.3943;25.829378
1283;6479;-0.0002;0.9709;0.4265;0.3956;25.829379
1283;6480;-0.0002;0.9710;0.4269;0.3996;25.829380
1283;6481;-0.0002;0.9707;0.4272;0.4089;25.829381
1283;6482;-0.0002;0.9702;0.4272;0.4116;25.829382
1283;6483;-0.0002;0.9704;0.4277;0.4089;25.829383
1283;6484;-0.0002;0.9703;0.4280;0.4023;25.829384
1283;6485;-0.0002;0.9704;0.4284;0.3943;25.829385
1283;6486;-0.0002;0.9703;0.4287;0.3877;25.829386
1283;6487;-0.0002;0.9701;0.4290;0.3850;25.829387
1283;6488;-0.0002;0.9708;0.4297;0.3863;25.829388
1283;6489;-0.0002;0.9717;0.4304;0.3877;25.829389
1283;6490;-0.0002;0.9720;0.4310;0.3903;25.829390
1283;6491;-0.0002;0.9717;0.4311;0.3943;25.829391
1283;6492;-0.0002;0.9711;0.4313;0.3943;25.829392
1283;6493;-0.0002;0.9714;0.4317;0.3916;25.829393
1283;6494;-0.0002;0.9717;0.4322;0.3890;25.829394
1283;6495;-0.0002;0.9709;0.4322;0.3916;25.829395
1283;6496;-0.0002;0.9704;0.4324;0.3943;25.829396
1283;6497;-0.0002;0.9706;0.4328;0.3970;25.829397
1283;6498;-0.0002;0.9710;0.4333;0.3970;25.829398
1283;6499;-0.0002;0.9710;0.4337;0.3916;25.829399
1283;6500;-0.0002;0.9709;0.4340;0.3877;25.829400
1283;6501;-0.0002;0.9710;0.4344;0.3837;25.829401
1283;6502;-0.0002;0.9707;0.4346;0.3797;25.829402
1283;6503;-0.0002;0.9705;0.4350;0.3784;25.829403
1283;6504;-0.0002;0.9710;0.4354;0.3770;25.829404
1283;6505;-0.0002;0.9719;0.4363;0.3810;25.829405
1283;6506;-0.0002;0.9726;0.4369;0.3850;25.829406
1283;6507;-0.0002;0.9721;0.4371;0.3890;25.829407
1283;6508;-0.0002;0.9718;0.4372;0.3943;25.829408
1283;6509;-0.0002;0.9716;0.4375;0.3996;25.829409
1283;6510;-0.0002;0.9715;0.4379;0.4036;25.829410
1283;6511;-0.0002;0.9720;0.4385;0.4063;25.829411
1283;6512;-0.0002;0.9715;0.4386;0.4036;25.829412
1283;6513;-0.0002;0.9707;0.4385;0.3983;25.829413
1283;6514;-0.0002;0.9709;0.4390;0.3996;25.829414
1283;6515;-0.0002;0.9715;0.4396;0.4049;25.829415
1283;6516;-0.0002;0.9721;0.4403;0.4129;25.829416
1283;6517;-0.0002;0.9720;0.4406;0.4182;25.829417
1283;6518;-0.0002;0.9716;0.4408;0.4195;25.829418
1283;6519;-0.0002;0.9710;0.4408;0.4169;25.829419
1283;6520;-0.0002;0.9707;0.4411;0.4129;25.829420
1283;6521;-0.0002;0.9707;0.4414;0.4116;25.829421
1283;6522;-0.0002;0.9711;0.4420;0.4129;25.829422
1283;6523;-0.0002;0.9721;0.4428;0.4169;25.829423
1283;6524;-0.0002;0.9726;0.4434;0.4209;25.829424
1283;6525;-0.0002;0.9722;0.4436;0.4209;25.829425
1283;6526;-0.0002;0.9720;0.4438;0.4142;25.829426
1283;6527;-0.0002;0.9709;0.4437;0.4102;25.829427
1283;6528;-0.0002;0.9705;0.4438;0.4076;25.829428
1283;6529;-0.0002;0.9710;0.4445;0.4023;25.829429
1283;6530;-0.0002;0.9709;0.4448;0.3943;25.829430
1283;6531;-0.0002;0.9708;0.4451;0.3877;25.829431
1283;6532;-0.0002;0.9710;0.4455;0.3824;25.829432
1283;6533;-0.0002;0.9704;0.4456;0.3837;25.829433
1283;6534;-0.0002;0.9704;0.4460;0.3930;25.829434
1283;6535;-0.0002;0.9709;0.4466;0.3996;25.829435
1283;6536;-0.0002;0.9705;0.4468;0.4102;25.829436
1283;6537;-0.0002;0.9700;0.4469;0.4275;25.829437
1283;6538;-0.0002;0.9702;0.4473;0.4594;25.829438
1283;6539;-0.0002;0.9702;0.4477;0.5071;25.829439
1283;6540;-0.0002;0.9689;0.4475;0.5695;25.829440
1283;6541;-0.0002;0.9687;0.4477;0.6412;25.829441
1283;6542;-0.0002;0.9685;0.4481;0.7063;25.829442
1283;6543;-0.0002;0.9684;0.4483;0.7581;25.829443
1283;6544;-0.0002;0.9685;0.4488;0.7939;25.829444
1283;6545;-0.0002;0.9682;0.4489;0.8059;25.829445
1283;6546;-0.0002;0.9678;0.4491;0.7992;25.829446
1283;6547;-0.0002;0.9679;0.4495;0.7833;25.829447
1283;6548;-0.0002;0.9677;0.4498;0.7647;25.829448
1283;6549;-0.0002;0.9677;0.4501;0.7488;25.829449
1283;6550;-0.0002;0.9675;0.4504;0.7435;25.829450
1283;6551;-0.0002;0.9669;0.4505;0.7474;25.829451
1283;6552;-0.0002;0.9670;0.4509;0.7528;25.829452
1283;6553;-0.0002;0.9670;0.4513;0.7541;25.829453
1283;6554;-0.0002;0.9669;0.4516;0.7488;25.829454
1283;6555;-0.0002;0.9662;0.4516;0.7355;25.829455
1283;6556;-0.0002;0.9656;0.4517;0.7169;25.829456
1283;6557;-0.0002;0.9657;0.4521;0.7010;25.829457
1283;6558;-0.0002;0.9654;0.4523;0.6837;25.829458
1283;6559;-0.0002;0.9650;0.4525;0.6691;25.829459
1283;6560;-0.0002;0.9646;0.4527;0.6598;25.829460
1283;6561;-0.0002;0.9641;0.4528;0.6625;25.829461
1283;6562;-0.0002;0.9644;0.4533;0.6691;25.829462
1283;6563;-0.0002;0.9643;0.4536;0.6678;25.829463
1283;6564;-0.0002;0.9641;0.4539;0.6691;25.829464
1283;6565;-0.0002;0.9640;0.4542;0.6744;25.829465
1283;6566;-0.0002;0.9638;0.4545;0.6758;25.829466
1283;6567;-0.0002;0.9637;0.4547;0.6718;25.829467
1283;6568;-0.0002;0.9631;0.4549;0.6678;25.829468
1283;6569;-0.0002;0.9626;0.4549;0.6678;25.829469
1283;6570;-0.0002;0.9618;0.4550;0.6651;25.829470
1283;6571;-0.0002;0.9615;0.4552;0.6585;25.829471
1283;6572;-0.0002;0.9618;0.4557;0.6505;25.829472
1283;6573;-0.0002;0.9618;0.4561;0.6399;25.829473
1283;6574;-0.0002;0.9615;0.4563;0.6319;25.829474
1283;6575;-0.0002;0.9613;0.4566;0.6280;25.829475
1283;6576;-0.0002;0.9612;0.4569;0.6266;25.829476
1283;6577;-0.0002;0.9606;0.4569;0.6319;25.829477
1283;6578;-0.0002;0.9600;0.4570;0.6412;25.829478
1283;6579;-0.0002;0.9601;0.4574;0.6519;25.829479
1283;6580;-0.0002;0.9600;0.4577;0.6545;25.829480
1283;6581;-0.0002;0.9598;0.4580;0.6572;25.829481
1283;6582;-0.0002;0.9597;0.4583;0.6598;25.829482
1283;6583;-0.0002;0.9590;0.4583;0.6545;25.829483
1283;6584;-0.0002;0.9592;0.4588;0.6439;25.829484
1283;6585;-0.0002;0.9595;0.4593;0.6280;25.829485
1283;6586;-0.0002;0.9593;0.4596;0.6067;25.829486
1283;6587;-0.0002;0.9589;0.4597;0.5895;25.829487
1283;6588;-0.0002;0.9586;0.4600;0.5749;25.829488
1283;6589;-0.0002;0.9580;0.4600;0.5616;25.829489
1283;6590;-0.0002;0.9581;0.4605;0.5496;25.829490
1283;6591;-0.0002;0.9584;0.4609;0.5377;25.829491
1283;6592;-0.0002;0.9587;0.4615;0.5231;25.829492
1283;6593;-0.0002;0.9581;0.4615;0.5018;25.829493
1283;6594;-0.0002;0.9570;0.4613;0.4859;25.829494
1283;6595;-0.0002;0.9560;0.4612;0.4740;25.829495
1283;6596;-0.0002;0.9559;0.4616;0.4620;25.829496
1283;6597;-0.0002;0.9557;0.4618;0.4554;25.829497
1283;6598;-0.0002;0.9556;0.4621;0.4567;25.829498
1283;6599;-0.0002;0.9556;0.4625;0.4660;25.829499
1283;6600;-0.0002;0.9555;0.4628;0.4793;25.829500
1283;6601;-0.0002;0.9549;0.4629;0.4939;25.829501
1283;6602;-0.0002;0.9544;0.4630;0.5085;25.829502
1283;6603;-0.0002;0.9549;0.4636;0.5111;25.829503
1283;6604;-0.0002;0.9546;0.4638;0.5018;25.829504
1283;6605;-0.0002;0.9538;0.4638;0.4846;25.829505
1283;6606;-0.0002;0.9527;0.4636;0.4711;25.829506
1283;6607;-0.0002;0.9530;0.4641;0.4554;25.829507
1283;6608;-0.0002;0.9542;0.4650;0.4461;25.829508
1283;6609;-0.0002;0.9540;0.4653;0.4394;25.829509
1283;6610;-0.0002;0.9539;0.4656;0.4341;25.829510
1283;6611;-0.0002;0.9537;0.4659;0.4195;25.829511
1283;6612;-0.0002;0.9538;0.4663;0.3943;25.829512
1283;6613;-0.0002;0.9533;0.4664;0.3717;25.829513
1283;6614;-0.0002;0.9533;0.4668;0.3571;25.829514
1283;6615;-0.0002;0.9532;0.4671;0.3478;25.829515
1283;6616;-0.0002;0.9522;0.4670;0.3425;25.829516
1283;6617;-0.0002;0.9512;0.4668;0.3463;25.829517
1283;6618;-0.0002;0.9515;0.4674;0.3399;25.829518
1283;6619;-0.0002;0.9517;0.4678;0.3399;25.829519
1283;6620;-0.0002;0.9509;0.4678;0.3490;25.829520
1283;6621;-0.0002;0.9501;0.4678;0.3530;25.829521
1283;6622;-0.0002;0.9501;0.4681;0.3530;25.829522
1283;6623;-0.0002;0.9506;0.4687;0.3449;25.829523
1283;6624;-0.0002;0.9504;0.4690;0.3275;25.829524
1283;6625;-0.0002;0.9505;0.4694;0.3067;25.829525
1283;6626;-0.0002;0.9497;0.4694;0.2966;25.829526
1283;6627;-0.0002;0.9485;0.4692;0.2899;25.829527
1283;6628;-0.0002;0.9483;0.4694;0.2899;25.829528
1283;6629;-0.0002;0.9490;0.4701;0.2926;25.829529
1283;6630;-0.0002;0.9493;0.4706;0.2980;25.829530
1283;6631;-0.0002;0.9498;0.4712;0.3014;25.829531
1283;6632;-0.0002;0.9501;0.4717;0.3107;25.829532
1283;6633;-0.0002;0.9497;0.4720;0.3160;25.829533
1283;6634;-0.0002;0.9487;0.4718;0.3087;25.829534
1283;6635;-0.0002;0.9488;0.4722;0.2818;25.829535
1283;6636;-0.0002;0.9495;0.4729;0.2456;25.829536
1283;6637;-0.0002;0.9497;0.4734;0.2151;25.829537
1283;6638;-0.0002;0.9498;0.4738;0.1925;25.829538
1283;6639;-0.0002;0.9501;0.4743;0.1779;25.829539
1283;6640;-0.0002;0.9514;0.4753;0.1664;25.829540
1283;6641;-0.0002;0.9532;0.4765;0.1551;25.829541
1283;6642;-0.0002;0.9548;0.4778;0.1442;25.829542
1283;6643;-0.0002;0.9581;0.4797;0.1348;25.829543
1283;6644;-0.0004;1.6060;0.8048;0.0747;25.829544
1283;6645;-0.0004;1.6080;0.8064;0.0723;25.829545
1283;6646;-0.0004;1.6118;0.8090;0.0671;25.829546
1283;6647;-0.0004;1.6147;0.8110;0.0607;25.829547
1283;6648;-0.0004;1.6192;0.8139;0.0540;25.829548
1283;6649;-0.0004;1.6262;0.8181;0.0462;25.829549
1283;6650;-0.0004;1.6357;0.8235;0.0392;25.829550
1283;6651;-0.0004;1.6474;0.8300;0.0356;25.829551
1283;6652;-0.0004;1.6585;0.8362;0.0326;25.829552
1283;6653;-0.0004;1.6736;0.8445;0.0289;25.829553
1283;6654;-0.0004;1.7007;0.8588;0.0270;25.829554
1283;6655;-0.0007;2.3704;1.1980;0.0252;25.829555
1283;6656;-0.0007;2.3792;1.2033;0.0246;25.829556
1283;6657;-0.0007;2.3851;1.2072;0.0241;25.829557
1283;6658;-0.0007;2.4042;1.2178;0.0247;25.829558
1283;6659;-0.0007;2.4262;1.2299;0.0251;25.829559
1283;6660;-0.0007;2.4445;1.2401;0.0257;25.829560
1283;6661;-0.0007;2.4546;1.2462;0.0260;25.829561
1283;6662;-0.0007;2.4591;1.2494;0.0263;25.829562
1283;6663;-0.0007;2.4623;1.2520;0.0285;25.829563
1283;6664;-0.0007;2.4613;1.2525;0.0294;25.829564
1283;6665;-0.0007;2.4561;1.2507;0.0264;25.829565
1283;6666;-0.0007;2.4585;1.2529;0.0241;25.829566
1283;6667;-0.0007;2.4671;1.2581;0.0246;25.829567
1283;6668;-0.0007;2.4728;1.2621;0.0257;25.829568
1283;6669;-0.0007;2.4766;1.2650;0.0264;25.829569
1283;6670;-0.0007;2.4792;1.2673;0.0264;25.829570
1283;6671;-0.0007;2.4795;1.2683;0.0252;25.829571
1283;6672;-0.0007;2.4739;1.2665;0.0230;25.829572
1283;6673;-0.0007;2.4654;1.2630;0.0203;25.829573
1283;6674;-0.0007;2.4575;1.2600;0.0184;25.829574
1283;6675;-0.0007;2.4402;1.2521;0.0167;25.829575
1283;6676;-0.0007;2.4197;1.2424;0.0155;25.829576
1283;6677;-0.0007;2.4132;1.2401;0.0157;25.829577
1283;6678;-0.0007;2.4155;1.2422;0.0153;25.829578
1283;6679;-0.0007;2.4116;1.2411;0.0132;25.829579
1283;6680;-0.0007;2.3955;1.2337;0.0122;25.829580
1283;6681;-0.0007;2.3690;1.2211;0.0123;25.829581
1283;6682;-0.0007;2.3435;1.2087;0.0131;25.829582
1283;6683;-0.0004;1.6894;0.8721;0.0139;25.829583
1283;6684;-0.0004;1.6800;0.8678;0.0132;25.829584
1283;6685;-0.0004;1.6615;0.8589;0.0117;25.829585
1283;6686;-0.0004;1.6425;0.8497;0.0117;25.829586
1283;6687;-0.0004;1.6334;0.8457;0.0135;25.829587
1283;6688;-0.0004;1.6281;0.8436;0.0152;25.829588
1283;6689;-0.0004;1.6227;0.8414;0.0157;25.829589
1283;6690;-0.0004;1.6180;0.8397;0.0153;25.829590
1283;6691;-0.0004;1.6136;0.8380;0.0168;25.829591
1283;6692;-0.0004;1.6077;0.8355;0.0197;25.829592
1283;6693;-0.0004;1.5980;0.8311;0.0221;25.829593
1283;6694;-0.0004;1.5934;0.8294;0.0226;25.829594
1283;6695;-0.0004;1.5974;0.8321;0.0225;25.829595
1283;6696;-0.0004;1.5980;0.8330;0.0242;25.829596
1283;6697;-0.0004;1.5930;0.8310;0.0256;25.829597
1283;6698;-0.0004;1.5873;0.8286;0.0267;25.829598
1283;6699;-0.0004;1.5814;0.8262;0.0276;25.829599
1283;6700;-0.0004;1.5758;0.8239;0.0274;25.829600
1283;6701;-0.0004;1.5742;0.8237;0.0269;25.829601
1283;6702;-0.0004;1.5790;0.8268;0.0270;25.829602
1283;6703;-0.0004;1.5798;0.8279;0.0275;25.829603
1283;6704;-0.0004;1.5754;0.8261;0.0285;25.829604
1283;6705;-0.0004;1.5737;0.8259;0.0294;25.829605
1283;6706;-0.0004;1.5747;0.8270;0.0298;25.829606
1283;6707;-0.0004;1.5759;0.8282;0.0305;25.829607
1283;6708;-0.0004;1.5756;0.8287;0.0308;25.829608
1283;6709;-0.0004;1.5722;0.8275;0.0309;25.829609
1283;6710;-0.0004;1.5684;0.8261;0.0326;25.829610
1283;6711;-0.0004;1.5658;0.8254;0.0351;25.829611
1283;6712;-0.0003;1.5635;0.8248;0.0366;25.829612
1283;6713;-0.0003;1.5594;0.8232;0.0360;25.829613
1283;6714;-0.0003;1.5574;0.8228;0.0352;25.829614
1283;6715;-0.0003;1.5592;0.8243;0.0344;25.829615
1283;6716;-0.0003;1.5601;0.8255;0.0346;25.829616
1283;6717;-0.0003;1.5596;0.8258;0.0358;25.829617
1283;6718;-0.0003;1.5616;0.8275;0.0364;25.829618
1283;6719;-0.0003;1.5618;0.8281;0.0368;25.829619
1283;6720;-0.0001;0.9200;0.4882;0.0668;25.829620
1283;6721;-0.0001;0.9156;0.4862;0.0702;25.829621
1283;6722;-0.0001;0.9170;0.4873;0.0726;25.829622
1283;6723;-0.0001;0.9220;0.4903;0.0726;25.829623
1283;6724;-0.0001;0.9245;0.4920;0.0721;25.829624
1283;6725;-0.0001;0.9223;0.4912;0.0728;25.829625
1283;6726;-0.0001;0.9203;0.4905;0.0738;25.829626
1283;6727;-0.0001;0.9192;0.4903;0.0753;25.829627
1283;6728;-0.0001;0.9164;0.4892;0.0767;25.829628
1283;6729;-0.0001;0.9158;0.4892;0.0777;25.829629
1283;6730;-0.0001;0.9154;0.4893;0.0781;25.829630
1283;6731;-0.0001;0.9132;0.4886;0.0781;25.829631
1283;6732;-0.0001;0.9133;0.4890;0.0798;25.829632
1283;6733;-0.0001;0.9113;0.4883;0.0823;25.829633
1283;6734;-0.0001;0.9085;0.4871;0.0848;25.829634
1283;6735;-0.0001;0.9077;0.4871;0.0849;25.829635
1283;6736;-0.0001;0.9080;0.4876;0.0816;25.829636
1283;6737;-0.0001;0.9082;0.4880;0.0811;25.829637
1283;6738;-0.0001;0.9059;0.4871;0.0834;25.829638
1283;6739;-0.0001;0.9022;0.4855;0.0841;25.829639
1283;6740;-0.0001;0.9019;0.4857;0.0835;25.829640
1283;6741;-0.0001;0.9042;0.4873;0.0837;25.829641
1283;6742;-0.0001;0.9054;0.4884;0.0826;25.829642
1283;6743;-0.0001;0.9043;0.4881;0.0805;25.829643
1283;6744;-0.0001;0.9036;0.4881;0.0800;25.829644
1283;6745;-0.0001;0.9033;0.4883;0.0817;25.829645
1283;6746;-0.0001;0.9033;0.4886;0.0840;25.829646
1283;6747;-0.0001;0.9021;0.4883;0.0851;25.829647
1283;6748;-0.0001;0.9025;0.4889;0.0852;25.829648
1283;6749;-0.0001;0.9028;0.4894;0.0870;25.829649
1283;6750;-0.0001;0.9012;0.4889;0.0894;25.829650
1283;6751;-0.0001;0.9001;0.4887;0.0897;25.829651
1283;6752;-0.0001;0.9018;0.4899;0.0881;25.829652
1283;6753;-0.0001;0.9032;0.4911;0.0872;25.829653
1283;6754;-0.0001;0.9020;0.4908;0.0866;25.829654
1283;6755;-0.0001;0.9021;0.4912;0.0856;25.829655
1283;6756;-0.0001;0.9023;0.4916;0.0852;25.829656
1283;6757;-0.0001;0.9004;0.4910;0.0854;25.829657
1283;6758;-0.0001;0.8951;0.4885;0.0872;25.829658
1283;6759;-0.0001;0.8919;0.4871;0.0907;25.829659
1283;6760;-0.0001;0.8912;0.4870;0.0949;25.829660
1283;6761;-0.0001;0.8906;0.4870;0.0962;25.829661
1283;6762;-0.0001;0.8910;0.4877;0.0964;25.829662
1283;6763;-0.0001;0.8913;0.4882;0.0977;25.829663
1283;6764;-0.0001;0.8924;0.4891;0.0993;25.829664
1283;6765;-0.0001;0.8935;0.4901;0.0999;25.829665
1283;6766;-0.0001;0.8925;0.4898;0.0971;25.829666
1283;6767;-0.0001;0.8906;0.4892;0.0917;25.829667
1283;6768;-0.0001;0.8892;0.4888;0.0865;25.829668
1283;6769;-0.0001;0.8883;0.4886;0.0809;25.829669
1283;6770;-0.0001;0.8880;0.4888;0.0761;25.829670
1283;6771;-0.0001;0.8879;0.4891;0.0740;25.829671
1283;6772;-0.0001;0.8877;0.4894;0.0756;25.829672
1283;6773;-0.0001;0.8876;0.4896;0.0792;25.829673
1283;6774;-0.0001;0.8864;0.4894;0.0821;25.829674
1283;6775;-0.0001;0.8843;0.4885;0.0829;25.829675
1283;6776;-0.0001;0.8806;0.4869;0.0827;25.829676
1283;6777;-0.0001;0.8806;0.4873;0.0840;25.829677
1283;6778;-0.0001;0.8842;0.4895;0.0853;25.829678
1283;6779;-0.0001;0.8854;0.4906;0.0841;25.829679
1283;6780;-0.0001;0.8831;0.4896;0.0814;25.829680
1283;6781;-0.0001;0.8813;0.4890;0.0780;25.829681
1283;6782;-0.0001;0.8819;0.4897;0.0773;25.829682
1283;6783;-0.0001;0.8830;0.4907;0.0769;25.829683
1283;6784;-0.0001;0.8807;0.4897;0.0777;25.829684
1283;6785;-0.0001;0.8807;0.4901;0.0782;25.829685
1283;6786;-0.0001;0.8824;0.4914;0.0797;25.829686
1283;6787;-0.0001;0.8810;0.4910;0.0819;25.829687
1283;6788;-0.0001;0.8790;0.4902;0.0830;25.829688
1283;6789;-0.0001;0.8770;0.4895;0.0837;25.829689
1283;6790;-0.0001;0.8765;0.4896;0.0840;25.829690
1283;6791;-0.0001;0.8768;0.4900;0.0813;25.829691
1283;6792;-0.0001;0.8764;0.4902;0.0787;25.829692
1283;6793;-0.0001;0.8751;0.4898;0.0774;25.829693
1283;6794;-0.0001;0.8730;0.4890;0.0789;25.829694
1283;6795;-0.0001;0.8708;0.4881;0.0829;25.829695
1283;6796;-0.0001;0.8688;0.4874;0.0853;25.829696
1283;6797;-0.0001;0.8687;0.4876;0.0859;25.829697
1283;6798;-0.0001;0.8706;0.4891;0.0846;25.829698
1283;6799;-0.0001;0.8719;0.4901;0.0816;25.829699
1283;6800;-0.0001;0.8705;0.4897;0.0805;25.829700
1283;6801;-0.0001;0.8677;0.4885;0.0807;25.829701
1283;6802;-0.0001;0.8667;0.4883;0.0823;25.829702
1283;6803;-0.0001;0.8676;0.4891;0.0826;25.829703
1283;6804;-0.0001;0.8673;0.4893;0.0811;25.829704
1283;6805;-0.0001;0.8668;0.4894;0.0806;25.829705
1283;6806;-0.0001;0.8655;0.4889;0.0805;25.829706
1283;6807;-0.0001;0.8645;0.4888;0.0806;25.829707
1283;6808;-0.0001;0.8652;0.4895;0.0798;25.829708
1283;6809;-0.0001;0.8667;0.4907;0.0785;25.829709
1283;6810;-0.0001;0.8665;0.4909;0.0779;25.829710
1283;6811;-0.0001;0.8633;0.4895;0.0783;25.829711
1283;6812;-0.0001;0.8618;0.4890;0.0802;25.829712
1283;6813;-0.0001;0.8641;0.4906;0.0811;25.829713
1283;6814;-0.0001;0.8658;0.4919;0.0808;25.829714
1283;6815;-0.0001;0.8653;0.4921;0.0812;25.829715
1283;6816;-0.0001;0.8614;0.4902;0.0821;25.829716
1283;6817;-0.0001;0.8572;0.4881;0.0832;25.829717
1283;6818;-0.0001;0.8543;0.4868;0.0835;25.829718
1283;6819;-0.0001;0.8537;0.4868;0.0820;25.829719
1283;6820;-0.0001;0.8543;0.4875;0.0799;25.829720
1283;6821;-0.0001;0.8568;0.4893;0.0783;25.829721
1283;6822;-0.0001;0.8581;0.4904;0.0767;25.829722
1283;6823;-0.0001;0.8574;0.4903;0.0764;25.829723
1283;6824;-0.0001;0.8526;0.4879;0.0779;25.829724
1283;6825;-0.0001;0.8486;0.4860;0.0780;25.829725
1283;6826;-0.0001;0.8479;0.4859;0.0765;25.829726
1283;6827;-0.0001;0.8503;0.4876;0.0749;25.829727
1283;6828;-0.0001;0.8508;0.4883;0.0744;25.829728
1283;6829;-0.0001;0.8488;0.4875;0.0775;25.829729
1283;6830;-0.0001;0.8478;0.4873;0.0806;25.829730
1283;6831;-0.0001;0.8471;0.4872;0.0819;25.829731
1283;6832;-0.0001;0.8460;0.4869;0.0839;25.829732
1283;6833;-0.0001;0.8455;0.4870;0.0867;25.829733
1283;6834;-0.0001;0.8476;0.4885;0.0863;25.829734
1283;6835;-0.0001;0.8497;0.4901;0.0823;25.829735
1283;6836;-0.0001;0.8504;0.4908;0.0806;25.829736
1283;6837;-0.0001;0.8478;0.4897;0.0816;25.829737
1283;6838;-0.0001;0.8463;0.4892;0.0805;25.829738
1283;6839;-0.0001;0.8465;0.4896;0.0779;25.829739
1283;6840;-0.0001;0.8452;0.4892;0.0777;25.829740
1283;6841;-0.0001;0.8454;0.4896;0.0786;25.829741
1283;6842;-0.0001;0.8475;0.4912;0.0782;25.829742
1283;6843;-0.0001;0.8459;0.4906;0.0777;25.829743
1283;6844;-0.0001;0.8441;0.4900;0.0782;25.829744
1283;6845;-0.0001;0.8444;0.4905;0.0797;25.829745
1283;6846;-0.0001;0.8430;0.4900;0.0797;25.829746
1283;6847;0.0000;0.8407;0.4890;0.0791;25.829747
1283;6848;0.0000;0.8408;0.4894;0.0785;25.829748
1283;6849;-0.0001;0.8418;0.4903;0.0791;25.829749
1283;6850;0.0000;0.8412;0.4903;0.0789;25.829750
1283;6851;0.0000;0.8399;0.4899;0.0777;25.829751
1283;6852;0.0000;0.8415;0.4912;0.0760;25.829752
1283;6853;0.0000;0.8434;0.4927;0.0744;25.829753
1283;6854;0.0000;0.8414;0.4919;0.0748;25.829754
1283;6855;0.0000;0.8383;0.4904;0.0772;25.829755
1283;6856;0.0000;0.8358;0.4893;0.0798;25.829756
1283;6857;0.0000;0.8337;0.4884;0.0799;25.829757
1283;6858;0.0000;0.8348;0.4893;0.0790;25.829758
1283;6859;0.0000;0.8390;0.4922;0.0762;25.829759
1283;6860;0.0000;0.8381;0.4920;0.0756;25.829760
1283;6861;0.0000;0.8361;0.4912;0.0781;25.829761
1283;6862;0.0000;0.8375;0.4923;0.0784;25.829762
1283;6863;0.0000;0.8370;0.4924;0.0782;25.829763
1283;6864;0.0000;0.8333;0.4905;0.0785;25.829764
1283;6865;0.0000;0.8304;0.4892;0.0790;25.829765
1283;6866;0.0000;0.8299;0.4892;0.0801;25.829766
1283;6867;0.0000;0.8301;0.4897;0.0806;25.829767
1283;6868;0.0000;0.8303;0.4902;0.0804;25.829768
1283;6869;0.0000;0.8314;0.4912;0.0786;25.829769
1283;6870;0.0000;0.8334;0.4927;0.0769;25.829770
1283;6871;0.0000;0.8329;0.4927;0.0744;25.829771
1283;6872;0.0000;0.8309;0.4919;0.0727;25.829772
1283;6873;0.0000;0.8286;0.4909;0.0733;25.829773
1283;6874;0.0000;0.8270;0.4903;0.0756;25.829774
1283;6875;0.0000;0.8257;0.4898;0.0781;25.829775
1283;6876;0.0000;0.8265;0.4907;0.0790;25.829776
1283;6877;0.0000;0.8280;0.4919;0.0767;25.829777
1283;6878;0.0000;0.8266;0.4914;0.0751;25.829778
1283;6879;0.0000;0.8241;0.4902;0.0774;25.829779
1283;6880;0.0000;0.8219;0.4892;0.0788;25.829780
1283;6881;0.0000;0.8211;0.4892;0.0782;25.829781
1283;6882;0.0000;0.8204;0.4890;0.0775;25.829782
1283;6883;0.0000;0.8184;0.4882;0.0782;25.829783
1283;6884;0.0000;0.8175;0.4880;0.0793;25.829784
1283;6885;0.0000;0.8193;0.4895;0.0804;25.829785
1283;6886;0.0000;0.8211;0.4908;0.0803;25.829786
1283;6887;0.0000;0.8192;0.4901;0.0792;25.829787
1283;6888;0.0000;0.8157;0.4883;0.0791;25.829788
1283;6889;0.0000;0.8122;0.4865;0.0793;25.829789
1283;6890;0.0000;0.8096;0.4853;0.0800;25.829790
1283;6891;0.0000;0.8095;0.4856;0.0810;25.829791
1283;6892;0.0000;0.8111;0.4869;0.0808;25.829792
1283;6893;0.0000;0.8126;0.4881;0.0787;25.829793
1283;6894;0.0000;0.8128;0.4886;0.0757;25.829794
1283;6895;0.0000;0.8113;0.4880;0.0738;25.829795
1283;6896;0.0000;0.8087;0.4868;0.0720;25.829796
1283;6897;0.0000;0.8086;0.4871;0.0719;25.829797
1283;6898;0.0000;0.8116;0.4892;0.0760;25.829798
1283;6899;0.0000;0.8134;0.4907;0.0781;25.829799
1283;6900;0.0000;0.8131;0.4908;0.0787;25.829800
1283;6901;0.0000;0.8112;0.4900;0.0800;25.829801
1283;6902;0.0000;0.8080;0.4884;0.0794;25.829802
1283;6903;0.0000;0.8049;0.4869;0.0786;25.829803
1283;6904;0.0000;0.8053;0.4875;0.0793;25.829804
1283;6905;0.0000;0.8074;0.4891;0.0804;25.829805
1283;6906;0.0000;0.8082;0.4899;0.0792;25.829806
1283;6907;0.0000;0.8086;0.4905;0.0768;25.829807
1283;6908;0.0000;0.8089;0.4910;0.0765;25.829808
1283;6909;0.0000;0.8093;0.4916;0.0774;25.829809
1283;6910;0.0000;0.8068;0.4904;0.0779;25.829810
1283;6911;0.0000;0.8019;0.4878;0.0792;25.829811
1283;6912;0.0000;0.8020;0.4881;0.0793;25.829812
1283;6913;0.0000;0.8058;0.4909;0.0774;25.829813
1283;6914;0.0000;0.8054;0.4909;0.0770;25.829814
1283;6915;0.0000;0.8029;0.4897;0.0767;25.829815
1283;6916;0.0000;0.7998;0.4882;0.0768;25.829816
1283;6917;0.0000;0.8002;0.4888;0.0775;25.829817
1283;6918;0.0000;0.8017;0.4900;0.0773;25.829818
1283;6919;0.0000;0.8005;0.4896;0.0767;25.829819
1283;6920;0.0000;0.7974;0.4880;0.0787;25.829820
1283;6921;0.0000;0.7949;0.4868;0.0804;25.829821
1283;6922;0.0000;0.7943;0.4869;0.0807;25.829822
1283;6923;0.0000;0.7948;0.4875;0.0805;25.829823
1283;6924;0.0000;0.7943;0.4875;0.0804;25.829824
1283;6925;0.0000;0.7924;0.4866;0.0826;25.829825
1283;6926;0.0000;0.7894;0.4852;0.0836;25.829826
1283;6927;0.0000;0.7892;0.4854;0.0819;25.829827
1283;6928;0.0000;0.7916;0.4872;0.0820;25.829828
1283;6929;0.0000;0.7940;0.4890;0.0816;25.829829
1283;6930;0.0000;0.7943;0.4895;0.0819;25.829830
1283;6931;0.0000;0.7926;0.4888;0.0818;25.829831
1283;6932;0.0000;0.7928;0.4893;0.0815;25.829832
1283;6933;0.0000;0.7919;0.4891;0.0809;25.829833
1283;6934;0.0000;0.7894;0.4878;0.0831;25.829834
1283;6935;0.0000;0.7873;0.4869;0.0849;25.829835
1283;6936;0.0000;0.7859;0.4864;0.0844;25.829836
1283;6937;0.0000;0.7852;0.4862;0.0830;25.829837
1283;6938;0.0000;0.7834;0.4855;0.0823;25.829838
1283;6939;0.0000;0.7816;0.4847;0.0834;25.829839
1283;6940;0.0000;0.7816;0.4850;0.0848;25.829840
1283;6941;0.0000;0.7826;0.4860;0.0860;25.829841
1283;6942;0.0000;0.7835;0.4869;0.0865;25.829842
1283;6943;0.0000;0.7828;0.4867;0.0854;25.829843
1283;6944;0.0000;0.7829;0.4872;0.0868;25.829844
1283;6945;0.0000;0.7838;0.4881;0.0862;25.829845
1283;6946;0.0000;0.7819;0.4872;0.0823;25.829846
1283;6947;0.0000;0.7806;0.4867;0.0823;25.829847
1283;6948;0.0000;0.7795;0.4864;0.0837;25.829848
1283;6949;0.0000;0.7781;0.4858;0.0853;25.829849
1283;6950;0.0000;0.7779;0.4860;0.0873;25.829850
1283;6951;0.0000;0.7778;0.4862;0.0864;25.829851
1283;6952;0.0000;0.7780;0.4868;0.0863;25.829852
1283;6953;0.0000;0.7794;0.4880;0.0879;25.829853
1283;6954;0.0000;0.7809;0.4892;0.0876;25.829854
1283;6955;0.0000;0.7807;0.4895;0.0869;25.829855
1283;6956;0.0000;0.7790;0.4887;0.0876;25.829856
1283;6957;0.0000;0.7781;0.4885;0.0898;25.829857
1283;6958;0.0000;0.7787;0.4892;0.0932;25.829858
1283;6959;0.0000;0.7786;0.4895;0.0940;25.829859
1283;6960;0.0000;0.7759;0.4881;0.0911;25.829860
1283;6961;0.0000;0.7726;0.4864;0.0900;25.829861
1283;6962;0.0000;0.7700;0.4850;0.0918;25.829862
1283;6963;0.0000;0.7685;0.4844;0.0942;25.829863
1283;6964;0.0000;0.7664;0.4835;0.0944;25.829864
1283;6965;0.0000;0.7643;0.4824;0.0916;25.829865
1283;6966;0.0000;0.7664;0.4841;0.0904;25.829866
1283;6967;0.0000;0.7685;0.4858;0.0919;25.829867
1283;6968;0.0000;0.7673;0.4853;0.0918;25.829868
1283;6969;0.0000;0.7664;0.4851;0.0905;25.829869
1283;6970;0.0000;0.7658;0.4850;0.0901;25.829870
1283;6971;0.0000;0.7670;0.4861;0.0902;25.829871
1283;6972;0.0000;0.7678;0.4869;0.0904;25.829872
1283;6973;0.0000;0.7663;0.4863;0.0902;25.829873
1283;6974;0.0000;0.7661;0.4865;0.0912;25.829874
1283;6975;0.0000;0.7664;0.4870;0.0919;25.829875
1283;6976;0.0000;0.7649;0.4864;0.0922;25.829876
1283;6977;0.0000;0.7635;0.4858;0.0920;25.829877
1283;6978;0.0000;0.7640;0.4865;0.0926;25.829878
1283;6979;0.0000;0.7628;0.4861;0.0942;25.829879
1283;6980;0.0000;0.7631;0.4866;0.0961;25.829880
1283;6981;0.0000;0.7641;0.4875;0.0945;25.829881
1283;6982;0.0000;0.7626;0.4869;0.0905;25.829882
1283;6983;0.0000;0.7593;0.4852;0.0888;25.829883
1283;6984;0.0000;0.7559;0.4833;0.0911;25.829884
1283;6985;0.0000;0.7549;0.4830;0.0919;25.829885
1283;6986;0.0000;0.7553;0.4836;0.0922;25.829886
1283;6987;0.0000;0.7558;0.4842;0.0928;25.829887
1283;6988;0.0000;0.7576;0.4857;0.0922;25.829888
1283;6989;0.0000;0.7592;0.4871;0.0919;25.829889
1283;6990;0.0000;0.7565;0.4856;0.0949;25.829890
1283;6991;0.0000;0.7529;0.4837;0.0973;25.829891
1283;6992;0.0000;0.7529;0.4840;0.0989;25.829892
1283;6993;0.0000;0.7537;0.4848;0.0994;25.829893
1283;6994;0.0000;0.7523;0.4843;0.0982;25.829894
1283;6995;0.0000;0.7505;0.4834;0.0972;25.829895
1283;6996;0.0000;0.7494;0.4831;0.0995;25.829896
1283;6997;0.0000;0.7504;0.4840;0.1006;25.829897
1283;6998;0.0000;0.7505;0.4844;0.0997;25.829898
1283;6999;0.0000;0.7467;0.4822;0.1019;25.829899
1283;7000;0.0000;0.7447;0.4813;0.1042;25.829900
1283;7001;0.0000;0.7455;0.4822;0.1022;25.829901
1283;7002;0.0000;0.7475;0.4838;0.0979;25.829902
1283;7003;0.0000;0.7495;0.4854;0.0962;25.829903
1283;7004;0.0000;0.7484;0.4850;0.0961;25.829904
1283;7005;0.0000;0.7458;0.4836;0.0978;25.829905
1283;7006;0.0000;0.7458;0.4840;0.1003;25.829906
1283;7007;0.0000;0.7470;0.4851;0.1029;25.829907
1283;7008;0.0000;0.7467;0.4852;0.1062;25.829908
1283;7009;0.0000;0.7439;0.4838;0.1094;25.829909
1283;7010;0.0000;0.7417;0.4826;0.1106;25.829910
1283;7011;0.0000;0.7406;0.4822;0.1100;25.829911
1283;7012;0.0000;0.7392;0.4816;0.1100;25.829912
1283;7013;0.0000;0.7383;0.4814;0.1085;25.829913
1283;7014;0.0000;0.7365;0.4805;0.1088;25.829914
1283;7015;0.0000;0.7339;0.4791;0.1139;25.829915
1283;7016;0.0000;0.7281;0.4757;0.1251;25.829916
1283;7017;0.0000;0.7190;0.4700;0.1443;25.829917
1283;7018;0.0000;0.7075;0.4628;0.1808;25.829918
1283;7019;0.0000;0.6967;0.4560;0.2446;25.829919
1283;7020;0.0000;0.6897;0.4518;0.3475;25.829920
1283;7021;0.0000;0.6860;0.4497;0.4935;25.829921
1283;7022;0.0000;0.6841;0.4487;0.6820;25.829922
1283;7023;0.0000;0.6828;0.4482;0.8850;25.829923
1283;7024;0.0000;0.6815;0.4476;1.0949;25.829924
1283;7025;0.0000;0.6807;0.4474;1.2895;25.829925
1283;7026;0.0000;0.6806;0.4476;1.4519;25.829926
1283;7027;0.0000;0.6803;0.4477;1.5806;25.829927
1283;7028;0.0000;0.6801;0.4479;1.6787;25.829928
1283;7029;0.0000;0.6799;0.4481;1.7565;25.829929
1283;7030;0.0000;0.6798;0.4483;1.8022;25.829930
1283;7031;0.0000;0.6799;0.4486;1.8141;25.829931
1283;7032;0.0000;0.6793;0.4486;1.8225;25.829932
1283;7033;0.0000;0.6792;0.4488;1.8225;25.829933
1283;7034;0.0000;0.6790;0.4490;1.8107;25.829934
1283;7035;0.0000;0.6789;0.4492;1.8056;25.829935
1283;7036;0.0000;0.6789;0.4495;1.8056;25.829936
1283;7037;0.0000;0.6789;0.4498;1.8141;25.829937
1283;7038;0.0000;0.6787;0.4500;1.8344;25.829938
1283;7039;0.0000;0.6783;0.4500;1.8547;25.829939
1283;7040;0.0000;0.6782;0.4502;1.8344;25.829940
1283;7041;0.0000;0.6782;0.4506;1.7599;25.829941
1283;7042;0.0000;0.6779;0.4507;1.6499;25.829942
1283;7043;0.0000;0.6780;0.4510;1.4942;25.829943
1283;7044;0.0000;0.6781;0.4514;1.3013;25.829944
1283;7045;0.0000;0.6784;0.4518;1.1000;25.829945
1283;7046;0.0000;0.6789;0.4526;0.9223;25.829946
1283;7047;0.0000;0.6795;0.4532;0.7852;25.829947
1283;7048;0.0000;0.6804;0.4541;0.6887;25.829948
1283;7049;0.0000;0.6813;0.4550;0.6329;25.829949
1283;7050;0.0000;0.6814;0.4554;0.6075;25.829950
1283;7051;0.0000;0.6812;0.4555;0.5974;25.829951
1283;7052;0.0001;0.6809;0.4556;0.5974;25.829952
1283;7053;0.0001;0.6810;0.4560;0.6024;25.829953
1283;7054;0.0001;0.6810;0.4563;0.6041;25.829954
1283;7055;0.0001;0.6807;0.4564;0.6126;25.829955
1283;7056;0.0001;0.6811;0.4570;0.6144;25.829956
1283;7057;0.0001;0.6809;0.4572;0.6245;25.829957
1283;7058;0.0001;0.6812;0.4577;0.6362;25.829958
1283;7059;0.0001;0.6816;0.4583;0.6463;25.829959
1283;7060;0.0001;0.6817;0.4586;0.6497;25.829960
1283;7061;0.0001;0.6815;0.4588;0.6497;25.829961
1283;7062;0.0001;0.6812;0.4589;0.6547;25.829962
1283;7063;0.0001;0.6814;0.4593;0.6581;25.829963
1283;7064;0.0001;0.6817;0.4598;0.6581;25.829964
1283;7065;0.0001;0.6815;0.4600;0.6614;25.829965
1283;7066;0.0001;0.6820;0.4606;0.6681;25.829966
1283;7067;0.0001;0.6821;0.4610;0.6816;25.829967
1283;7068;0.0001;0.6814;0.4608;0.6983;25.829968
1283;7069;0.0001;0.6810;0.4609;0.7101;25.829969
1283;7070;0.0001;0.6803;0.4607;0.7202;25.829970
1283;7071;0.0001;0.6795;0.4605;0.7252;25.829971
1283;7072;0.0001;0.6789;0.4604;0.7252;25.829972
1283;7073;0.0001;0.6795;0.4611;0.7235;25.829973
1283;7074;0.0001;0.6803;0.4619;0.7168;25.829974
1283;7075;0.0001;0.6800;0.4620;0.7118;25.829975
1283;7076;0.0001;0.6800;0.4623;0.7017;25.829976
1283;7077;0.0001;0.6800;0.4626;0.6866;25.829977
1283;7078;0.0001;0.6799;0.4629;0.6748;25.829978
1283;7079;0.0001;0.6800;0.4632;0.6698;25.829979
1283;7080;0.0001;0.6798;0.4634;0.6715;25.829980
1283;7081;0.0001;0.6798;0.4638;0.6748;25.829981
1283;7082;0.0001;0.6795;0.4639;0.6782;25.829982
1283;7083;0.0001;0.6797;0.4643;0.6748;25.829983
1283;7084;0.0001;0.6800;0.4648;0.6698;25.829984
1283;7085;0.0001;0.6798;0.4650;0.6698;25.829985
1283;7086;0.0001;0.6799;0.4653;0.6698;25.829986
1283;7087;0.0001;0.6801;0.4658;0.6681;25.829987
1283;7088;0.0001;0.6802;0.4661;0.6614;25.829988
1283;7089;0.0001;0.6801;0.4664;0.6547;25.829989
1283;7090;0.0001;0.6800;0.4666;0.6513;25.829990
1283;7091;0.0001;0.6797;0.4667;0.6429;25.829991
1283;7092;0.0001;0.6794;0.4668;0.6312;25.829992
1283;7093;0.0001;0.6795;0.4672;0.6278;25.829993
1283;7094;0.0001;0.6801;0.4680;0.6278;25.829994
1283;7095;0.0001;0.6800;0.4681;0.6295;25.829995
1283;7096;0.0001;0.6794;0.4681;0.6295;25.829996
1283;7097;0.0001;0.6790;0.4680;0.6228;25.829997
1283;7098;0.0001;0.6790;0.4684;0.6127;25.829998
1283;7099;0.0001;0.6793;0.4688;0.6027;25.829999
1283;7100;0.0001;0.6790;0.4690;0.5943;25.830000
1283;7101;0.0001;0.6786;0.4690;0.5892;25.830001
1283;7102;0.0001;0.6784;0.4692;0.5825;25.830002
1283;7103;0.0001;0.6786;0.4696;0.5808;25.830003
1283;7104;0.0001;0.6788;0.4701;0.5792;25.830004
1283;7105;0.0001;0.6783;0.4700;0.5808;25.830005
1283;7106;0.0001;0.6777;0.4699;0.5875;25.830006
1283;7107;0.0001;0.6769;0.4697;0.6043;25.830007
1283;7108;0.0001;0.6752;0.4688;0.6379;25.830008
1283;7109;0.0001;0.6735;0.4680;0.6832;25.830009
1283;7110;0.0001;0.6721;0.4673;0.7429;25.830010
1283;7111;0.0001;0.6708;0.4667;0.8140;25.830011
1283;7112;0.0001;0.6695;0.4661;0.8901;25.830012
1283;7113;0.0001;0.6679;0.4653;0.9612;25.830013
1283;7114;0.0001;0.6670;0.4649;1.0187;25.830014
1283;7115;0.0001;0.6668;0.4651;1.0627;25.830015
1283;7116;0.0001;0.6667;0.4654;1.0847;25.830016
1283;7117;0.0001;0.6675;0.4662;1.1033;25.830017
1283;7118;0.0001;0.6688;0.4674;1.1423;25.830018
1283;7119;0.0001;0.6703;0.4688;1.2032;25.830019
1283;7120;0.0001;0.6715;0.4700;1.2404;25.830020
1283;7121;0.0001;0.6725;0.4709;1.2154;25.830021
1283;7122;0.0001;0.6731;0.4717;1.1734;25.830022
1283;7123;0.0001;0.6736;0.4724;1.1583;25.830023
1283;7124;0.0001;0.6741;0.4730;1.1835;25.830024
1283;7125;0.0001;0.6746;0.4736;1.2372;25.830025
1283;7126;0.0001;0.6747;0.4740;1.3161;25.830026
1283;7127;0.0001;0.6750;0.4746;1.4319;25.830027
1283;7128;0.0001;0.6755;0.4752;1.6032;25.830028
1283;7129;0.0001;0.6755;0.4755;1.8382;25.830029
1283;7130;0.0001;0.6747;0.4753;2.1336;25.830030
1283;7131;0.0001;0.6744;0.4754;2.4727;25.830031
1283;7132;0.0001;0.6747;0.4759;2.8068;25.830032
1283;7133;0.0001;0.6748;0.4763;3.1056;25.830033
1283;7134;0.0001;0.6746;0.4764;3.3272;25.830034
1283;7135;0.0001;0.6744;0.4766;3.4296;25.830035
1283;7136;0.0001;0.6740;0.4767;3.4481;25.830036
1283;7137;0.0001;0.6740;0.4769;3.4061;25.830037
1283;7138;0.0001;0.6738;0.4771;3.2701;25.830038
1283;7139;0.0001;0.6735;0.4772;3.0401;25.830039
1283;7140;0.0001;0.6734;0.4774;2.7329;25.830040
1283;7141;0.0001;0.6727;0.4773;2.4190;25.830041
1283;7142;0.0001;0.6722;0.4772;2.1387;25.830042
1283;7143;0.0001;0.6717;0.4772;1.8751;25.830043
1283;7144;0.0001;0.6708;0.4769;1.6384;25.830044
1283;7145;0.0001;0.6692;0.4760;1.4487;25.830045
1283;7146;0.0001;0.6674;0.4750;1.3183;25.830046
1283;7147;0.0001;0.6657;0.4741;1.2235;25.830047
1283;7148;0.0001;0.6640;0.4733;1.1795;25.830048
1283;7149;0.0001;0.6624;0.4724;1.1761;25.830049
1283;7150;0.0001;0.6615;0.4721;1.1880;25.830050
1283;7151;0.0001;0.6615;0.4724;1.2032;25.830051
1283;7152;0.0001;0.6618;0.4729;1.2150;25.830052
1283;7153;0.0001;0.6626;0.4738;1.2083;25.830053
1283;7154;0.0001;0.6635;0.4747;1.1880;25.830054
1283;7155;0.0001;0.6643;0.4756;1.1575;25.830055
1283;7156;0.0001;0.6645;0.4761;1.1203;25.830056
1283;7157;0.0001;0.6649;0.4766;1.0796;25.830057
1283;7158;0.0001;0.6653;0.4772;1.0306;25.830058
1283;7159;0.0001;0.6655;0.4777;0.9747;25.830059
1283;7160;0.0001;0.6660;0.4783;0.9138;25.830060
1283;7161;0.0001;0.6662;0.4789;0.8394;25.830061
1283;7162;0.0001;0.6662;0.4792;0.7772;25.830062
1283;7163;0.0001;0.6664;0.4796;0.7202;25.830063
1283;7164;0.0001;0.6664;0.4799;0.6715;25.830064
1283;7165;0.0001;0.6668;0.4805;0.6379;25.830065
1283;7166;0.0001;0.6675;0.4813;0.6178;25.830066
1283;7167;0.0001;0.6681;0.4821;0.6111;25.830067
1283;7168;0.0001;0.6685;0.4827;0.6043;25.830068
1283;7169;0.0001;0.6682;0.4828;0.5993;25.830069
1283;7170;0.0001;0.6680;0.4830;0.6027;25.830070
1283;7171;0.0001;0.6676;0.4829;0.6077;25.830071
1283;7172;0.0001;0.6672;0.4830;0.6127;25.830072
1283;7173;0.0001;0.6667;0.4829;0.6111;25.830073
1283;7174;0.0001;0.6660;0.4827;0.6144;25.830074
1283;7175;0.0001;0.6655;0.4826;0.6194;25.830075
1283;7176;0.0001;0.6647;0.4824;0.6194;25.830076
1283;7177;0.0001;0.6642;0.4823;0.6161;25.830077
1283;7178;0.0001;0.6639;0.4824;0.6127;25.830078
1283;7179;0.0001;0.6641;0.4829;0.6111;25.830079
1283;7180;0.0001;0.6639;0.4831;0.6111;25.830080
1283;7181;0.0001;0.6638;0.4833;0.6060;25.830081
1283;7182;0.0001;0.6636;0.4835;0.6077;25.830082
1283;7183;0.0001;0.6640;0.4841;0.6060;25.830083
1283;7184;0.0001;0.6636;0.4841;0.5976;25.830084
1283;7185;0.0001;0.6628;0.4839;0.5892;25.830085
1283;7186;0.0001;0.6618;0.4834;0.5872;25.830086
1283;7187;0.0001;0.6614;0.4835;0.5855;25.830087
1283;7188;0.0001;0.6620;0.4841;0.5792;25.830088
1283;7189;0.0001;0.6618;0.4844;0.5792;25.830089
1283;7190;0.0001;0.6612;0.4842;0.5804;25.830090
1283;7191;0.0001;0.6607;0.4841;0.5754;25.830091
1283;7192;0.0001;0.6603;0.4841;0.5754;25.830092
1283;7193;0.0001;0.6605;0.4847;0.5771;25.830093
1283;7194;0.0001;0.6605;0.4850;0.5821;25.830094
1283;7195;0.0001;0.6595;0.4845;0.5957;25.830095
1283;7196;0.0001;0.6595;0.4848;0.6177;25.830096
1283;7197;0.0001;0.6585;0.4844;0.6481;25.830097
1283;7198;0.0001;0.6575;0.4840;0.6786;25.830098
1283;7199;0.0001;0.6571;0.4840;0.6972;25.830099
1283;7200;0.0001;0.6574;0.4845;0.7090;25.830100
1283;7201;0.0001;0.6584;0.4855;0.7090;25.830101
1283;7202;0.0001;0.6588;0.4862;0.6989;25.830102
1283;7203;0.0001;0.6585;0.4863;0.6752;25.830103
1283;7204;0.0001;0.6574;0.4858;0.6447;25.830104
1283;7205;0.0001;0.6565;0.4854;0.6126;25.830105
1283;7206;0.0001;0.6567;0.4859;0.5838;25.830106
1283;7207;0.0001;0.6569;0.4864;0.5635;25.830107
1283;7208;0.0001;0.6572;0.4868;0.5449;25.830108
1283;7209;0.0001;0.6574;0.4874;0.5263;25.830109
1283;7210;0.0001;0.6569;0.4873;0.5144;25.830110
1283;7211;0.0001;0.6567;0.4875;0.5043;25.830111
1283;7212;0.0001;0.6562;0.4874;0.4941;25.830112
1283;7213;0.0001;0.6560;0.4876;0.4823;25.830113
1283;7214;0.0001;0.6555;0.4875;0.4688;25.830114
1283;7215;0.0001;0.6555;0.4879;0.4654;25.830115
1283;7216;0.0001;0.6551;0.4878;0.4806;25.830116
1283;7217;0.0001;0.6534;0.4869;0.5195;25.830117
1283;7218;0.0001;0.6510;0.4854;0.5855;25.830118
1283;7219;0.0001;0.6494;0.4845;0.6870;25.830119
1283;7220;0.0001;0.6481;0.4839;0.8484;25.830120
1283;7221;0.0001;0.6476;0.4838;1.0482;25.830121
1283;7222;0.0001;0.6470;0.4836;1.2718;25.830122
1283;7223;0.0001;0.6459;0.4832;1.5039;25.830123
1283;7224;0.0001;0.6451;0.4828;1.7173;25.830124
1283;7225;0.0001;0.6449;0.4830;1.8966;25.830125
1283;7226;0.0001;0.6452;0.4835;2.0144;25.830126
1283;7227;0.0001;0.6449;0.4836;2.0844;25.830127
1283;7228;0.0001;0.6444;0.4836;2.1287;25.830128
1283;7229;0.0001;0.6444;0.4839;2.1492;25.830129
1283;7230;0.0001;0.6439;0.4838;2.1595;25.830130
1283;7231;0.0001;0.6437;0.4840;2.1799;25.830131
1283;7232;0.0001;0.6436;0.4842;2.2175;25.830132
1283;7233;0.0001;0.6433;0.4842;2.2619;25.830133
1283;7234;0.0001;0.6433;0.4846;2.2892;25.830134
1283;7235;0.0001;0.6431;0.4848;2.3063;25.830135
1283;7236;0.0001;0.6432;0.4851;2.3012;25.830136
1283;7237;0.0001;0.6429;0.4852;2.2738;25.830137
1283;7238;0.0001;0.6424;0.4851;2.2209;25.830138
1283;7239;0.0001;0.6424;0.4854;2.1236;25.830139
1283;7240;0.0001;0.6424;0.4857;1.9888;25.830140
1283;7241;0.0001;0.6421;0.4859;1.8078;25.830141
1283;7242;0.0001;0.6416;0.4858;1.5808;25.830142
1283;7243;0.0001;0.6413;0.4859;1.3349;25.830143
1283;7244;0.0001;0.6418;0.4865;1.0942;25.830144
1283;7245;0.0001;0.6418;0.4868;0.8791;25.830145
1283;7246;0.0001;0.6416;0.4871;0.7084;25.830146
1283;7247;0.0001;0.6416;0.4873;0.5787;25.830147
1283;7248;0.0001;0.6417;0.4877;0.4865;25.830148
1283;7249;0.0001;0.6420;0.4882;0.4217;25.830149
1283;7250;0.0001;0.6417;0.4884;0.3773;25.830150
1283;7251;0.0001;0.6420;0.4889;0.3465;25.830151
1283;7252;0.0001;0.6421;0.4893;0.3312;25.830152
1283;7253;0.0001;0.6416;0.4891;0.3261;25.830153
1283;7254;0.0001;0.6414;0.4894;0.3090;25.830154
1283;7255;0.0001;0.6409;0.4892;0.2885;25.830155
1283;7256;0.0001;0.6413;0.4899;0.2748;25.830156
1283;7257;0.0001;0.6418;0.4906;0.2663;25.830157
1283;7258;0.0001;0.6415;0.4907;0.2595;25.830158
1283;7259;0.0001;0.6417;0.4912;0.2544;25.830159
1283;7260;0.0001;0.6414;0.4912;0.2441;25.830160
1283;7261;0.0001;0.6401;0.4906;0.2339;25.830161
1283;7262;0.0001;0.6402;0.4909;0.2270;25.830162
1283;7263;0.0001;0.6411;0.4920;0.2219;25.830163
1283;7264;0.0001;0.6413;0.4924;0.2139;25.830164
1283;7265;0.0001;0.6412;0.4926;0.2068;25.830165
1283;7266;0.0001;0.6410;0.4928;0.2000;25.830166
1283;7267;0.0001;0.6402;0.4924;0.1925;25.830167
1283;7268;0.0001;0.6386;0.4915;0.1882;25.830168
1283;7269;0.0001;0.6393;0.4924;0.1865;25.830169
1283;7270;0.0001;0.6391;0.4926;0.1852;25.830170
1283;7271;0.0001;0.6380;0.4920;0.1820;25.830171
1283;7272;0.0001;0.6372;0.4918;0.1782;25.830172
1283;7273;0.0001;0.6367;0.4917;0.1737;25.830173
1283;7274;0.0001;0.6360;0.4914;0.1683;25.830174
1283;7275;0.0001;0.6342;0.4903;0.1647;25.830175
1283;7276;0.0001;0.6339;0.4904;0.1632;25.830176
1283;7277;0.0001;0.6343;0.4910;0.1633;25.830177
1283;7278;0.0001;0.6345;0.4915;0.1624;25.830178
1283;7279;0.0001;0.6349;0.4921;0.1582;25.830179
1283;7280;0.0001;0.6351;0.4926;0.1524;25.830180
1283;7281;0.0001;0.6344;0.4924;0.1494;25.830181
1283;7282;0.0001;0.6346;0.4928;0.1473;25.830182
1283;7283;0.0001;0.6341;0.4928;0.1463;25.830183
1283;7284;0.0001;0.6332;0.4924;0.1437;25.830184
1283;7285;0.0001;0.6334;0.4928;0.1405;25.830185
1283;7286;0.0001;0.6318;0.4919;0.1390;25.830186
1283;7287;0.0001;0.6298;0.4907;0.1397;25.830187
1283;7288;0.0001;0.6298;0.4910;0.1397;25.830188
1283;7289;0.0001;0.6306;0.4919;0.1381;25.830189
1283;7290;0.0001;0.6299;0.4917;0.1367;25.830190
1283;7291;0.0001;0.6303;0.4923;0.1367;25.830191
1283;7292;0.0001;0.6318;0.4938;0.1347;25.830192
1283;7293;0.0001;0.6313;0.4937;0.1336;25.830193
1283;7294;0.0001;0.6283;0.4917;0.1313;25.830194
1283;7295;0.0001;0.6267;0.4907;0.1247;25.830195
1283;7296;0.0001;0.6261;0.4906;0.1215;25.830196
1283;7297;0.0001;0.6265;0.4912;0.1228;25.830197
1283;7298;0.0001;0.6273;0.4922;0.1223;25.830198
1283;7299;0.0001;0.6281;0.4931;0.1224;25.830199
1283;7300;0.0001;0.6272;0.4927;0.1227;25.830200
1283;7301;0.0001;0.6238;0.4903;0.1223;25.830201
1283;7302;0.0001;0.6224;0.4895;0.1222;25.830202
1283;7303;0.0001;0.6230;0.4903;0.1216;25.830203
1283;7304;0.0001;0.6221;0.4899;0.1216;25.830204
1283;7305;0.0001;0.6201;0.4886;0.1227;25.830205
1283;7306;0.0001;0.6188;0.4879;0.1222;25.830206
1283;7307;0.0001;0.6185;0.4880;0.1230;25.830207
1283;7308;0.0001;0.6188;0.4885;0.1212;25.830208
1283;7309;0.0001;0.6188;0.4888;0.1214;25.830209
1283;7310;0.0001;0.6178;0.4883;0.1201;25.830210
1283;7311;0.0001;0.6163;0.4875;0.1163;25.830211
1283;7312;0.0001;0.6172;0.4885;0.1157;25.830212
1283;7313;0.0001;0.6189;0.4902;0.1176;25.830213
1283;7314;0.0001;0.6193;0.4908;0.1175;25.830214
1283;7315;0.0001;0.6197;0.4915;0.1164;25.830215
1283;7316;0.0001;0.6205;0.4923;0.1144;25.830216
1283;7317;0.0001;0.6203;0.4925;0.1137;25.830217
1283;7318;0.0001;0.6180;0.4910;0.1162;25.830218
1283;7319;0.0001;0.6169;0.4904;0.1189;25.830219
1283;7320;0.0001;0.6181;0.4917;0.1194;25.830220
1283;7321;0.0001;0.6182;0.4921;0.1166;25.830221
1283;7322;0.0001;0.6153;0.4901;0.1145;25.830222
1283;7323;0.0001;0.6125;0.4882;0.1126;25.830223
1283;7324;0.0001;0.6128;0.4887;0.1119;25.830224
1283;7325;0.0001;0.6137;0.4897;0.1108;25.830225
1283;7326;0.0001;0.6140;0.4903;0.1113;25.830226
1283;7327;0.0001;0.6129;0.4897;0.1126;25.830227
1283;7328;0.0001;0.6108;0.4884;0.1127;25.830228
1283;7329;0.0001;0.6090;0.4872;0.1150;25.830229
1283;7330;0.0001;0.6084;0.4871;0.1186;25.830230
1283;7331;0.0001;0.6084;0.4874;0.1213;25.830231
1283;7332;0.0001;0.6090;0.4881;0.1185;25.830232
1283;7333;0.0001;0.6092;0.4886;0.1139;25.830233
1283;7334;0.0001;0.6089;0.4887;0.1138;25.830234
1283;7335;0.0001;0.6078;0.4881;0.1160;25.830235
1283;7336;0.0001;0.6075;0.4882;0.1143;25.830236
1283;7337;0.0001;0.6082;0.4891;0.1136;25.830237
1283;7338;0.0001;0.6086;0.4897;0.1154;25.830238
1283;7339;0.0001;0.6068;0.4885;0.1169;25.830239
1283;7340;0.0001;0.6068;0.4888;0.1180;25.830240
1283;7341;0.0001;0.6073;0.4895;0.1184;25.830241
1283;7342;0.0001;0.6060;0.4888;0.1192;25.830242
1283;7343;0.0001;0.6058;0.4890;0.1160;25.830243
1283;7344;0.0001;0.6073;0.4905;0.1103;25.830244
1283;7345;0.0001;0.6077;0.4911;0.1072;25.830245
1283;7346;0.0001;0.6059;0.4900;0.1104;25.830246
1283;7347;0.0001;0.6039;0.4886;0.1135;25.830247
1283;7348;0.0001;0.6015;0.4870;0.1132;25.830248
1283;7349;0.0001;0.6003;0.4863;0.1138;25.830249
1283;7350;0.0001;0.6004;0.4867;0.1169;25.830250
1283;7351;0.0001;0.6004;0.4870;0.1182;25.830251
1283;7352;0.0001;0.6009;0.4878;0.1183;25.830252
1283;7353;0.0001;0.6017;0.4887;0.1194;25.830253
1283;7354;0.0001;0.6008;0.4882;0.1195;25.830254
1283;7355;0.0001;0.6001;0.4880;0.1162;25.830255
1283;7356;0.0001;0.6002;0.4884;0.1130;25.830256
1283;7357;0.0001;0.6011;0.4894;0.1139;25.830257
1283;7358;0.0001;0.6008;0.4895;0.1153;25.830258
1283;7359;0.0001;0.5992;0.4885;0.1165;25.830259
1283;7360;0.0001;0.5989;0.4885;0.1178;25.830260
1283;7361;0.0001;0.6000;0.4897;0.1184;25.830261
1283;7362;0.0001;0.6011;0.4909;0.1173;25.830262
1283;7363;0.0001;0.6020;0.4920;0.1142;25.830263
1283;7364;0.0001;0.6022;0.4925;0.1128;25.830264
1283;7365;0.0001;0.5979;0.4893;0.1142;25.830265
1283;7366;0.0001;0.5934;0.4859;0.1167;25.830266
1283;7367;0.0001;0.5917;0.4848;0.1165;25.830267
1283;7368;0.0001;0.5914;0.4848;0.1178;25.830268
1283;7369;0.0001;0.5928;0.4863;0.1187;25.830269
1283;7370;0.0001;0.5936;0.4872;0.1182;25.830270
1283;7371;0.0001;0.5944;0.4882;0.1158;25.830271
1283;7372;0.0001;0.5945;0.4886;0.1140;25.830272
1283;7373;0.0001;0.5945;0.4889;0.1151;25.830273
1283;7374;0.0001;0.5953;0.4899;0.1147;25.830274
1283;7375;0.0001;0.5931;0.4884;0.1165;25.830275
1283;7376;0.0001;0.5905;0.4866;0.1183;25.830276
1283;7377;0.0001;0.5915;0.4876;0.1179;25.830277
1283;7378;0.0001;0.5920;0.4884;0.1155;25.830278
1283;7379;0.0001;0.5895;0.4867;0.1142;25.830279
1283;7380;0.0001;0.5875;0.4852;0.1161;25.830280
1283;7381;0.0001;0.5888;0.4867;0.1172;25.830281
1283;7382;0.0001;0.5896;0.4876;0.1172;25.830282
1283;7383;0.0001;0.5884;0.4869;0.1169;25.830283
1283;7384;0.0001;0.5868;0.4859;0.1178;25.830284
1283;7385;0.0001;0.5869;0.4863;0.1185;25.830285
1283;7386;0.0001;0.5869;0.4866;0.1184;25.830286
1283;7387;0.0001;0.5867;0.4868;0.1184;25.830287
1283;7388;0.0001;0.5860;0.4865;0.1168;25.830288
1283;7389;0.0001;0.5864;0.4871;0.1157;25.830289
1283;7390;0.0001;0.5863;0.4873;0.1172;25.830290
1283;7391;0.0001;0.5865;0.4878;0.1162;25.830291
1283;7392;0.0001;0.5857;0.4874;0.1145;25.830292
1283;7393;0.0001;0.5837;0.4861;0.1146;25.830293
1283;7394;0.0002;0.5824;0.4853;0.1135;25.830294
1283;7395;0.0002;0.5823;0.4855;0.1119;25.830295
1283;7396;0.0002;0.5829;0.4863;0.1116;25.830296
1283;7397;0.0002;0.5835;0.4871;0.1142;25.830297
1283;7398;0.0002;0.5840;0.4878;0.1181;25.830298
1283;7399;0.0002;0.5844;0.4885;0.1197;25.830299
1283;7400;0.0002;0.5838;0.4883;0.1202;25.830300
1283;7401;0.0002;0.5826;0.4875;0.1186;25.830301
1283;7402;0.0002;0.5816;0.4871;0.1141;25.830302
1283;7403;0.0002;0.5817;0.4874;0.1135;25.830303
1283;7404;0.0002;0.5804;0.4867;0.1139;25.830304
1283;7405;0.0002;0.5784;0.4852;0.1123;25.830305
1283;7406;0.0002;0.5786;0.4857;0.1092;25.830306
1283;7407;0.0002;0.5804;0.4875;0.1099;25.830307
1283;7408;0.0002;0.5806;0.4880;0.1145;25.830308
1283;7409;0.0002;0.5791;0.4871;0.1164;25.830309
1283;7410;0.0002;0.5778;0.4863;0.1166;25.830310
1283;7411;0.0002;0.5771;0.4860;0.1156;25.830311
1283;7412;0.0002;0.5768;0.4860;0.1141;25.830312
1283;7413;0.0002;0.5763;0.4860;0.1152;25.830313
1283;7414;0.0002;0.5763;0.4862;0.1158;25.830314
1283;7415;0.0002;0.5753;0.4857;0.1152;25.830315
1283;7416;0.0002;0.5739;0.4848;0.1141;25.830316
1283;7417;0.0002;0.5756;0.4866;0.1132;25.830317
1283;7418;0.0002;0.5776;0.4886;0.1136;25.830318
1283;7419;0.0002;0.5770;0.4883;0.1139;25.830319
1283;7420;0.0002;0.5758;0.4876;0.1146;25.830320
1283;7421;0.0002;0.5734;0.4859;0.1154;25.830321
1283;7422;0.0002;0.5726;0.4856;0.1144;25.830322
1283;7423;0.0002;0.5739;0.4869;0.1150;25.830323
1283;7424;0.0002;0.5735;0.4869;0.1174;25.830324
1283;7425;0.0002;0.5722;0.4861;0.1168;25.830325
1283;7426;0.0002;0.5728;0.4869;0.1134;25.830326
1283;7427;0.0002;0.5744;0.4886;0.1128;25.830327
1283;7428;0.0002;0.5748;0.4892;0.1151;25.830328
1283;7429;0.0002;0.5746;0.4894;0.1163;25.830329
1283;7430;0.0002;0.5754;0.4903;0.1165;25.830330
1283;7431;0.0002;0.5745;0.4899;0.1142;25.830331
1283;7432;0.0002;0.5717;0.4877;0.1121;25.830332
1283;7433;0.0002;0.5710;0.4875;0.1115;25.830333
1283;7434;0.0002;0.5712;0.4880;0.1128;25.830334
1283;7435;0.0002;0.5696;0.4869;0.1152;25.830335
1283;7436;0.0002;0.5674;0.4853;0.1179;25.830336
1283;7437;0.0002;0.5682;0.4864;0.1188;25.830337
1283;7438;0.0002;0.5708;0.4889;0.1161;25.830338
1283;7439;0.0002;0.5710;0.4893;0.1134;25.830339
1283;7440;0.0002;0.5691;0.4880;0.1127;25.830340
1283;7441;0.0002;0.5689;0.4882;0.1140;25.830341
1283;7442;0.0002;0.5686;0.4882;0.1160;25.830342
1283;7443;0.0002;0.5668;0.4869;0.1193;25.830343
1283;7444;0.0002;0.5648;0.4855;0.1207;25.830344
1283;7445;0.0002;0.5630;0.4843;0.1193;25.830345
1283;7446;0.0002;0.5634;0.4849;0.1180;25.830346
1283;7447;0.0002;0.5665;0.4878;0.1170;25.830347
1283;7448;0.0002;0.5675;0.4890;0.1170;25.830348
1283;7449;0.0002;0.5661;0.4882;0.1190;25.830349
1283;7450;0.0002;0.5637;0.4864;0.1187;25.830350
1283;7451;0.0002;0.5623;0.4854;0.1184;25.830351
1283;7452;0.0002;0.5620;0.4855;0.1191;25.830352
1283;7453;0.0002;0.5613;0.4852;0.1185;25.830353
1283;7454;0.0002;0.5590;0.4836;0.1193;25.830354
1283;7455;0.0002;0.5578;0.4828;0.1197;25.830355
1283;7456;0.0002;0.5595;0.4845;0.1183;25.830356
1283;7457;0.0002;0.5607;0.4859;0.1161;25.830357
1283;7458;0.0002;0.5599;0.4855;0.1140;25.830358
1283;7459;0.0002;0.5589;0.4849;0.1150;25.830359
1283;7460;0.0002;0.5589;0.4852;0.1151;25.830360
1283;7461;0.0002;0.5596;0.4861;0.1165;25.830361
1283;7462;0.0002;0.5579;0.4849;0.1170;25.830362
1283;7463;0.0002;0.5550;0.4827;0.1173;25.830363
1283;7464;0.0002;0.5553;0.4833;0.1186;25.830364
1283;7465;0.0002;0.5567;0.4848;0.1202;25.830365
1283;7466;0.0002;0.5580;0.4863;0.1205;25.830366
1283;7467;0.0002;0.5600;0.4883;0.1211;25.830367
1283;7468;0.0002;0.5586;0.4874;0.1206;25.830368
1283;7469;0.0002;0.5556;0.4851;0.1214;25.830369
1283;7470;0.0002;0.5539;0.4839;0.1217;25.830370
1283;7471;0.0002;0.5529;0.4833;0.1221;25.830371
1283;7472;0.0002;0.5536;0.4843;0.1217;25.830372
1283;7473;0.0002;0.5543;0.4851;0.1202;25.830373
1283;7474;0.0002;0.5539;0.4851;0.1186;25.830374
1283;7475;0.0002;0.5547;0.4861;0.1154;25.830375
1283;7476;0.0002;0.5549;0.4866;0.1154;25.830376
1283;7477;0.0002;0.5540;0.4861;0.1181;25.830377
1283;7478;0.0002;0.5532;0.4857;0.1199;25.830378
1283;7479;0.0002;0.5517;0.4847;0.1209;25.830379
1283;7480;0.0002;0.5505;0.4839;0.1215;25.830380
1283;7481;0.0002;0.5512;0.4848;0.1200;25.830381
1283;7482;0.0002;0.5521;0.4859;0.1178;25.830382
1283;7483;0.0002;0.5514;0.4856;0.1187;25.830383
1283;7484;0.0002;0.5510;0.4855;0.1209;25.830384
1283;7485;0.0002;0.5501;0.4851;0.1223;25.830385
1283;7486;0.0002;0.5494;0.4847;0.1230;25.830386
1283;7487;0.0002;0.5486;0.4843;0.1230;25.830387
1283;7488;0.0002;0.5475;0.4836;0.1230;25.830388
1283;7489;0.0002;0.5473;0.4838;0.1235;25.830389
1283;7490;0.0002;0.5478;0.4845;0.1221;25.830390
1283;7491;0.0002;0.5484;0.4853;0.1201;25.830391
1283;7492;0.0002;0.5486;0.4858;0.1206;25.830392
1283;7493;0.0002;0.5486;0.4861;0.1210;25.830393
1283;7494;0.0002;0.5499;0.4875;0.1200;25.830394
1283;7495;0.0002;0.5510;0.4889;0.1175;25.830395
1283;7496;0.0002;0.5507;0.4889;0.1195;25.830396
1283;7497;0.0002;0.5488;0.4875;0.1254;25.830397
1283;7498;0.0002;0.5470;0.4862;0.1272;25.830398
1283;7499;0.0002;0.5444;0.4842;0.1275;25.830399
1283;7500;0.0002;0.5430;0.4833;0.1273;25.830400
1283;7501;0.0002;0.5428;0.4833;0.1257;25.830401
1283;7502;0.0002;0.5436;0.4844;0.1257;25.830402
1283;7503;0.0002;0.5459;0.4867;0.1258;25.830403
1283;7504;0.0002;0.5473;0.4883;0.1265;25.830404
1283;7505;0.0002;0.5472;0.4884;0.1257;25.830405
1283;7506;0.0002;0.5461;0.4878;0.1234;25.830406
1283;7507;0.0002;0.5451;0.4873;0.1227;25.830407
1283;7508;0.0002;0.5439;0.4865;0.1256;25.830408
1283;7509;0.0002;0.5427;0.4857;0.1267;25.830409
1283;7510;0.0002;0.5408;0.4843;0.1271;25.830410
1283;7511;0.0002;0.5405;0.4843;0.1273;25.830411
1283;7512;0.0002;0.5413;0.4853;0.1270;25.830412
1283;7513;0.0002;0.5397;0.4842;0.1268;25.830413
1283;7514;0.0002;0.5375;0.4825;0.1274;25.830414
1283;7515;0.0002;0.5385;0.4837;0.1264;25.830415
1283;7516;0.0002;0.5415;0.4867;0.1248;25.830416
1283;7517;0.0002;0.5416;0.4870;0.1243;25.830417
1283;7518;0.0002;0.5395;0.4855;0.1246;25.830418
1283;7519;0.0002;0.5392;0.4855;0.1210;25.830419
1283;7520;0.0002;0.5397;0.4863;0.1184;25.830420
1283;7521;0.0002;0.5396;0.4864;0.1204;25.830421
1283;7522;0.0002;0.5404;0.4875;0.1231;25.830422
1283;7523;0.0002;0.5395;0.4870;0.1244;25.830423
1283;7524;0.0002;0.5365;0.4846;0.1251;25.830424
1283;7525;0.0002;0.5347;0.4832;0.1248;25.830425
1283;7526;0.0002;0.5331;0.4821;0.1250;25.830426
1283;7527;0.0002;0.5335;0.4828;0.1249;25.830427
1283;7528;0.0002;0.5368;0.4861;0.1262;25.830428
1283;7529;0.0002;0.5367;0.4862;0.1287;25.830429
1283;7530;0.0002;0.5336;0.4838;0.1301;25.830430
1283;7531;0.0002;0.5315;0.4821;0.1291;25.830431
1283;7532;0.0002;0.5323;0.4831;0.1246;25.830432
1283;7533;0.0002;0.5337;0.4847;0.1233;25.830433
1283;7534;0.0002;0.5330;0.4843;0.1245;25.830434
1283;7535;0.0002;0.5346;0.4861;0.1261;25.830435
1283;7536;0.0002;0.5365;0.4882;0.1273;25.830436
1283;7537;0.0002;0.5368;0.4888;0.1282;25.830437
1283;7538;0.0002;0.5347;0.4871;0.1304;25.830438
1283;7539;0.0002;0.5319;0.4849;0.1342;25.830439
1283;7540;0.0002;0.5318;0.4850;0.1359;25.830440
1283;7541;0.0002;0.5329;0.4864;0.1333;25.830441
1283;7542;0.0002;0.5323;0.4862;0.1308;25.830442
1283;7543;0.0002;0.5301;0.4844;0.1274;25.830443
1283;7544;0.0002;0.5282;0.4830;0.1235;25.830444
1283;7545;0.0002;0.5282;0.4833;0.1232;25.830445
1283;7546;0.0002;0.5286;0.4840;0.1240;25.830446
1283;7547;0.0002;0.5297;0.4853;0.1234;25.830447
1283;7548;0.0002;0.5297;0.4856;0.1233;25.830448
1283;7549;0.0002;0.5288;0.4850;0.1248;25.830449
1283;7550;0.0002;0.5295;0.4860;0.1279;25.830450
1283;7551;0.0002;0.5301;0.4869;0.1297;25.830451
1283;7552;0.0002;0.5305;0.4875;0.1289;25.830452
1283;7553;0.0002;0.5306;0.4879;0.1308;25.830453
1283;7554;0.0002;0.5286;0.4864;0.1322;25.830454
1283;7555;0.0002;0.5266;0.4848;0.1298;25.830455
1283;7556;0.0002;0.5266;0.4852;0.1287;25.830456
1283;7557;0.0002;0.5285;0.4872;0.1307;25.830457
1283;7558;0.0002;0.5294;0.4883;0.1310;25.830458
1283;7559;0.0002;0.5288;0.4880;0.1302;25.830459
1283;7560;0.0002;0.5277;0.4873;0.1313;25.830460
1283;7561;0.0002;0.5272;0.4872;0.1321;25.830461
1283;7562;0.0002;0.5262;0.4865;0.1315;25.830462
1283;7563;0.0002;0.5252;0.4860;0.1302;25.830463
1283;7564;0.0002;0.5259;0.4869;0.1302;25.830464
1283;7565;0.0002;0.5258;0.4871;0.1307;25.830465
1283;7566;0.0002;0.5246;0.4863;0.1303;25.830466
1283;7567;0.0002;0.5235;0.4855;0.1293;25.830467
1283;7568;0.0002;0.5227;0.4851;0.1288;25.830468
1283;7569;0.0002;0.5223;0.4850;0.1300;25.830469
1283;7570;0.0002;0.5225;0.4855;0.1311;25.830470
1283;7571;0.0002;0.5225;0.4858;0.1311;25.830471
1283;7572;0.0002;0.5200;0.4838;0.1295;25.830472
1283;7573;0.0002;0.5183;0.4825;0.1303;25.830473
1283;7574;0.0002;0.5186;0.4831;0.1328;25.830474
1283;7575;0.0002;0.5196;0.4843;0.1346;25.830475
1283;7576;0.0002;0.5197;0.4847;0.1353;25.830476
1283;7577;0.0002;0.5189;0.4842;0.1349;25.830477
1283;7578;0.0002;0.5180;0.4837;0.1334;25.830478
1283;7579;0.0002;0.5180;0.4839;0.1336;25.830479
1283;7580;0.0002;0.5186;0.4849;0.1351;25.830480
1283;7581;0.0002;0.5190;0.4855;0.1342;25.830481
1283;7582;0.0002;0.5182;0.4850;0.1344;25.830482
1283;7583;0.0002;0.5171;0.4844;0.1360;25.830483
1283;7584;0.0002;0.5167;0.4843;0.1368;25.830484
1283;7585;0.0002;0.5165;0.4844;0.1364;25.830485
1283;7586;0.0002;0.5159;0.4841;0.1373;25.830486
1283;7587;0.0002;0.5154;0.4839;0.1370;25.830487
1283;7588;0.0002;0.5168;0.4855;0.1370;25.830488
1283;7589;0.0002;0.5194;0.4884;0.1372;25.830489
1283;7590;0.0002;0.5189;0.4881;0.1366;25.830490
1283;7591;0.0002;0.5167;0.4863;0.1372;25.830491
1283;7592;0.0002;0.5155;0.4855;0.1391;25.830492
1283;7593;0.0002;0.5160;0.4863;0.1380;25.830493
1283;7594;0.0002;0.5169;0.4874;0.1352;25.830494
1283;7595;0.0002;0.5161;0.4870;0.1383;25.830495
1283;7596;0.0002;0.5147;0.4860;0.1404;25.830496
1283;7597;0.0002;0.5132;0.4849;0.1385;25.830497
1283;7598;0.0002;0.5126;0.4846;0.1353;25.830498
1283;7599;0.0002;0.5123;0.4846;0.1334;25.830499
1283;7600;0.0002;0.5119;0.4845;0.1336;25.830500
1283;7601;0.0002;0.5116;0.4845;0.1363;25.830501
1283;7602;0.0002;0.5107;0.4840;0.1382;25.830502
1283;7603;0.0002;0.5103;0.4839;0.1389;25.830503
1283;7604;0.0002;0.5112;0.4850;0.1393;25.830504
1283;7605;0.0002;0.5125;0.4866;0.1396;25.830505
1283;7606;0.0002;0.5137;0.4880;0.1379;25.830506
1283;7607;0.0002;0.5124;0.4871;0.1358;25.830507
1283;7608;0.0002;0.5099;0.4849;0.1366;25.830508
1283;7609;0.0002;0.5086;0.4841;0.1380;25.830509
1283;7610;0.0002;0.5085;0.4842;0.1377;25.830510
1283;7611;0.0002;0.5082;0.4843;0.1371;25.830511
1283;7612;0.0002;0.5076;0.4840;0.1347;25.830512
1283;7613;0.0002;0.5069;0.4837;0.1323;25.830513
1283;7614;0.0002;0.5070;0.4840;0.1342;25.830514
1283;7615;0.0002;0.5070;0.4843;0.1365;25.830515
1283;7616;0.0002;0.5070;0.4846;0.1373;25.830516
1283;7617;0.0002;0.5074;0.4853;0.1395;25.830517
1283;7618;0.0002;0.5082;0.4864;0.1424;25.830518
1283;7619;0.0002;0.5083;0.4867;0.1431;25.830519
1283;7620;0.0002;0.5071;0.4859;0.1398;25.830520
1283;7621;0.0002;0.5071;0.4862;0.1379;25.830521
1283;7622;0.0002;0.5081;0.4875;0.1408;25.830522
1283;7623;0.0002;0.5073;0.4870;0.1461;25.830523
1283;7624;0.0002;0.5058;0.4859;0.1517;25.830524
1283;7625;0.0002;0.5055;0.4859;0.1585;25.830525
1283;7626;0.0002;0.5054;0.4860;0.1669;25.830526
1283;7627;0.0002;0.5041;0.4851;0.1765;25.830527
1283;7628;0.0002;0.5034;0.4847;0.1849;25.830528
1283;7629;0.0002;0.5041;0.4857;0.1964;25.830529
1283;7630;0.0002;0.5039;0.4858;0.2157;25.830530
1283;7631;0.0002;0.5035;0.4857;0.2319;25.830531
1283;7632;0.0002;0.5040;0.4865;0.2442;25.830532
1283;7633;0.0002;0.5037;0.4865;0.2589;25.830533
1283;7634;0.0002;0.5030;0.4861;0.2716;25.830534
1283;7635;0.0002;0.5026;0.4861;0.2790;25.830535
1283;7636;0.0002;0.5020;0.4858;0.2827;25.830536
1283;7637;0.0002;0.5014;0.4855;0.2827;25.830537
1283;7638;0.0002;0.5021;0.4864;0.2772;25.830538
1283;7639;0.0002;0.5031;0.4878;0.2681;25.830539
1283;7640;0.0002;0.5026;0.4876;0.2626;25.830540
1283;7641;0.0002;0.5021;0.4874;0.2643;25.830541
1283;7642;0.0002;0.5022;0.4877;0.2626;25.830542
1283;7643;0.0002;0.5020;0.4879;0.2626;25.830543
1283;7644;0.0002;0.5015;0.4877;0.2624;25.830544
1283;7645;0.0002;0.5009;0.4874;0.2587;25.830545
1283;7646;0.0002;0.4999;0.4868;0.2550;25.830546
1283;7647;0.0002;0.4993;0.4864;0.2532;25.830547
1283;7648;0.0002;0.4986;0.4861;0.2532;25.830548
1283;7649;0.0002;0.4985;0.4862;0.2569;25.830549
1283;7650;0.0002;0.4981;0.4862;0.2550;25.830550
1283;7651;0.0002;0.4970;0.4853;0.2495;25.830551
1283;7652;0.0002;0.4960;0.4847;0.2458;25.830552
1283;7653;0.0002;0.4959;0.4849;0.2458;25.830553
1283;7654;0.0002;0.4960;0.4853;0.2495;25.830554
1283;7655;0.0002;0.4961;0.4857;0.2550;25.830555
1283;7656;0.0002;0.4962;0.4861;0.2587;25.830556
1283;7657;0.0002;0.4963;0.4865;0.2606;25.830557
1283;7658;0.0002;0.4953;0.4858;0.2606;25.830558
1283;7659;0.0002;0.4943;0.4851;0.2606;25.830559
1283;7660;0.0002;0.4945;0.4856;0.2643;25.830560
1283;7661;0.0002;0.4958;0.4872;0.2661;25.830561
1283;7662;0.0002;0.4968;0.4885;0.2680;25.830562
1283;7663;0.0002;0.4962;0.4882;0.2661;25.830563
1283;7664;0.0002;0.4957;0.4880;0.2643;25.830564
1283;7665;0.0002;0.4960;0.4886;0.2606;25.830565
1283;7666;0.0002;0.4951;0.4880;0.2532;25.830566
1283;7667;0.0002;0.4934;0.4867;0.2476;25.830567
1283;7668;0.0002;0.4933;0.4868;0.2421;25.830568
1283;7669;0.0002;0.4925;0.4863;0.2384;25.830569
1283;7670;0.0002;0.4922;0.4863;0.2353;25.830570
1283;7671;0.0002;0.4935;0.4879;0.2281;25.830571
1283;7672;0.0002;0.4933;0.4881;0.2228;25.830572
1283;7673;0.0002;0.4913;0.4863;0.2222;25.830573
1283;7674;0.0002;0.4904;0.4857;0.2221;25.830574
1283;7675;0.0002;0.4914;0.4870;0.2225;25.830575
1283;7676;0.0002;0.4907;0.4867;0.2246;25.830576
1283;7677;0.0002;0.4901;0.4863;0.2278;25.830577
1283;7678;0.0002;0.4898;0.4863;0.2294;25.830578
1283;7679;0.0002;0.4895;0.4864;0.2308;25.830579
1283;7680;0.0002;0.4894;0.4865;0.2283;25.830580
1283;7681;0.0002;0.4890;0.4865;0.2217;25.830581
1283;7682;0.0002;0.4886;0.4863;0.2133;25.830582
1283;7683;0.0002;0.4883;0.4863;0.2068;25.830583
1283;7684;0.0002;0.4864;0.4848;0.2010;25.830584
1283;7685;0.0002;0.4850;0.4837;0.1925;25.830585
1283;7686;0.0002;0.4856;0.4846;0.1820;25.830586
1283;7687;0.0002;0.4857;0.4849;0.1742;25.830587
1283;7688;0.0002;0.4842;0.4838;0.1681;25.830588
1283;7689;0.0002;0.4819;0.4818;0.1619;25.830589
1283;7690;0.0002;0.4810;0.4811;0.1569;25.830590
1283;7691;0.0002;0.4825;0.4829;0.1542;25.830591
1283;7692;0.0002;0.4831;0.4839;0.1553;25.830592
1283;7693;0.0002;0.4817;0.4827;0.1560;25.830593
1283;7694;0.0002;0.4804;0.4817;0.1541;25.830594
1283;7695;0.0002;0.4811;0.4827;0.1517;25.830595
1283;7696;0.0002;0.4810;0.4830;0.1504;25.830596
1283;7697;0.0002;0.4798;0.4820;0.1504;25.830597
1283;7698;0.0002;0.4800;0.4825;0.1474;25.830598
1283;7699;0.0002;0.4798;0.4826;0.1461;25.830599
1283;7700;0.0002;0.4790;0.4821;0.1486;25.830600
1283;7701;0.0002;0.4790;0.4824;0.1490;25.830601
1283;7702;0.0002;0.4807;0.4844;0.1486;25.830602
1283;7703;0.0002;0.4811;0.4851;0.1518;25.830603
1283;7704;0.0002;0.4794;0.4836;0.1546;25.830604
1283;7705;0.0002;0.4780;0.4825;0.1569;25.830605
1283;7706;0.0002;0.4774;0.4822;0.1590;25.830606
1283;7707;0.0002;0.4760;0.4811;0.1612;25.830607
1283;7708;0.0002;0.4736;0.4790;0.1665;25.830608
1283;7709;0.0002;0.4706;0.4763;0.1767;25.830609
1283;7710;0.0002;0.4675;0.4734;0.1903;25.830610
1283;7711;0.0002;0.4656;0.4718;0.2093;25.830611
1283;7712;0.0002;0.4634;0.4699;0.2370;25.830612
1283;7713;0.0002;0.4607;0.4674;0.2705;25.830613
1283;7714;0.0002;0.4578;0.4647;0.3102;25.830614
1283;7715;0.0002;0.4556;0.4627;0.3558;25.830615
1283;7716;0.0002;0.4547;0.4621;0.4034;25.830616
1283;7717;0.0002;0.4540;0.4617;0.4547;25.830617
1283;7718;0.0002;0.4530;0.4610;0.4985;25.830618
1283;7719;0.0002;0.4523;0.4605;0.5328;25.830619
1283;7720;0.0002;0.4521;0.4607;0.5613;25.830620
1283;7721;0.0002;0.4519;0.4607;0.5860;25.830621
1283;7722;0.0002;0.4513;0.4604;0.6032;25.830622
1283;7723;0.0002;0.4509;0.4602;0.6127;25.830623
1283;7724;0.0002;0.4505;0.4601;0.6222;25.830624
1283;7725;0.0002;0.4502;0.4601;0.6336;25.830625
1283;7726;0.0002;0.4501;0.4603;0.6412;25.830626
1283;7727;0.0002;0.4499;0.4604;0.6393;25.830627
1283;7728;0.0002;0.4492;0.4599;0.6355;25.830628
1283;7729;0.0002;0.4485;0.4595;0.6393;25.830629
1283;7730;0.0002;0.4483;0.4595;0.6393;25.830630
1283;7731;0.0002;0.4484;0.4600;0.6374;25.830631
1283;7732;0.0002;0.4481;0.4599;0.6393;25.830632
1283;7733;0.0002;0.4476;0.4597;0.6412;25.830633
1283;7734;0.0002;0.4471;0.4594;0.6412;25.830634
1283;7735;0.0002;0.4471;0.4597;0.6412;25.830635
1283;7736;0.0002;0.4472;0.4601;0.6393;25.830636
1283;7737;0.0002;0.4468;0.4600;0.6412;25.830637
1283;7738;0.0002;0.4468;0.4603;0.6431;25.830638
1283;7739;0.0002;0.4464;0.4601;0.6469;25.830639
1283;7740;0.0002;0.4460;0.4600;0.6507;25.830640
1283;7741;0.0002;0.4456;0.4599;0.6526;25.830641
1283;7742;0.0002;0.4450;0.4595;0.6598;25.830642
1283;7743;0.0002;0.4451;0.4599;0.6526;25.830643
1283;7744;0.0002;0.4451;0.4602;0.6488;25.830644
1283;7745;0.0002;0.4450;0.4604;0.6488;25.830645
1283;7746;0.0002;0.4448;0.4605;0.6450;25.830646
1283;7747;0.0002;0.4441;0.4600;0.6445;25.830647
1283;7748;0.0002;0.4440;0.4603;0.6445;25.830648
1283;7749;0.0002;0.4441;0.4606;0.6426;25.830649
1283;7750;0.0002;0.4436;0.4604;0.6406;25.830650
1283;7751;0.0002;0.4436;0.4607;0.6368;25.830651
1283;7752;0.0002;0.4435;0.4608;0.6330;25.830652
1283;7753;0.0002;0.4431;0.4607;0.6292;25.830653
1283;7754;0.0002;0.4427;0.4606;0.6215;25.830654
1283;7755;0.0002;0.4422;0.4604;0.6177;25.830655
1283;7756;0.0002;0.4424;0.4608;0.6158;25.830656
1283;7757;0.0002;0.4423;0.4610;0.6139;25.830657
1283;7758;0.0002;0.4419;0.4609;0.6158;25.830658
1283;7759;0.0002;0.4418;0.4611;0.6215;25.830659
1283;7760;0.0002;0.4412;0.4607;0.6273;25.830660
1283;7761;0.0002;0.4404;0.4602;0.6311;25.830661
1283;7762;0.0002;0.4399;0.4599;0.6330;25.830662
1283;7763;0.0002;0.4399;0.4602;0.6349;25.830663
1283;7764;0.0002;0.4407;0.4614;0.6349;25.830664
1283;7765;0.0002;0.4407;0.4616;0.6349;25.830665
1283;7766;0.0002;0.4400;0.4611;0.6368;25.830666
1283;7767;0.0002;0.4389;0.4602;0.6387;25.830667
1283;7768;0.0002;0.4381;0.4597;0.6368;25.830668
1283;7769;0.0002;0.4385;0.4604;0.6349;25.830669
1283;7770;0.0002;0.4384;0.4607;0.6311;25.830670
1283;7771;0.0002;0.4378;0.4603;0.6330;25.830671
1283;7772;0.0002;0.4374;0.4601;0.6330;25.830672
1283;7773;0.0002;0.4373;0.4602;0.6311;25.830673
1283;7774;0.0002;0.4376;0.4609;0.6292;25.830674
1283;7775;0.0002;0.4378;0.4614;0.6311;25.830675
1283;7776;0.0002;0.4379;0.4618;0.6368;25.830676
1283;7777;0.0002;0.4372;0.4613;0.6387;25.830677
1283;7778;0.0002;0.4362;0.4606;0.6445;25.830678
1283;7779;0.0002;0.4359;0.4605;0.6483;25.830679
1283;7780;0.0002;0.4355;0.4604;0.6464;25.830680
1283;7781;0.0002;0.4353;0.4605;0.6406;25.830681
1283;7782;0.0002;0.4352;0.4606;0.6426;25.830682
1283;7783;0.0002;0.4347;0.4604;0.6483;25.830683
1283;7784;0.0002;0.4350;0.4609;0.6502;25.830684
1283;7785;0.0002;0.4351;0.4614;0.6483;25.830685
1283;7786;0.0002;0.4345;0.4610;0.6445;25.830686
1283;7787;0.0002;0.4337;0.4605;0.6406;25.830687
1283;7788;0.0002;0.4332;0.4602;0.6426;25.830688
1283;7789;0.0002;0.4329;0.4602;0.6502;25.830689
1283;7790;0.0002;0.4321;0.4596;0.6579;25.830690
1283;7791;0.0002;0.4318;0.4596;0.6598;25.830691
1283;7792;0.0002;0.4319;0.4599;0.6502;25.830692
1283;7793;0.0002;0.4316;0.4599;0.6464;25.830693
1283;7794;0.0002;0.4316;0.4602;0.6521;25.830694
1283;7795;0.0002;0.4319;0.4608;0.6521;25.830695
1283;7796;0.0002;0.4313;0.4605;0.6521;25.830696
1283;7797;0.0002;0.4312;0.4606;0.6521;25.830697
1283;7798;0.0002;0.4310;0.4608;0.6579;25.830698
1283;7799;0.0002;0.4311;0.4610;0.6693;25.830699
1283;7800;0.0002;0.4308;0.4610;0.6732;25.830700
1283;7801;0.0002;0.4304;0.4609;0.6732;25.830701
1283;7802;0.0002;0.4303;0.4611;0.6732;25.830702
1283;7803;0.0002;0.4297;0.4607;0.6746;25.830703
1283;7804;0.0002;0.4292;0.4605;0.6746;25.830704
1283;7805;0.0002;0.4291;0.4607;0.6746;25.830705
1283;7806;0.0002;0.4284;0.4601;0.6785;25.830706
1283;7807;0.0002;0.4280;0.4601;0.6765;25.830707
1283;7808;0.0002;0.4280;0.4603;0.6708;25.830708
1283;7809;0.0002;0.4282;0.4608;0.6631;25.830709
1283;7810;0.0002;0.4278;0.4606;0.6554;25.830710
1283;7811;0.0002;0.4276;0.4607;0.6554;25.830711
1283;7812;0.0002;0.4275;0.4609;0.6554;25.830712
1283;7813;0.0002;0.4267;0.4603;0.6535;25.830713
1283;7814;0.0002;0.4263;0.4601;0.6458;25.830714
1283;7815;0.0002;0.4259;0.4601;0.6439;25.830715
1283;7816;0.0002;0.4257;0.4600;0.6477;25.830716
1283;7817;0.0002;0.4258;0.4605;0.6477;25.830717
1283;7818;0.0002;0.4260;0.4610;0.6458;25.830718
1283;7819;0.0002;0.4258;0.4611;0.6439;25.830719
1283;7820;0.0002;0.4257;0.4612;0.6400;25.830720
1283;7821;0.0002;0.4251;0.4608;0.6381;25.830721
1283;7822;0.0002;0.4248;0.4608;0.6362;25.830722
1283;7823;0.0002;0.4247;0.4610;0.6342;25.830723
1283;7824;0.0002;0.4244;0.4610;0.6323;25.830724
1283;7825;0.0002;0.4244;0.4612;0.6285;25.830725
1283;7826;0.0002;0.4240;0.4611;0.6304;25.830726
1283;7827;0.0002;0.4233;0.4606;0.6304;25.830727
1283;7828;0.0002;0.4227;0.4602;0.6266;25.830728
1283;7829;0.0002;0.4227;0.4605;0.6285;25.830729
1283;7830;0.0002;0.4230;0.4611;0.6342;25.830730
1283;7831;0.0002;0.4225;0.4608;0.6458;25.830731
1283;7832;0.0002;0.4215;0.4601;0.6535;25.830732
1283;7833;0.0002;0.4214;0.4602;0.6573;25.830733
1283;7834;0.0002;0.4220;0.4611;0.6631;25.830734
1283;7835;0.0002;0.4217;0.4611;0.6688;25.830735
1283;7836;0.0002;0.4209;0.4606;0.6746;25.830736
1283;7837;0.0002;0.4205;0.4604;0.6804;25.830737
1283;7838;0.0002;0.4202;0.4603;0.6861;25.830738
1283;7839;0.0002;0.4202;0.4606;0.6957;25.830739
1283;7840;0.0002;0.4204;0.4611;0.6977;25.830740
1283;7841;0.0002;0.4201;0.4611;0.6957;25.830741
1283;7842;0.0002;0.4197;0.4610;0.6977;25.830742
1283;7843;0.0002;0.4195;0.4610;0.6996;25.830743
1283;7844;0.0002;0.4190;0.4607;0.7034;25.830744
1283;7845;0.0002;0.4189;0.4609;0.7034;25.830745
1283;7846;0.0002;0.4186;0.4608;0.7034;25.830746
1283;7847;0.0002;0.4184;0.4610;0.7015;25.830747
1283;7848;0.0002;0.4183;0.4611;0.7034;25.830748
1283;7849;0.0002;0.4178;0.4608;0.7073;25.830749
1283;7850;0.0002;0.4177;0.4610;0.7092;25.830750
1283;7851;0.0002;0.4173;0.4608;0.7092;25.830751
1283;7852;0.0002;0.4171;0.4609;0.7054;25.830752
1283;7853;0.0002;0.4173;0.4614;0.7015;25.830753
1283;7854;0.0003;0.4168;0.4612;0.6996;25.830754
1283;7855;0.0003;0.4162;0.4608;0.6957;25.830755
1283;7856;0.0003;0.4156;0.4604;0.6861;25.830756
1283;7857;0.0003;0.4155;0.4605;0.6804;25.830757
1283;7858;0.0003;0.4161;0.4615;0.6765;25.830758
1283;7859;0.0003;0.4161;0.4618;0.6785;25.830759
1283;7860;0.0003;0.4155;0.4614;0.6785;25.830760
1283;7861;0.0003;0.4147;0.4608;0.6745;25.830761
1283;7862;0.0003;0.4148;0.4612;0.6727;25.830762
1283;7863;0.0003;0.4154;0.4622;0.6804;25.830763
1283;7864;0.0003;0.4154;0.4625;0.6842;25.830764
1283;7865;0.0003;0.4151;0.4625;0.6842;25.830765
1283;7866;0.0003;0.4145;0.4621;0.6823;25.830766
1283;7867;0.0003;0.4139;0.4616;0.6841;25.830767
1283;7868;0.0003;0.4132;0.4611;0.6822;25.830768
1283;7869;0.0003;0.4126;0.4607;0.6861;25.830769
1283;7870;0.0003;0.4122;0.4606;0.6919;25.830770
1283;7871;0.0003;0.4118;0.4605;0.6957;25.830771
1283;7872;0.0003;0.4114;0.4602;0.6977;25.830772
1283;7873;0.0003;0.4116;0.4607;0.6977;25.830773
1283;7874;0.0003;0.4115;0.4610;0.6996;25.830774
1283;7875;0.0003;0.4111;0.4607;0.7035;25.830775
1283;7876;0.0003;0.4107;0.4606;0.7054;25.830776
1283;7877;0.0003;0.4105;0.4607;0.7093;25.830777
1283;7878;0.0003;0.4104;0.4608;0.7073;25.830778
1283;7879;0.0003;0.4100;0.4607;0.7054;25.830779
1283;7880;0.0003;0.4101;0.4611;0.7015;25.830780
1283;7881;0.0003;0.4101;0.4613;0.6938;25.830781
1283;7882;0.0003;0.4098;0.4613;0.6899;25.830782
1283;7883;0.0003;0.4097;0.4614;0.6880;25.830783
1283;7884;0.0003;0.4090;0.4610;0.6899;25.830784
1283;7885;0.0003;0.4086;0.4608;0.6919;25.830785
1283;7886;0.0003;0.4086;0.4611;0.6899;25.830786
1283;7887;0.0003;0.4082;0.4609;0.6880;25.830787
1283;7888;0.0003;0.4080;0.4610;0.6803;25.830788
1283;7889;0.0003;0.4076;0.4608;0.6725;25.830789
1283;7890;0.0003;0.4072;0.4607;0.6706;25.830790
1283;7891;0.0003;0.4073;0.4610;0.6706;25.830791
1283;7892;0.0003;0.4074;0.4614;0.6706;25.830792
1283;7893;0.0003;0.4073;0.4616;0.6668;25.830793
1283;7894;0.0003;0.4068;0.4614;0.6610;25.830794
1283;7895;0.0003;0.4064;0.4611;0.6590;25.830795
1283;7896;0.0003;0.4062;0.4613;0.6610;25.830796
1283;7897;0.0003;0.4058;0.4611;0.6629;25.830797
1283;7898;0.0003;0.4059;0.4615;0.6629;25.830798
1283;7899;0.0003;0.4059;0.4618;0.6610;25.830799
1283;7900;0.0003;0.4054;0.4615;0.6610;25.830800
1283;7901;0.0003;0.4051;0.4614;0.6610;25.830801
1283;7902;0.0003;0.4048;0.4613;0.6629;25.830802
1283;7903;0.0003;0.4045;0.4613;0.6668;25.830803
1283;7904;0.0003;0.4045;0.4616;0.6725;25.830804
1283;7905;0.0003;0.4044;0.4617;0.6803;25.830805
1283;7906;0.0003;0.4041;0.4617;0.6803;25.830806
1283;7907;0.0003;0.4035;0.4613;0.6783;25.830807
1283;7908;0.0003;0.4032;0.4612;0.6803;25.830808
1283;7909;0.0003;0.4031;0.4614;0.6803;25.830809
1283;7910;0.0003;0.4025;0.4610;0.6783;25.830810
1283;7911;0.0003;0.4019;0.4606;0.6745;25.830811
1283;7912;0.0003;0.4015;0.4605;0.6745;25.830812
1283;7913;0.0003;0.4021;0.4613;0.6745;25.830813
1283;7914;0.0003;0.4025;0.4621;0.6745;25.830814
1283;7915;0.0003;0.4022;0.4621;0.6764;25.830815
1283;7916;0.0003;0.4016;0.4617;0.6822;25.830816
1283;7917;0.0003;0.4013;0.4616;0.6822;25.830817
1283;7918;0.0003;0.4012;0.4617;0.6764;25.830818
1283;7919;0.0003;0.4012;0.4621;0.6668;25.830819
1283;7920;0.0003;0.4010;0.4621;0.6668;25.830820
1283;7921;0.0003;0.4004;0.4617;0.6687;25.830821
1283;7922;0.0003;0.3998;0.4613;0.6668;25.830822
1283;7923;0.0003;0.3992;0.4609;0.6739;25.830823
1283;7924;0.0003;0.3990;0.4610;0.6739;25.830824
1283;7925;0.0003;0.3991;0.4614;0.6706;25.830825
1283;7926;0.0003;0.3988;0.4613;0.6700;25.830826
1283;7927;0.0003;0.3979;0.4606;0.6700;25.830827
1283;7928;0.0003;0.3979;0.4609;0.6758;25.830828
1283;7929;0.0003;0.3983;0.4616;0.6816;25.830829
1283;7930;0.0003;0.3984;0.4620;0.6841;25.830830
1283;7931;0.0003;0.3981;0.4619;0.6894;25.830831
1283;7932;0.0003;0.3977;0.4617;0.6913;25.830832
1283;7933;0.0003;0.3972;0.4615;0.6933;25.830833
1283;7934;0.0003;0.3967;0.4611;0.6933;25.830834
1283;7935;0.0003;0.3963;0.4610;0.6933;25.830835
1283;7936;0.0003;0.3961;0.4610;0.6913;25.830836
1283;7937;0.0003;0.3958;0.4610;0.6913;25.830837
1283;7938;0.0003;0.3953;0.4607;0.6933;25.830838
1283;7939;0.0003;0.3950;0.4607;0.6952;25.830839
1283;7940;0.0003;0.3949;0.4608;0.6991;25.830840
1283;7941;0.0003;0.3955;0.4618;0.6952;25.830841
1283;7942;0.0003;0.3957;0.4622;0.6894;25.830842
1283;7943;0.0003;0.3952;0.4620;0.6894;25.830843
1283;7944;0.0003;0.3947;0.4617;0.6894;25.830844
1283;7945;0.0003;0.3942;0.4614;0.6894;25.830845
1283;7946;0.0003;0.3942;0.4617;0.6855;25.830846
1283;7947;0.0003;0.3944;0.4622;0.6797;25.830847
1283;7948;0.0003;0.3942;0.4623;0.6836;25.830848
1283;7949;0.0003;0.3939;0.4622;0.6913;25.830849
1283;7950;0.0003;0.3935;0.4620;0.6933;25.830850
1283;7951;0.0003;0.3931;0.4619;0.6913;25.830851
1283;7952;0.0003;0.3927;0.4616;0.6894;25.830852
1283;7953;0.0003;0.3920;0.4611;0.6952;25.830853
1283;7954;0.0003;0.3919;0.4613;0.6952;25.830854
1283;7955;0.0003;0.3918;0.4614;0.6913;25.830855
1283;7956;0.0003;0.3914;0.4613;0.6952;25.830856
1283;7957;0.0003;0.3911;0.4612;0.6972;25.830857
1283;7958;0.0003;0.3910;0.4614;0.6972;25.830858
1283;7959;0.0003;0.3903;0.4608;0.6952;25.830859
1283;7960;0.0003;0.3901;0.4609;0.6933;25.830860
1283;7961;0.0003;0.3902;0.4613;0.6952;25.830861
1283;7962;0.0003;0.3898;0.4611;0.6952;25.830862
1283;7963;0.0003;0.3897;0.4613;0.6952;25.830863
1283;7964;0.0003;0.3899;0.4619;0.6933;25.830864
1283;7965;0.0003;0.3897;0.4618;0.6894;25.830865
1283;7966;0.0003;0.3893;0.4616;0.6894;25.830866
1283;7967;0.0003;0.3891;0.4617;0.6913;25.830867
1283;7968;0.0003;0.3887;0.4615;0.6913;25.830868
1283;7969;0.0003;0.3884;0.4615;0.6913;25.830869
1283;7970;0.0003;0.3881;0.4614;0.6913;25.830870
1283;7971;0.0003;0.3881;0.4616;0.6913;25.830871
1283;7972;0.0003;0.3883;0.4623;0.6913;25.830872
1283;7973;0.0003;0.3883;0.4625;0.6913;25.830873
1283;7974;0.0003;0.3876;0.4620;0.6913;25.830874
1283;7975;0.0003;0.3870;0.4616;0.6875;25.830875
1283;7976;0.0003;0.3866;0.4614;0.6875;25.830876
1283;7977;0.0003;0.3864;0.4613;0.6875;25.830877
1283;7978;0.0003;0.3860;0.4612;0.6875;25.830878
1283;7979;0.0003;0.3856;0.4610;0.6875;25.830879
1283;7980;0.0003;0.3856;0.4613;0.6855;25.830880
1283;7981;0.0003;0.3855;0.4614;0.6855;25.830881
1283;7982;0.0003;0.3852;0.4614;0.6836;25.830882
1283;7983;0.0003;0.3851;0.4615;0.6836;25.830883
1283;7984;0.0003;0.3853;0.4621;0.6933;25.830884
1283;7985;0.0003;0.3855;0.4626;0.7011;25.830885
1283;7986;0.0003;0.3851;0.4624;0.7030;25.830886
1283;7987;0.0003;0.3849;0.4625;0.7011;25.830887
1283;7988;0.0003;0.3845;0.4622;0.6972;25.830888
1283;7989;0.0003;0.3839;0.4618;0.6991;25.830889
1283;7990;0.0003;0.3838;0.4619;0.7011;25.830890
1283;7991;0.0003;0.3835;0.4619;0.7049;25.830891
1283;7992;0.0003;0.3833;0.4619;0.7030;25.830892
1283;7993;0.0003;0.3828;0.4616;0.7024;25.830893
1283;7994;0.0003;0.3823;0.4613;0.7063;25.830894
1283;7995;0.0003;0.3823;0.4616;0.7083;25.830895
1283;7996;0.0003;0.3822;0.4618;0.7102;25.830896
1283;7997;0.0003;0.3822;0.4621;0.7083;25.830897
1283;7998;0.0003;0.3817;0.4618;0.7024;25.830898
1283;7999;0.0003;0.3818;0.4621;0.7044;25.830899
1283;8000;0.0003;0.3822;0.4630;0.7049;25.830900
1283;8001;0.0003;0.3815;0.4624;0.7122;25.830901
1283;8002;0.0003;0.3809;0.4620;0.7141;25.830902
1283;8003;0.0003;0.3804;0.4616;0.7180;25.830903
1283;8004;0.0003;0.3802;0.4617;0.7278;25.830904
1283;8005;0.0003;0.3800;0.4618;0.7337;25.830905
1283;8006;0.0003;0.3796;0.4616;0.7376;25.830906
1283;8007;0.0003;0.3795;0.4617;0.7395;25.830907
1283;8008;0.0003;0.3796;0.4621;0.7376;25.830908
1283;8009;0.0003;0.3791;0.4618;0.7356;25.830909
1283;8010;0.0003;0.3785;0.4614;0.7356;25.830910
1283;8011;0.0003;0.3782;0.4612;0.7356;25.830911
1283;8012;0.0003;0.3779;0.4612;0.7337;25.830912
1283;8013;0.0003;0.3778;0.4613;0.7317;25.830913
1283;8014;0.0003;0.3779;0.4618;0.7376;25.830914
1283;8015;0.0003;0.3780;0.4622;0.7415;25.830915
1283;8016;0.0003;0.3777;0.4620;0.7376;25.830916
1283;8017;0.0003;0.3772;0.4618;0.7356;25.830917
1283;8018;0.0003;0.3773;0.4622;0.7317;25.830918
1283;8019;0.0003;0.3774;0.4626;0.7317;25.830919
1283;8020;0.0003;0.3769;0.4623;0.7317;25.830920
1283;8021;0.0003;0.3762;0.4617;0.7376;25.830921
1283;8022;0.0003;0.3757;0.4614;0.7415;25.830922
1283;8023;0.0003;0.3758;0.4618;0.7415;25.830923
1283;8024;0.0003;0.3757;0.4621;0.7395;25.830924
1283;8025;0.0003;0.3759;0.4625;0.7376;25.830925
1283;8026;0.0003;0.3756;0.4624;0.7317;25.830926
1283;8027;0.0003;0.3746;0.4615;0.7317;25.830927
1283;8028;0.0003;0.3742;0.4613;0.7317;25.830928
1283;8029;0.0003;0.3741;0.4614;0.7298;25.830929
1283;8030;0.0003;0.3745;0.4622;0.7298;25.830930
1283;8031;0.0003;0.3746;0.4626;0.7239;25.830931
1283;8032;0.0003;0.3743;0.4626;0.7259;25.830932
1283;8033;0.0003;0.3740;0.4625;0.7278;25.830933
1283;8034;0.0003;0.3736;0.4623;0.7298;25.830934
1283;8035;0.0003;0.3733;0.4622;0.7356;25.830935
1283;8036;0.0003;0.3734;0.4626;0.7317;25.830936
1283;8037;0.0003;0.3733;0.4628;0.7219;25.830937
1283;8038;0.0003;0.3728;0.4624;0.7180;25.830938
1283;8039;0.0003;0.3719;0.4616;0.7239;25.830939
1283;8040;0.0003;0.3715;0.4614;0.7298;25.830940
1283;8041;0.0003;0.3717;0.4620;0.7239;25.830941
1283;8042;0.0003;0.3716;0.4622;0.7200;25.830942
1283;8043;0.0003;0.3715;0.4623;0.7219;25.830943
1283;8044;0.0003;0.3713;0.4623;0.7200;25.830944
1283;8045;0.0003;0.3708;0.4620;0.7200;25.830945
1283;8046;0.0003;0.3705;0.4618;0.7259;25.830946
1283;8047;0.0003;0.3704;0.4621;0.7317;25.830947
1283;8048;0.0003;0.3706;0.4626;0.7395;25.830948
1283;8049;0.0003;0.3705;0.4627;0.7473;25.830949
1283;8050;0.0003;0.3700;0.4625;0.7551;25.830950
1283;8051;0.0003;0.3695;0.4621;0.7590;25.830951
1283;8052;0.0003;0.3693;0.4622;0.7649;25.830952
1283;8053;0.0003;0.3696;0.4628;0.7629;25.830953
1283;8054;0.0003;0.3696;0.4631;0.7551;25.830954
1283;8055;0.0003;0.3693;0.4630;0.7512;25.830955
1283;8056;0.0003;0.3688;0.4627;0.7493;25.830956
1283;8057;0.0003;0.3682;0.4622;0.7551;25.830957
1283;8058;0.0003;0.3679;0.4621;0.7590;25.830958
1283;8059;0.0003;0.3678;0.4624;0.7551;25.830959
1283;8060;0.0003;0.3675;0.4622;0.7551;25.830960
1283;8061;0.0003;0.3671;0.4621;0.7571;25.830961
1283;8062;0.0003;0.3666;0.4617;0.7587;25.830962
1283;8063;0.0003;0.3663;0.4617;0.7606;25.830963
1283;8064;0.0003;0.3666;0.4622;0.7626;25.830964
1283;8065;0.0003;0.3666;0.4626;0.7629;25.830965
1283;8066;0.0003;0.3665;0.4627;0.7649;25.830966
1283;8067;0.0003;0.3658;0.4621;0.7685;25.830967
1283;8068;0.0003;0.3656;0.4622;0.7665;25.830968
1283;8069;0.0003;0.3653;0.4621;0.7606;25.830969
1283;8070;0.0003;0.3652;0.4622;0.7626;25.830970
1283;8071;0.0003;0.3655;0.4629;0.7645;25.830971
1283;8072;0.0003;0.3654;0.4631;0.7626;25.830972
1283;8073;0.0003;0.3646;0.4624;0.7606;25.830973
1283;8074;0.0003;0.3639;0.4618;0.7587;25.830974
1283;8075;0.0003;0.3636;0.4617;0.7606;25.830975
1283;8076;0.0003;0.3636;0.4620;0.7626;25.830976
1283;8077;0.0003;0.3636;0.4623;0.7587;25.830977
1283;8078;0.0003;0.3635;0.4624;0.7508;25.830978
1283;8079;0.0003;0.3632;0.4623;0.7410;25.830979
1283;8080;0.0003;0.3628;0.4621;0.7390;25.830980
1283;8081;0.0003;0.3631;0.4627;0.7371;25.830981
1283;8082;0.0003;0.3628;0.4627;0.7351;25.830982
1283;8083;0.0003;0.3625;0.4626;0.7332;25.830983
1283;8084;0.0003;0.3625;0.4629;0.7332;25.830984
1283;8085;0.0003;0.3625;0.4632;0.7390;25.830985
1283;8086;0.0003;0.3623;0.4633;0.7469;25.830986
1283;8087;0.0003;0.3619;0.4630;0.7449;25.830987
1283;8088;0.0003;0.3615;0.4627;0.7410;25.830988
1283;8089;0.0003;0.3607;0.4621;0.7390;25.830989
1283;8090;0.0003;0.3603;0.4618;0.7351;25.830990
1283;8091;0.0003;0.3603;0.4622;0.7332;25.830991
1283;8092;0.0003;0.3601;0.4621;0.7332;25.830992
1283;8093;0.0003;0.3593;0.4615;0.7351;25.830993
1283;8094;0.0003;0.3588;0.4610;0.7332;25.830994
1283;8095;0.0003;0.3586;0.4611;0.7351;25.830995
1283;8096;0.0003;0.3589;0.4618;0.7390;25.830996
1283;8097;0.0003;0.3591;0.4623;0.7410;25.830997
1283;8098;0.0003;0.3592;0.4627;0.7430;25.830998
1283;8099;0.0003;0.3592;0.4631;0.7371;25.830999
1283;8100;0.0003;0.3586;0.4626;0.7332;25.831000
1283;8101;0.0003;0.3580;0.4620;0.7332;25.831001
1283;8102;0.0003;0.3577;0.4620;0.7351;25.831002
1283;8103;0.0003;0.3574;0.4618;0.7371;25.831003
1283;8104;0.0003;0.3570;0.4617;0.7351;25.831004
1283;8105;0.0003;0.3566;0.4615;0.7273;25.831005
1283;8106;0.0003;0.3568;0.4620;0.7273;25.831006
1283;8107;0.0003;0.3570;0.4625;0.7273;25.831007
1283;8108;0.0003;0.3566;0.4624;0.7312;25.831008
1283;8109;0.0003;0.3563;0.4622;0.7332;25.831009
1283;8110;0.0003;0.3561;0.4622;0.7371;25.831010
1283;8111;0.0003;0.3561;0.4626;0.7410;25.831011
1283;8112;0.0003;0.3562;0.4630;0.7410;25.831012
1283;8113;0.0003;0.3562;0.4633;0.7449;25.831013
1283;8114;0.0003;0.3559;0.4632;0.7469;25.831014
1283;8115;0.0003;0.3550;0.4623;0.7489;25.831015
1283;8116;0.0003;0.3542;0.4616;0.7508;25.831016
1283;8117;0.0003;0.3542;0.4619;0.7508;25.831017
1283;8118;0.0003;0.3545;0.4626;0.7528;25.831018
1283;8119;0.0003;0.3551;0.4636;0.7508;25.831019
1283;8120;0.0003;0.3551;0.4640;0.7489;25.831020
1283;8121;0.0003;0.3546;0.4635;0.7469;25.831021
1283;8122;0.0003;0.3538;0.4628;0.7469;25.831022
1283;8123;0.0003;0.3532;0.4624;0.7469;25.831023
1283;8124;0.0003;0.3531;0.4625;0.7489;25.831024
1283;8125;0.0003;0.3531;0.4628;0.7469;25.831025
1283;8126;0.0003;0.3531;0.4631;0.7508;25.831026
1283;8127;0.0003;0.3527;0.4628;0.7528;25.831027
1283;8128;0.0003;0.3521;0.4624;0.7489;25.831028
1283;8129;0.0003;0.3519;0.4623;0.7430;25.831029
1283;8130;0.0003;0.3519;0.4627;0.7390;25.831030
1283;8131;0.0003;0.3521;0.4632;0.7430;25.831031
1283;8132;0.0003;0.3517;0.4630;0.7410;25.831032
1283;8133;0.0003;0.3507;0.4620;0.7410;25.831033
1283;8134;0.0003;0.3504;0.4619;0.7479;25.831034
1283;8135;0.0003;0.3507;0.4625;0.7508;25.831035
1283;8136;0.0003;0.3506;0.4626;0.7547;25.831036
1283;8137;0.0003;0.3501;0.4624;0.7567;25.831037
1283;8138;0.0003;0.3501;0.4627;0.7528;25.831038
1283;8139;0.0003;0.3502;0.4631;0.7547;25.831039
1283;8140;0.0003;0.3503;0.4635;0.7567;25.831040
1283;8141;0.0003;0.3500;0.4634;0.7567;25.831041
1283;8142;0.0003;0.3497;0.4633;0.7567;25.831042
1283;8143;0.0003;0.3490;0.4627;0.7637;25.831043
1283;8144;0.0003;0.3483;0.4621;0.7696;25.831044
1283;8145;0.0003;0.3478;0.4616;0.7656;25.831045
1283;8146;0.0003;0.3479;0.4621;0.7617;25.831046
1283;8147;0.0003;0.3484;0.4631;0.7617;25.831047
1283;8148;0.0003;0.3483;0.4632;0.7617;25.831048
1283;8149;0.0003;0.3482;0.4633;0.7597;25.831049
1283;8150;0.0003;0.3485;0.4642;0.7528;25.831050
1283;8151;0.0003;0.3482;0.4639;0.7547;25.831051
1283;8152;0.0003;0.3473;0.4631;0.7637;25.831052
1283;8153;0.0003;0.3469;0.4628;0.7637;25.831053
1283;8154;0.0003;0.3466;0.4627;0.7597;25.831054
1283;8155;0.0003;0.3462;0.4625;0.7597;25.831055
1283;8156;0.0003;0.3463;0.4630;0.7637;25.831056
1283;8157;0.0003;0.3462;0.4631;0.7715;25.831057
1283;8158;0.0003;0.3458;0.4629;0.7735;25.831058
1283;8159;0.0003;0.3459;0.4633;0.7755;25.831059
1283;8160;0.0003;0.3460;0.4638;0.7755;25.831060
1283;8161;0.0003;0.3461;0.4642;0.7735;25.831061
1283;8162;0.0003;0.3459;0.4641;0.7775;25.831062
1283;8163;0.0003;0.3451;0.4634;0.7735;25.831063
1283;8164;0.0003;0.3449;0.4634;0.7715;25.831064
1283;8165;0.0003;0.3452;0.4641;0.7696;25.831065
1283;8166;0.0003;0.3448;0.4638;0.7715;25.831066
1283;8167;0.0003;0.3444;0.4637;0.7794;25.831067
1283;8168;0.0003;0.3439;0.4633;0.7873;25.831068
1283;8169;0.0003;0.3432;0.4626;0.7912;25.831069
1283;8170;0.0003;0.3431;0.4627;0.7873;25.831070
1283;8171;0.0003;0.3426;0.4624;0.7794;25.831071
1283;8172;0.0003;0.3424;0.4624;0.7794;25.831072
1283;8173;0.0003;0.3420;0.4622;0.7755;25.831073
1283;8174;0.0003;0.3417;0.4621;0.7735;25.831074
1283;8175;0.0003;0.3417;0.4624;0.7755;25.831075
1283;8176;0.0003;0.3417;0.4627;0.7735;25.831076
1283;8177;0.0003;0.3417;0.4629;0.7696;25.831077
1283;8178;0.0003;0.3415;0.4630;0.7597;25.831078
1283;8179;0.0003;0.3416;0.4634;0.7578;25.831079
1283;8180;0.0003;0.3414;0.4635;0.7617;25.831080
1283;8181;0.0003;0.3415;0.4639;0.7617;25.831081
1283;8182;0.0003;0.3415;0.4642;0.7597;25.831082
1283;8183;0.0003;0.3412;0.4641;0.7578;25.831083
1283;8184;0.0003;0.3408;0.4638;0.7519;25.831084
1283;8185;0.0003;0.3401;0.4632;0.7460;25.831085
1283;8186;0.0003;0.3397;0.4630;0.7460;25.831086
1283;8187;0.0003;0.3398;0.4634;0.7479;25.831087
1283;8188;0.0003;0.3396;0.4633;0.7420;25.831088
1283;8189;0.0003;0.3390;0.4629;0.7401;25.831089
1283;8190;0.0003;0.3386;0.4626;0.7401;25.831090
1283;8191;0.0003;0.3381;0.4622;0.7361;25.831091
1283;8192;0.0003;0.3378;0.4621;0.7361;25.831092
1283;8193;0.0003;0.3377;0.4623;0.7342;25.831093
1283;8194;0.0003;0.3380;0.4630;0.7322;25.831094
1283;8195;0.0003;0.3385;0.4639;0.7342;25.831095
1283;8196;0.0003;0.3384;0.4642;0.7322;25.831096
1283;8197;0.0003;0.3379;0.4637;0.7302;25.831097
1283;8198;0.0003;0.3376;0.4637;0.7322;25.831098
1283;8199;0.0003;0.3374;0.4636;0.7302;25.831099
1283;8200;0.0003;0.3371;0.4636;0.7243;25.831100
1283;8201;0.0003;0.3368;0.4634;0.7184;25.831101
1283;8202;0.0003;0.3365;0.4633;0.7204;25.831102
1283;8203;0.0003;0.3363;0.4634;0.7223;25.831103
1283;8204;0.0003;0.3358;0.4629;0.7223;25.831104
1283;8205;0.0003;0.3356;0.4630;0.7282;25.831105
1283;8206;0.0003;0.3358;0.4635;0.7302;25.831106
1283;8207;0.0003;0.3353;0.4632;0.7322;25.831107
1283;8208;0.0003;0.3351;0.4632;0.7342;25.831108
1283;8209;0.0003;0.3348;0.4631;0.7282;25.831109
1283;8210;0.0003;0.3345;0.4630;0.7282;25.831110
1283;8211;0.0003;0.3340;0.4626;0.7282;25.831111
1283;8212;0.0003;0.3338;0.4626;0.7263;25.831112
1283;8213;0.0003;0.3338;0.4629;0.7282;25.831113
1283;8214;0.0003;0.3338;0.4632;0.7322;25.831114
1283;8215;0.0003;0.3334;0.4630;0.7381;25.831115
1283;8216;0.0003;0.3331;0.4628;0.7361;25.831116
1283;8217;0.0003;0.3334;0.4635;0.7322;25.831117
1283;8218;0.0003;0.3338;0.4643;0.7322;25.831118
1283;8219;0.0003;0.3335;0.4643;0.7282;25.831119
1283;8220;0.0003;0.3331;0.4641;0.7263;25.831120
1283;8221;0.0003;0.3330;0.4642;0.7263;25.831121
1283;8222;0.0003;0.3330;0.4644;0.7263;25.831122
1283;8223;0.0003;0.3328;0.4645;0.7243;25.831123
1283;8224;0.0003;0.3322;0.4639;0.7243;25.831124
1283;8225;0.0003;0.3315;0.4633;0.7296;25.831125
1283;8226;0.0003;0.3312;0.4631;0.7276;25.831126
1283;8227;0.0003;0.3309;0.4631;0.7296;25.831127
1283;8228;0.0003;0.3314;0.4641;0.7322;25.831128
1283;8229;0.0003;0.3314;0.4643;0.7322;25.831129
1283;8230;0.0003;0.3308;0.4638;0.7355;25.831130
1283;8231;0.0003;0.3305;0.4636;0.7355;25.831131
1283;8232;0.0003;0.3300;0.4633;0.7394;25.831132
1283;8233;0.0003;0.3299;0.4635;0.7414;25.831133
1283;8234;0.0003;0.3300;0.4639;0.7414;25.831134
1283;8235;0.0003;0.3300;0.4642;0.7454;25.831135
1283;8236;0.0003;0.3298;0.4641;0.7454;25.831136
1283;8237;0.0003;0.3288;0.4631;0.7474;25.831137
1283;8238;0.0003;0.3283;0.4626;0.7553;25.831138
1283;8239;0.0003;0.3280;0.4626;0.7572;25.831139
1283;8240;0.0003;0.3281;0.4630;0.7533;25.831140
1283;8241;0.0003;0.3282;0.4635;0.7493;25.831141
1283;8242;0.0003;0.3280;0.4634;0.7493;25.831142
1283;8243;0.0003;0.3276;0.4633;0.7513;25.831143
1283;8244;0.0003;0.3277;0.4636;0.7493;25.831144
1283;8245;0.0003;0.3275;0.4637;0.7513;25.831145
1283;8246;0.0003;0.3271;0.4634;0.7513;25.831146
1283;8247;0.0003;0.3265;0.4628;0.7493;25.831147
1283;8248;0.0003;0.3264;0.4631;0.7513;25.831148
1283;8249;0.0003;0.3264;0.4633;0.7513;25.831149
1283;8250;0.0003;0.3259;0.4629;0.7572;25.831150
1283;8251;0.0003;0.3260;0.4634;0.7691;25.831151
1283;8252;0.0003;0.3260;0.4636;0.7711;25.831152
1283;8253;0.0003;0.3258;0.4637;0.7711;25.831153
1283;8254;0.0003;0.3259;0.4641;0.7691;25.831154
1283;8255;0.0003;0.3253;0.4636;0.7632;25.831155
1283;8256;0.0003;0.3246;0.4630;0.7612;25.831156
1283;8257;0.0003;0.3245;0.4630;0.7612;25.831157
1283;8258;0.0003;0.3245;0.4633;0.7592;25.831158
1283;8259;0.0003;0.3246;0.4637;0.7572;25.831159
1283;8260;0.0003;0.3242;0.4635;0.7533;25.831160
1283;8261;0.0003;0.3238;0.4632;0.7553;25.831161
1283;8262;0.0003;0.3234;0.4630;0.7632;25.831162
1283;8263;0.0003;0.3231;0.4628;0.7671;25.831163
1283;8264;0.0003;0.3227;0.4626;0.7632;25.831164
1283;8265;0.0003;0.3222;0.4621;0.7553;25.831165
1283;8266;0.0003;0.3219;0.4620;0.7533;25.831166
1283;8267;0.0003;0.3222;0.4627;0.7474;25.831167
1283;8268;0.0003;0.3224;0.4634;0.7394;25.831168
1283;8269;0.0003;0.3226;0.4640;0.7375;25.831169
1283;8270;0.0003;0.3224;0.4639;0.7394;25.831170
1283;8271;0.0003;0.3221;0.4639;0.7434;25.831171
1283;8272;0.0003;0.3220;0.4640;0.7394;25.831172
1283;8273;0.0003;0.3217;0.4639;0.7375;25.831173
1283;8274;0.0003;0.3216;0.4640;0.7375;25.831174
1283;8275;0.0003;0.3214;0.4640;0.7335;25.831175
1283;8276;0.0003;0.3211;0.4640;0.7335;25.831176
1283;8277;0.0003;0.3209;0.4639;0.7335;25.831177
1283;8278;0.0003;0.3203;0.4634;0.7335;25.831178
1283;8279;0.0003;0.3199;0.4631;0.7276;25.831179
1283;8280;0.0003;0.3195;0.4629;0.7217;25.831180
1283;8281;0.0003;0.3194;0.4630;0.7157;25.831181
1283;8282;0.0003;0.3194;0.4632;0.7078;25.831182
1283;8283;0.0003;0.3195;0.4637;0.7058;25.831183
1283;8284;0.0003;0.3193;0.4638;0.7118;25.831184
1283;8285;0.0003;0.3189;0.4635;0.7118;25.831185
1283;8286;0.0003;0.3190;0.4640;0.7098;25.831186
1283;8287;0.0003;0.3193;0.4646;0.7039;25.831187
1283;8288;0.0003;0.3186;0.4640;0.7019;25.831188
1283;8289;0.0003;0.3181;0.4635;0.7039;25.831189
1283;8290;0.0003;0.3182;0.4640;0.7058;25.831190
1283;8291;0.0003;0.3184;0.4645;0.7078;25.831191
1283;8292;0.0003;0.3182;0.4645;0.7078;25.831192
1283;8293;0.0003;0.3176;0.4641;0.7078;25.831193
1283;8294;0.0003;0.3174;0.4640;0.7078;25.831194
1283;8295;0.0003;0.3170;0.4637;0.7078;25.831195
1283;8296;0.0003;0.3162;0.4629;0.7098;25.831196
1283;8297;0.0003;0.3162;0.4631;0.7078;25.831197
1283;8298;0.0003;0.3164;0.4638;0.7098;25.831198
1283;8299;0.0003;0.3166;0.4643;0.7177;25.831199
1283;8300;0.0003;0.3163;0.4642;0.7217;25.831200
1283;8301;0.0003;0.3159;0.4639;0.7217;25.831201
1283;8302;0.0003;0.3153;0.4635;0.7217;25.831202
1283;8303;0.0003;0.3149;0.4631;0.7197;25.831203
1283;8304;0.0003;0.3148;0.4632;0.7236;25.831204
1283;8305;0.0003;0.3147;0.4634;0.7256;25.831205
1283;8306;0.0003;0.3148;0.4638;0.7256;25.831206
1283;8307;0.0003;0.3146;0.4639;0.7276;25.831207
1283;8308;0.0003;0.3145;0.4640;0.7335;25.831208
1283;8309;0.0003;0.3145;0.4643;0.7414;25.831209
1283;8310;0.0003;0.3143;0.4644;0.7434;25.831210
1283;8311;0.0003;0.3138;0.4639;0.7414;25.831211
1283;8312;0.0003;0.3131;0.4633;0.7407;25.831212
1283;8313;0.0003;0.3124;0.4624;0.7427;25.831213
1283;8314;0.0003;0.3125;0.4629;0.7527;25.831214
1283;8315;0.0003;0.3128;0.4637;0.7566;25.831215
1283;8316;0.0003;0.3127;0.4639;0.7507;25.831216
1283;8317;0.0003;0.3130;0.4646;0.7454;25.831217
1283;8318;0.0003;0.3128;0.4646;0.7454;25.831218
1283;8319;0.0003;0.3121;0.4639;0.7566;25.831219
1283;8320;0.0003;0.3118;0.4637;0.7606;25.831220
1283;8321;0.0003;0.3118;0.4640;0.7626;25.831221
1283;8322;0.0003;0.3117;0.4642;0.7626;25.831222
1283;8323;0.0003;0.3114;0.4641;0.7566;25.831223
1283;8324;0.0003;0.3109;0.4636;0.7546;25.831224
1283;8325;0.0003;0.3107;0.4637;0.7566;25.831225
1283;8326;0.0003;0.3107;0.4639;0.7586;25.831226
1283;8327;0.0003;0.3108;0.4644;0.7586;25.831227
1283;8328;0.0003;0.3105;0.4643;0.7527;25.831228
1283;8329;0.0003;0.3100;0.4638;0.7467;25.831229
1283;8330;0.0003;0.3096;0.4636;0.7507;25.831230
1283;8331;0.0003;0.3095;0.4637;0.7546;25.831231
1283;8332;0.0003;0.3097;0.4643;0.7527;25.831232
1283;8333;0.0003;0.3098;0.4648;0.7507;25.831233
1283;8334;0.0003;0.3097;0.4649;0.7546;25.831234
1283;8335;0.0003;0.3091;0.4644;0.7566;25.831235
1283;8336;0.0003;0.3086;0.4639;0.7467;25.831236
1283;8337;0.0003;0.3082;0.4636;0.7407;25.831237
1283;8338;0.0003;0.3078;0.4633;0.7388;25.831238
1283;8339;0.0003;0.3078;0.4636;0.7388;25.831239
1283;8340;0.0003;0.3078;0.4639;0.7427;25.831240
1283;8341;0.0003;0.3079;0.4644;0.7427;25.831241
1283;8342;0.0003;0.3079;0.4646;0.7447;25.831242
1283;8343;0.0003;0.3075;0.4644;0.7487;25.831243
1283;8344;0.0003;0.3071;0.4640;0.7546;25.831244
1283;8345;0.0003;0.3069;0.4642;0.7566;25.831245
1283;8346;0.0003;0.3067;0.4641;0.7566;25.831246
1283;8347;0.0003;0.3065;0.4642;0.7527;25.831247
1283;8348;0.0003;0.3065;0.4644;0.7507;25.831248
1283;8349;0.0003;0.3061;0.4642;0.7487;25.831249
1283;8350;0.0003;0.3057;0.4639;0.7507;25.831250
1283;8351;0.0003;0.3056;0.4640;0.7467;25.831251
1283;8352;0.0003;0.3057;0.4645;0.7427;25.831252
1283;8353;0.0003;0.3058;0.4649;0.7388;25.831253
1283;8354;0.0003;0.3055;0.4648;0.7427;25.831254
1283;8355;0.0003;0.3050;0.4643;0.7487;25.831255
1283;8356;0.0003;0.3041;0.4633;0.7487;25.831256
1283;8357;0.0003;0.3035;0.4626;0.7447;25.831257
1283;8358;0.0003;0.3036;0.4631;0.7427;25.831258
1283;8359;0.0003;0.3036;0.4634;0.7427;25.831259
1283;8360;0.0003;0.3033;0.4632;0.7447;25.831260
1283;8361;0.0003;0.3029;0.4630;0.7407;25.831261
1283;8362;0.0003;0.3031;0.4636;0.7407;25.831262
1283;8363;0.0003;0.3032;0.4641;0.7407;25.831263
1283;8364;0.0003;0.3027;0.4636;0.7407;25.831264
1283;8365;0.0003;0.3026;0.4638;0.7388;25.831265
1283;8366;0.0003;0.3026;0.4640;0.7328;25.831266
1283;8367;0.0003;0.3024;0.4641;0.7268;25.831267
1283;8368;0.0003;0.3023;0.4642;0.7288;25.831268
1283;8369;0.0003;0.3020;0.4641;0.7288;25.831269
1283;8370;0.0003;0.3019;0.4642;0.7288;25.831270
1283;8371;0.0003;0.3018;0.4645;0.7348;25.831271
1283;8372;0.0003;0.3017;0.4646;0.7368;25.831272
1283;8373;0.0003;0.3016;0.4647;0.7368;25.831273
1283;8374;0.0003;0.3013;0.4645;0.7328;25.831274
1283;8375;0.0003;0.3008;0.4641;0.7368;25.831275
1283;8376;0.0003;0.3005;0.4639;0.7427;25.831276
1283;8377;0.0003;0.3002;0.4639;0.7388;25.831277
1283;8378;0.0003;0.3003;0.4643;0.7308;25.831278
1283;8379;0.0003;0.3002;0.4644;0.7268;25.831279
1283;8380;0.0003;0.2998;0.4641;0.7288;25.831280
1283;8381;0.0003;0.2996;0.4641;0.7308;25.831281
1283;8382;0.0003;0.2991;0.4637;0.7249;25.831282
1283;8383;0.0003;0.2992;0.4642;0.7189;25.831283
1283;8384;0.0003;0.2993;0.4647;0.7110;25.831284
1283;8385;0.0003;0.2994;0.4650;0.7129;25.831285
1283;8386;0.0003;0.2993;0.4653;0.7189;25.831286
1283;8387;0.0003;0.2986;0.4644;0.7169;25.831287
1283;8388;0.0003;0.2980;0.4639;0.7189;25.831288
1283;8389;0.0003;0.2975;0.4634;0.7229;25.831289
1283;8390;0.0003;0.2975;0.4636;0.7249;25.831290
1283;8391;0.0003;0.2974;0.4638;0.7229;25.831291
1283;8392;0.0003;0.2972;0.4639;0.7169;25.831292
1283;8393;0.0003;0.2969;0.4637;0.7169;25.831293
1283;8394;0.0003;0.2966;0.4635;0.7209;25.831294
1283;8395;0.0003;0.2968;0.4642;0.7189;25.831295
1283;8396;0.0003;0.2972;0.4650;0.7169;25.831296
1283;8397;0.0003;0.2969;0.4649;0.7169;25.831297
1283;8398;0.0003;0.2963;0.4644;0.7149;25.831298
1283;8399;0.0003;0.2960;0.4641;0.7110;25.831299
1283;8400;0.0003;0.2962;0.4648;0.7110;25.831300
1283;8401;0.0003;0.2963;0.4652;0.7050;25.831301
1283;8402;0.0003;0.2959;0.4650;0.7010;25.831302
1283;8403;0.0003;0.2957;0.4649;0.7030;25.831303
1283;8404;0.0003;0.2953;0.4646;0.7070;25.831304
1283;8405;0.0003;0.2946;0.4639;0.7137;25.831305
1283;8406;0.0003;0.2943;0.4637;0.7177;25.831306
1283;8407;0.0003;0.2942;0.4638;0.7177;25.831307
1283;8408;0.0003;0.2941;0.4640;0.7117;25.831308
1283;8409;0.0003;0.2939;0.4640;0.7097;25.831309
1283;8410;0.0003;0.2937;0.4639;0.7077;25.831310
1283;8411;0.0003;0.2939;0.4646;0.7077;25.831311
1283;8412;0.0003;0.2939;0.4650;0.7030;25.831312
1283;8413;0.0003;0.2939;0.4652;0.7050;25.831313
1283;8414;0.0003;0.2937;0.4653;0.7050;25.831314
1283;8415;0.0003;0.2935;0.4652;0.7050;25.831315
1283;8416;0.0003;0.2929;0.4646;0.7117;25.831316
1283;8417;0.0003;0.2924;0.4642;0.7177;25.831317
1283;8418;0.0003;0.2924;0.4645;0.7196;25.831318
1283;8419;0.0003;0.2921;0.4643;0.7177;25.831319
1283;8420;0.0003;0.2916;0.4638;0.7177;25.831320
1283;8421;0.0003;0.2913;0.4637;0.7256;25.831321
1283;8422;0.0003;0.2911;0.4636;0.7276;25.831322
1283;8423;0.0003;0.2910;0.4637;0.7216;25.831323
1283;8424;0.0003;0.2912;0.4644;0.7216;25.831324
1283;8425;0.0003;0.2912;0.4649;0.7236;25.831325
1283;8426;0.0003;0.2910;0.4648;0.7276;25.831326
1283;8427;0.0003;0.2907;0.4645;0.7336;25.831327
1283;8428;0.0003;0.2906;0.4648;0.7356;25.831328
1283;8429;0.0003;0.2906;0.4650;0.7376;25.831329
1283;8430;0.0003;0.2905;0.4653;0.7356;25.831330
1283;8431;0.0003;0.2908;0.4660;0.7416;25.831331
1283;8432;0.0003;0.2905;0.4659;0.7436;25.831332
1283;8433;0.0003;0.2898;0.4650;0.7456;25.831333
1283;8434;0.0003;0.2893;0.4646;0.7436;25.831334
1283;8435;0.0003;0.2894;0.4650;0.7396;25.831335
1283;8436;0.0003;0.2891;0.4649;0.7396;25.831336
1283;8437;0.0003;0.2885;0.4642;0.7396;25.831337
1283;8438;0.0003;0.2882;0.4641;0.7456;25.831338
1283;8439;0.0003;0.2881;0.4643;0.7496;25.831339
1283;8440;0.0003;0.2883;0.4648;0.7535;25.831340
1283;8441;0.0003;0.2881;0.4649;0.7595;25.831341
1283;8442;0.0003;0.2878;0.4647;0.7555;25.831342
1283;8443;0.0003;0.2877;0.4649;0.7496;25.831343
1283;8444;0.0003;0.2876;0.4650;0.7476;25.831344
1283;8445;0.0003;0.2873;0.4648;0.7496;25.831345
1283;8446;0.0003;0.2868;0.4643;0.7496;25.831346
1283;8447;0.0003;0.2865;0.4643;0.7496;25.831347
1283;8448;0.0003;0.2863;0.4642;0.7515;25.831348
1283;8449;0.0003;0.2861;0.4643;0.7555;25.831349
1283;8450;0.0003;0.2859;0.4642;0.7595;25.831350
1283;8451;0.0003;0.2856;0.4640;0.7675;25.831351
1283;8452;0.0003;0.2858;0.4647;0.7755;25.831352
1283;8453;0.0003;0.2857;0.4648;0.7755;25.831353
1283;8454;0.0003;0.2851;0.4641;0.7795;25.831354
1283;8455;0.0003;0.2845;0.4634;0.7834;25.831355
1283;8456;0.0003;0.2845;0.4639;0.7834;25.831356
1283;8457;0.0003;0.2849;0.4648;0.7775;25.831357
1283;8458;0.0003;0.2849;0.4650;0.7735;25.831358
1283;8459;0.0003;0.2844;0.4647;0.7735;25.831359
1283;8460;0.0003;0.2845;0.4651;0.7755;25.831360
1283;8461;0.0003;0.2843;0.4651;0.7795;25.831361
1283;8462;0.0003;0.2841;0.4651;0.7814;25.831362
1283;8463;0.0003;0.2839;0.4651;0.7834;25.831363
1283;8464;0.0003;0.2835;0.4648;0.7854;25.831364
1283;8465;0.0003;0.2831;0.4645;0.7854;25.831365
1283;8466;0.0003;0.2829;0.4644;0.7874;25.831366
1283;8467;0.0003;0.2826;0.4642;0.7914;25.831367
1283;8468;0.0003;0.2823;0.4641;0.7914;25.831368
1283;8469;0.0003;0.2827;0.4651;0.7874;25.831369
1283;8470;0.0003;0.2830;0.4657;0.7834;25.831370
1283;8471;0.0003;0.2824;0.4652;0.7814;25.831371
1283;8472;0.0003;0.2818;0.4645;0.7814;25.831372
1283;8473;0.0003;0.2814;0.4642;0.7814;25.831373
1283;8474;0.0003;0.2816;0.4649;0.7874;25.831374
1283;8475;0.0003;0.2817;0.4653;0.7854;25.831375
1283;8476;0.0003;0.2816;0.4654;0.7814;25.831376
1283;8477;0.0003;0.2814;0.4655;0.7834;25.831377
1283;8478;0.0003;0.2810;0.4652;0.7834;25.831378
1283;8479;0.0003;0.2808;0.4651;0.7834;25.831379
1283;8480;0.0003;0.2806;0.4652;0.7834;25.831380
1283;8481;0.0003;0.2804;0.4651;0.7814;25.831381
1283;8482;0.0003;0.2801;0.4650;0.7874;25.831382
1283;8483;0.0003;0.2797;0.4646;0.7934;25.831383
1283;8484;0.0003;0.2798;0.4652;0.7974;25.831384
1283;8485;0.0003;0.2798;0.4654;0.7954;25.831385
1283;8486;0.0003;0.2792;0.4647;0.7894;25.831386
1283;8487;0.0003;0.2788;0.4644;0.7854;25.831387
1283;8488;0.0003;0.2785;0.4642;0.7874;25.831388
1283;8489;0.0003;0.2784;0.4644;0.7874;25.831389
1283;8490;0.0003;0.2783;0.4645;0.7854;25.831390
1283;8491;0.0003;0.2781;0.4645;0.7854;25.831391
1283;8492;0.0003;0.2782;0.4650;0.7894;25.831392
1283;8493;0.0003;0.2781;0.4652;0.7874;25.831393
1283;8494;0.0003;0.2781;0.4654;0.7795;25.831394
1283;8495;0.0003;0.2780;0.4657;0.7814;25.831395
1283;8496;0.0003;0.2774;0.4650;0.7834;25.831396
1283;8497;0.0003;0.2772;0.4650;0.7834;25.831397
1283;8498;0.0003;0.2769;0.4647;0.7755;25.831398
1283;8499;0.0003;0.2765;0.4644;0.7675;25.831399
1283;8500;0.0003;0.2765;0.4647;0.7675;25.831400
1283;8501;0.0003;0.2763;0.4648;0.7635;25.831401
1283;8502;0.0003;0.2761;0.4647;0.7615;25.831402
1283;8503;0.0003;0.2759;0.4647;0.7595;25.831403
1283;8504;0.0003;0.2755;0.4645;0.7635;25.831404
1283;8505;0.0003;0.2754;0.4645;0.7695;25.831405
1283;8506;0.0003;0.2754;0.4648;0.7715;25.831406
1283;8507;0.0003;0.2751;0.4647;0.7675;25.831407
1283;8508;0.0003;0.2749;0.4646;0.7644;25.831408
1283;8509;0.0003;0.2747;0.4647;0.7624;25.831409
1283;8510;0.0003;0.2749;0.4653;0.7635;25.831410
1283;8511;0.0003;0.2749;0.4657;0.7655;25.831411
1283;8512;0.0003;0.2745;0.4653;0.7655;25.831412
1283;8513;0.0003;0.2743;0.4652;0.7635;25.831413
1283;8514;0.0003;0.2740;0.4650;0.7664;25.831414
1283;8515;0.0003;0.2739;0.4652;0.7684;25.831415
1283;8516;0.0003;0.2741;0.4658;0.7675;25.831416
1283;8517;0.0003;0.2739;0.4659;0.7675;25.831417
1283;8518;0.0003;0.2736;0.4656;0.7635;25.831418
1283;8519;0.0003;0.2732;0.4653;0.7584;25.831419
1283;8520;0.0003;0.2727;0.4648;0.7584;25.831420
1283;8521;0.0003;0.2727;0.4651;0.7644;25.831421
1283;8522;0.0003;0.2730;0.4660;0.7655;25.831422
1283;8523;0.0003;0.2729;0.4662;0.7655;25.831423
1283;8524;0.0003;0.2723;0.4655;0.7644;25.831424
1283;8525;0.0003;0.2720;0.4652;0.7664;25.831425
1283;8526;0.0003;0.2716;0.4649;0.7664;25.831426
1283;8527;0.0003;0.2713;0.4647;0.7704;25.831427
1283;8528;0.0003;0.2716;0.4656;0.7744;25.831428
1283;8529;0.0003;0.2714;0.4655;0.7784;25.831429
1283;8530;0.0003;0.2706;0.4646;0.7844;25.831430
1283;8531;0.0003;0.2704;0.4645;0.7904;25.831431
1283;8532;0.0003;0.2705;0.4650;0.7904;25.831432
1283;8533;0.0003;0.2706;0.4654;0.7844;25.831433
1283;8534;0.0003;0.2705;0.4656;0.7784;25.831434
1283;8535;0.0003;0.2705;0.4660;0.7744;25.831435
1283;8536;0.0003;0.2704;0.4661;0.7724;25.831436
1283;8537;0.0003;0.2700;0.4658;0.7764;25.831437
1283;8538;0.0003;0.2697;0.4657;0.7804;25.831438
1283;8539;0.0003;0.2695;0.4656;0.7764;25.831439
1283;8540;0.0003;0.2695;0.4658;0.7724;25.831440
1283;8541;0.0003;0.2693;0.4659;0.7644;25.831441
1283;8542;0.0003;0.2688;0.4654;0.7584;25.831442
1283;8543;0.0003;0.2685;0.4651;0.7564;25.831443
1283;8544;0.0003;0.2680;0.4646;0.7564;25.831444
1283;8545;0.0003;0.2676;0.4643;0.7644;25.831445
1283;8546;0.0003;0.2676;0.4647;0.7744;25.831446
1283;8547;0.0003;0.2675;0.4648;0.7824;25.831447
1283;8548;0.0003;0.2673;0.4647;0.7904;25.831448
1283;8549;0.0003;0.2671;0.4647;0.7964;25.831449
1283;8550;0.0003;0.2673;0.4654;0.8124;25.831450
1283;8551;0.0003;0.2673;0.4657;0.8284;25.831451
1283;8552;0.0003;0.2670;0.4656;0.8364;25.831452
1283;8553;0.0003;0.2670;0.4659;0.8464;25.831453
1283;8554;0.0003;0.2667;0.4656;0.8564;25.831454
1283;8555;0.0003;0.2663;0.4652;0.8644;25.831455
1283;8556;0.0003;0.2663;0.4656;0.8704;25.831456
1283;8557;0.0003;0.2664;0.4662;0.8704;25.831457
1283;8558;0.0003;0.2663;0.4663;0.8664;25.831458
1283;8559;0.0003;0.2660;0.4660;0.8544;25.831459
1283;8560;0.0003;0.2657;0.4658;0.8344;25.831460
1283;8561;0.0003;0.2654;0.4657;0.8104;25.831461
1283;8562;0.0003;0.2652;0.4656;0.7804;25.831462
1283;8563;0.0003;0.2649;0.4656;0.7484;25.831463
1283;8564;0.0003;0.2651;0.4662;0.7103;25.831464
1283;8565;0.0003;0.2649;0.4662;0.6723;25.831465
1283;8566;0.0003;0.2648;0.4663;0.6363;25.831466
1283;8567;0.0003;0.2648;0.4667;0.6043;25.831467
1283;8568;0.0003;0.2643;0.4661;0.5843;25.831468
1283;8569;0.0003;0.2639;0.4658;0.5743;25.831469
1283;8570;0.0003;0.2638;0.4659;0.5703;25.831470
1283;8571;0.0003;0.2638;0.4662;0.5723;25.831471
1283;8572;0.0003;0.2635;0.4661;0.5863;25.831472
1283;8573;0.0003;0.2634;0.4661;0.6043;25.831473
1283;8574;0.0003;0.2633;0.4663;0.6143;25.831474
1283;8575;0.0003;0.2631;0.4663;0.6203;25.831475
1283;8576;0.0003;0.2629;0.4663;0.6203;25.831476
1283;8577;0.0003;0.2630;0.4669;0.6103;25.831477
1283;8578;0.0003;0.2632;0.4676;0.5903;25.831478
1283;8579;0.0003;0.2631;0.4676;0.5603;25.831479
1283;8580;0.0003;0.2628;0.4675;0.5162;25.831480
1283;8581;0.0003;0.2632;0.4686;0.4702;25.831481
1283;8582;0.0003;0.2632;0.4689;0.4222;25.831482
1283;8583;0.0003;0.2626;0.4681;0.3762;25.831483
1283;8584;0.0003;0.2621;0.4676;0.3342;25.831484
1283;8585;0.0003;0.2622;0.4681;0.2961;25.831485
1283;8586;0.0003;0.2623;0.4685;0.2581;25.831486
1283;8587;0.0003;0.2620;0.4685;0.2253;25.831487
1283;8588;0.0003;0.2618;0.4684;0.2012;25.831488
1283;8589;0.0003;0.2613;0.4678;0.1834;25.831489
1283;8590;0.0003;0.2611;0.4677;0.1669;25.831490
1283;8591;0.0003;0.2613;0.4684;0.1566;25.831491
1283;8592;0.0003;0.2612;0.4687;0.1537;25.831492
1283;8593;0.0003;0.2613;0.4692;0.1518;25.831493
1283;8594;0.0003;0.2612;0.4693;0.1519;25.831494
1283;8595;0.0003;0.2604;0.4683;0.1548;25.831495
1283;8596;0.0003;0.2597;0.4673;0.1573;25.831496
1283;8597;0.0003;0.2586;0.4657;0.1585;25.831497
1283;8598;0.0003;0.2583;0.4655;0.1658;25.831498
1283;8599;0.0003;0.2589;0.4670;0.1800;25.831499
1283;8600;0.0003;0.2586;0.4667;0.1926;25.831500
1283;8601;0.0003;0.2576;0.4653;0.2099;25.831501
1283;8602;0.0003;0.2570;0.4644;0.2333;25.831502
1283;8603;0.0003;0.2563;0.4635;0.2612;25.831503
1283;8604;0.0003;0.2568;0.4647;0.2921;25.831504
1283;8605;0.0003;0.2571;0.4657;0.3222;25.831505
1283;8606;0.0003;0.2566;0.4651;0.3502;25.831506
1283;8607;0.0003;0.2563;0.4648;0.3862;25.831507
1283;8608;0.0003;0.2563;0.4652;0.4282;25.831508
1283;8609;0.0003;0.2563;0.4656;0.4702;25.831509
1283;8610;0.0003;0.2561;0.4655;0.5122;25.831510
1283;8611;0.0003;0.2556;0.4649;0.5563;25.831511
1283;8612;0.0003;0.2552;0.4646;0.5923;25.831512
1283;8613;0.0003;0.2553;0.4651;0.6283;25.831513
1283;8614;0.0003;0.2555;0.4658;0.6623;25.831514
1283;8615;0.0003;0.2551;0.4654;0.6903;25.831515
1283;8616;0.0003;0.2548;0.4651;0.7123;25.831516
1283;8617;0.0003;0.2551;0.4660;0.7283;25.831517
1283;8618;0.0003;0.2551;0.4664;0.7364;25.831518
1283;8619;0.0003;0.2547;0.4661;0.7444;25.831519
1283;8620;0.0003;0.2542;0.4654;0.7504;25.831520
1283;8621;0.0003;0.2539;0.4653;0.7524;25.831521
1283;8622;0.0003;0.2541;0.4660;0.7544;25.831522
1283;8623;0.0003;0.2541;0.4662;0.7564;25.831523
1283;8624;0.0003;0.2536;0.4657;0.7604;25.831524
1283;8625;0.0003;0.2532;0.4652;0.7636;25.831525
1283;8626;0.0003;0.2529;0.4651;0.7656;25.831526
1283;8627;0.0003;0.2529;0.4654;0.7676;25.831527
1283;8628;0.0003;0.2526;0.4652;0.7656;25.831528
1283;8629;0.0003;0.2525;0.4653;0.7676;25.831529
1283;8630;0.0003;0.2524;0.4655;0.7716;25.831530
1283;8631;0.0003;0.2522;0.4654;0.7736;25.831531
1283;8632;0.0003;0.2521;0.4658;0.7716;25.831532
1283;8633;0.0003;0.2521;0.4660;0.7696;25.831533
1283;8634;0.0003;0.2521;0.4663;0.7704;25.831534
1283;8635;0.0003;0.2518;0.4662;0.7776;25.831535
1283;8636;0.0003;0.2513;0.4656;0.7796;25.831536
1283;8637;0.0003;0.2512;0.4657;0.7816;25.831537
1283;8638;0.0003;0.2514;0.4664;0.7837;25.831538
1283;8639;0.0003;0.2512;0.4663;0.7816;25.831539
1283;8640;0.0003;0.2508;0.4660;0.7776;25.831540
1283;8641;0.0003;0.2503;0.4654;0.7736;25.831541
1283;8642;0.0003;0.2502;0.4655;0.7756;25.831542
1283;8643;0.0003;0.2500;0.4656;0.7736;25.831543
1283;8644;0.0003;0.2498;0.4655;0.7756;25.831544
1283;8645;0.0003;0.2496;0.4656;0.7796;25.831545
1283;8646;0.0003;0.2494;0.4654;0.7776;25.831546
1283;8647;0.0003;0.2493;0.4656;0.7736;25.831547
1283;8648;0.0003;0.2494;0.4661;0.7696;25.831548
1283;8649;0.0003;0.2493;0.4662;0.7696;25.831549
1283;8650;0.0003;0.2489;0.4658;0.7756;25.831550
1283;8651;0.0003;0.2484;0.4653;0.7776;25.831551
1283;8652;0.0003;0.2483;0.4655;0.7756;25.831552
1283;8653;0.0003;0.2484;0.4661;0.7756;25.831553
1283;8654;0.0003;0.2485;0.4666;0.7756;25.831554
1283;8655;0.0003;0.2484;0.4667;0.7736;25.831555
1283;8656;0.0003;0.2476;0.4655;0.7676;25.831556
1283;8657;0.0003;0.2471;0.4650;0.7676;25.831557
1283;8658;0.0003;0.2468;0.4647;0.7696;25.831558
1283;8659;0.0003;0.2468;0.4651;0.7716;25.831559
1283;8660;0.0003;0.2470;0.4658;0.7756;25.831560
1283;8661;0.0003;0.2468;0.4657;0.7796;25.831561
1283;8662;0.0003;0.2467;0.4660;0.7816;25.831562
1283;8663;0.0003;0.2467;0.4662;0.7776;25.831563
1283;8664;0.0003;0.2463;0.4659;0.7736;25.831564
1283;8665;0.0003;0.2464;0.4664;0.7716;25.831565
1283;8666;0.0003;0.2463;0.4664;0.7716;25.831566
1283;8667;0.0003;0.2460;0.4663;0.7756;25.831567
1283;8668;0.0003;0.2460;0.4667;0.7776;25.831568
1283;8669;0.0003;0.2459;0.4668;0.7736;25.831569
1283;8670;0.0003;0.2456;0.4666;0.7776;25.831570
1283;8671;0.0003;0.2449;0.4657;0.7837;25.831571
1283;8672;0.0003;0.2444;0.4649;0.7877;25.831572
1283;8673;0.0003;0.2445;0.4656;0.7937;25.831573
1283;8674;0.0003;0.2446;0.4661;0.7937;25.831574
1283;8675;0.0003;0.2447;0.4666;0.7917;25.831575
1283;8676;0.0003;0.2445;0.4666;0.7877;25.831576
1283;8677;0.0003;0.2442;0.4663;0.7837;25.831577
1283;8678;0.0003;0.2439;0.4661;0.7857;25.831578
1283;8679;0.0003;0.2432;0.4652;0.7897;25.831579
1283;8680;0.0003;0.2429;0.4649;0.7977;25.831580
1283;8681;0.0003;0.2427;0.4649;0.8017;25.831581
1283;8682;0.0003;0.2425;0.4648;0.7977;25.831582
1283;8683;0.0003;0.2426;0.4653;0.7957;25.831583
1283;8684;0.0003;0.2423;0.4651;0.7937;25.831584
1283;8685;0.0003;0.2421;0.4650;0.7977;25.831585
1283;8686;0.0003;0.2421;0.4656;0.7997;25.831586
1283;8687;0.0003;0.2422;0.4660;0.7977;25.831587
1283;8688;0.0003;0.2421;0.4661;0.7957;25.831588
1283;8689;0.0003;0.2419;0.4661;0.7957;25.831589
1283;8690;0.0003;0.2418;0.4663;0.7957;25.831590
1283;8691;0.0003;0.2417;0.4665;0.7877;25.831591
1283;8692;0.0003;0.2415;0.4664;0.7837;25.831592
1283;8693;0.0003;0.2415;0.4667;0.7837;25.831593
1283;8694;0.0003;0.2410;0.4661;0.7877;25.831594
1283;8695;0.0003;0.2407;0.4660;0.7857;25.831595
1283;8696;0.0003;0.2409;0.4666;0.7796;25.831596
1283;8697;0.0003;0.2407;0.4665;0.7756;25.831597
1283;8698;0.0003;0.2400;0.4655;0.7736;25.831598
1283;8699;0.0003;0.2393;0.4646;0.7716;25.831599
1283;8700;0.0003;0.2396;0.4655;0.7696;25.831600
1283;8701;0.0003;0.2400;0.4667;0.7696;25.831601
1283;8702;0.0003;0.2397;0.4665;0.7676;25.831602
1283;8703;0.0003;0.2395;0.4664;0.7716;25.831603
1283;8704;0.0003;0.2395;0.4667;0.7736;25.831604
1283;8705;0.0003;0.2395;0.4671;0.7776;25.831605
1283;8706;0.0003;0.2395;0.4675;0.7837;25.831606
1283;8707;0.0003;0.2396;0.4681;0.7997;25.831607
1283;8708;0.0003;0.2400;0.4692;0.8238;25.831608
1283;8709;0.0003;0.2404;0.4703;0.8540;25.831609
1283;8710;0.0003;0.2405;0.4708;0.9002;25.831610
1283;8711;0.0003;0.2409;0.4719;0.9625;25.831611
1283;8712;0.0003;0.2414;0.4733;1.0265;25.831612
1283;8713;0.0003;0.2419;0.4746;1.1085;25.831613
1283;8714;0.0003;0.2423;0.4758;1.1946;25.831614
1283;8715;0.0003;0.2424;0.4763;1.2886;25.831615
1283;8716;0.0003;0.2427;0.4772;1.3827;25.831616
1283;8717;0.0003;0.2429;0.4780;1.4727;25.831617
1283;8718;0.0003;0.2426;0.4779;1.5567;25.831618
1283;8719;0.0003;0.2421;0.4772;1.6288;25.831619
1283;8720;0.0003;0.2421;0.4775;1.6888;25.831620
1283;8721;0.0003;0.2426;0.4790;1.7608;25.831621
1283;8722;0.0003;0.2430;0.4801;1.8349;25.831622
1283;8723;0.0003;0.2428;0.4801;1.9029;25.831623
1283;8724;0.0003;0.2428;0.4804;1.9669;25.831624
1283;8725;0.0003;0.2428;0.4807;2.0330;25.831625
1283;8726;0.0003;0.2429;0.4812;2.0970;25.831626
1283;8727;0.0003;0.2429;0.4817;2.1470;25.831627
1283;8728;0.0003;0.2428;0.4819;2.1990;25.831628
1283;8729;0.0003;0.2427;0.4820;2.2591;25.831629
1283;8730;0.0003;0.2426;0.4823;2.3191;25.831630
1283;8731;0.0003;0.2428;0.4830;2.3643;25.831631
1283;8732;0.0003;0.2426;0.4830;2.4121;25.831632
1283;8733;0.0003;0.2424;0.4828;2.4620;25.831633
1283;8734;0.0003;0.2423;0.4830;2.5178;25.831634
1283;8735;0.0003;0.2425;0.4838;2.5696;25.831635
1283;8736;0.0003;0.2426;0.4845;2.6214;25.831636
1283;8737;0.0003;0.2425;0.4847;2.6693;25.831637
1283;8738;0.0003;0.2425;0.4849;2.7111;25.831638
1283;8739;0.0003;0.2424;0.4852;2.7490;25.831639
1283;8740;0.0003;0.2421;0.4849;2.7889;25.831640
1283;8741;0.0003;0.2421;0.4853;2.8367;25.831641
1283;8742;0.0003;0.2421;0.4856;2.8746;25.831642
1283;8743;0.0003;0.2419;0.4857;2.9025;25.831643
1283;8744;0.0003;0.2420;0.4862;2.9264;25.831644
1283;8745;0.0003;0.2420;0.4865;2.9364;25.831645
1283;8746;0.0003;0.2420;0.4869;2.9464;25.831646
1283;8747;0.0003;0.2421;0.4875;2.9444;25.831647
1283;8748;0.0003;0.2420;0.4877;2.9324;25.831648
1283;8749;0.0003;0.2420;0.4881;2.9145;25.831649
1283;8750;0.0003;0.2420;0.4885;2.8746;25.831650
1283;8751;0.0003;0.2423;0.4894;2.8228;25.831651
1283;8752;0.0003;0.2422;0.4896;2.7550;25.831652
1283;8753;0.0003;0.2421;0.4897;2.6693;25.831653
1283;8754;0.0004;0.2423;0.4907;2.5556;25.831654
1283;8755;0.0004;0.2427;0.4918;2.4161;25.831655
1283;8756;0.0004;0.2430;0.4927;2.2726;25.831656
1283;8757;0.0004;0.2433;0.4939;2.1110;25.831657
1283;8758;0.0004;0.2436;0.4947;1.9601;25.831658
1283;8759;0.0004;0.2441;0.4961;1.8270;25.831659
1283;8760;0.0004;0.2443;0.4969;1.7079;25.831660
1283;8761;0.0004;0.2444;0.4976;1.6086;25.831661
1283;8762;0.0004;0.2447;0.4984;1.5351;25.831662
1283;8763;0.0004;0.2448;0.4992;1.4855;25.831663
1283;8764;0.0004;0.2451;0.5002;1.4616;25.831664
1283;8765;0.0004;0.2453;0.5009;1.4517;25.831665
1283;8766;0.0004;0.2454;0.5014;1.4517;25.831666
1283;8767;0.0004;0.2455;0.5021;1.4616;25.831667
1283;8768;0.0004;0.2455;0.5026;1.4656;25.831668
1283;8769;0.0004;0.2455;0.5028;1.4716;25.831669
1283;8770;0.0004;0.2453;0.5029;1.4795;25.831670
1283;8771;0.0004;0.2452;0.5030;1.4894;25.831671
1283;8772;0.0004;0.2453;0.5037;1.4927;25.831672
1283;8773;0.0004;0.2452;0.5038;1.4927;25.831673
1283;8774;0.0004;0.2451;0.5040;1.4908;25.831674
1283;8775;0.0004;0.2450;0.5043;1.4848;25.831675
1283;8776;0.0004;0.2449;0.5043;1.4769;25.831676
1283;8777;0.0004;0.2448;0.5046;1.4789;25.831677
1283;8778;0.0004;0.2446;0.5045;1.4789;25.831678
1283;8779;0.0004;0.2443;0.5044;1.4769;25.831679
1283;8780;0.0004;0.2442;0.5045;1.4730;25.831680
1283;8781;0.0004;0.2441;0.5047;1.4710;25.831681
1283;8782;0.0004;0.2442;0.5053;1.4690;25.831682
1283;8783;0.0004;0.2441;0.5055;1.4631;25.831683
1283;8784;0.0004;0.2438;0.5054;1.4651;25.831684
1283;8785;0.0004;0.2436;0.5053;1.4651;25.831685
1283;8786;0.0004;0.2434;0.5053;1.4611;25.831686
1283;8787;0.0004;0.2433;0.5054;1.4611;25.831687
1283;8788;0.0004;0.2432;0.5055;1.4591;25.831688
1283;8789;0.0004;0.2430;0.5056;1.4591;25.831689
1283;8790;0.0004;0.2431;0.5062;1.4572;25.831690
1283;8791;0.0004;0.2429;0.5063;1.4512;25.831691
1283;8792;0.0004;0.2428;0.5064;1.4591;25.831692
1283;8793;0.0004;0.2428;0.5069;1.4631;25.831693
1283;8794;0.0004;0.2426;0.5068;1.4670;25.831694
1283;8795;0.0004;0.2422;0.5064;1.4710;25.831695
1283;8796;0.0004;0.2419;0.5060;1.4690;25.831696
1283;8797;0.0004;0.2416;0.5059;1.4749;25.831697
1283;8798;0.0004;0.2414;0.5058;1.4789;25.831698
1283;8799;0.0004;0.2410;0.5055;1.4809;25.831699
1283;8800;0.0004;0.2410;0.5058;1.4848;25.831700
1283;8801;0.0004;0.2409;0.5060;1.4848;25.831701
1283;8802;0.0004;0.2407;0.5059;1.4829;25.831702
1283;8803;0.0004;0.2404;0.5057;1.4914;25.831703
1283;8804;0.0004;0.2400;0.5053;1.4894;25.831704
1283;8805;0.0004;0.2398;0.5053;1.4974;25.831705
1283;8806;0.0004;0.2397;0.5054;1.5093;25.831706
1283;8807;0.0004;0.2395;0.5055;1.5153;25.831707
1283;8808;0.0004;0.2393;0.5054;1.5153;25.831708
1283;8809;0.0004;0.2390;0.5053;1.5252;25.831709
1283;8810;0.0004;0.2390;0.5055;1.5411;25.831710
1283;8811;0.0004;0.2389;0.5057;1.5470;25.831711
1283;8812;0.0004;0.2386;0.5057;1.5550;25.831712
1283;8813;0.0004;0.2385;0.5058;1.5629;25.831713
1283;8814;0.0004;0.2384;0.5059;1.5689;25.831714
1283;8815;0.0004;0.2381;0.5057;1.5728;25.831715
1283;8816;0.0004;0.2377;0.5053;1.5728;25.831716
1283;8817;0.0004;0.2375;0.5052;1.5768;25.831717
1283;8818;0.0004;0.2373;0.5051;1.5728;25.831718
1283;8819;0.0004;0.2370;0.5051;1.5629;25.831719
1283;8820;0.0004;0.2371;0.5056;1.5609;25.831720
1283;8821;0.0004;0.2372;0.5061;1.5530;25.831721
1283;8822;0.0004;0.2369;0.5060;1.5470;25.831722
1283;8823;0.0004;0.2366;0.5057;1.5450;25.831723
1283;8824;0.0004;0.2364;0.5057;1.5391;25.831724
1283;8825;0.0004;0.2364;0.5062;1.5391;25.831725
1283;8826;0.0004;0.2363;0.5062;1.5311;25.831726
1283;8827;0.0004;0.2359;0.5059;1.5232;25.831727
1283;8828;0.0004;0.2356;0.5056;1.5192;25.831728
1283;8829;0.0004;0.2352;0.5052;1.5153;25.831729
1283;8830;0.0004;0.2350;0.5053;1.5172;25.831730
1283;8831;0.0004;0.2350;0.5056;1.5093;25.831731
1283;8832;0.0004;0.2349;0.5057;1.4974;25.831732
1283;8833;0.0004;0.2348;0.5059;1.4914;25.831733
1283;8834;0.0004;0.2346;0.5060;1.4894;25.831734
1283;8835;0.0004;0.2345;0.5061;1.4855;25.831735
1283;8836;0.0004;0.2343;0.5061;1.4775;25.831736
1283;8837;0.0004;0.2342;0.5062;1.4716;25.831737
1283;8838;0.0004;0.2341;0.5065;1.4656;25.831738
1283;8839;0.0004;0.2339;0.5065;1.4497;25.831739
1283;8840;0.0004;0.2337;0.5064;1.4378;25.831740
1283;8841;0.0004;0.2333;0.5061;1.4279;25.831741
1283;8842;0.0004;0.2329;0.5056;1.4160;25.831742
1283;8843;0.0004;0.2329;0.5058;1.4179;25.831743
1283;8844;0.0004;0.2329;0.5063;1.4140;25.831744
1283;8845;0.0004;0.2330;0.5071;1.4100;25.831745
1283;8846;0.0004;0.2330;0.5073;1.4040;25.831746
1283;8847;0.0004;0.2326;0.5069;1.3901;25.831747
1283;8848;0.0004;0.2325;0.5071;1.3743;25.831748
1283;8849;0.0004;0.2324;0.5072;1.3604;25.831749
1283;8850;0.0004;0.2320;0.5068;1.3564;25.831750
1283;8851;0.0004;0.2317;0.5065;1.3504;25.831751
1283;8852;0.0004;0.2312;0.5059;1.3405;25.831752
1283;8853;0.0004;0.2310;0.5058;1.3345;25.831753
1283;8854;0.0004;0.2309;0.5061;1.3286;25.831754
1283;8855;0.0004;0.2310;0.5066;1.3226;25.831755
1283;8856;0.0004;0.2309;0.5068;1.3167;25.831756
1283;8857;0.0004;0.2307;0.5067;1.3087;25.831757
1283;8858;0.0004;0.2306;0.5070;1.3067;25.831758
1283;8859;0.0004;0.2304;0.5069;1.3047;25.831759
1283;8860;0.0004;0.2301;0.5069;1.2968;25.831760
1283;8861;0.0004;0.2299;0.5067;1.2809;25.831761
1283;8862;0.0004;0.2296;0.5064;1.2670;25.831762
1283;8863;0.0004;0.2296;0.5069;1.2630;25.831763
1283;8864;0.0004;0.2294;0.5069;1.2551;25.831764
1283;8865;0.0004;0.2290;0.5064;1.2412;25.831765
1283;8866;0.0004;0.2290;0.5069;1.2372;25.831766
1283;8867;0.0004;0.2291;0.5074;1.2313;25.831767
1283;8868;0.0004;0.2289;0.5075;1.2194;25.831768
1283;8869;0.0004;0.2289;0.5078;1.2035;25.831769
1283;8870;0.0004;0.2286;0.5076;1.1896;25.831770
1283;8871;0.0004;0.2284;0.5076;1.1816;25.831771
1283;8872;0.0004;0.2279;0.5069;1.1717;25.831772
1283;8873;0.0003;0.2273;0.5059;1.1618;25.831773
1283;8874;0.0003;0.2271;0.5060;1.1538;25.831774
1283;8875;0.0003;0.2272;0.5064;1.1498;25.831775
1283;8876;0.0003;0.2270;0.5065;1.1498;25.831776
1283;8877;0.0003;0.2267;0.5062;1.1459;25.831777
1283;8878;0.0003;0.2266;0.5065;1.1459;25.831778
1283;8879;0.0003;0.2265;0.5067;1.1419;25.831779
1283;8880;0.0003;0.2262;0.5064;1.1280;25.831780
1283;8881;0.0003;0.2261;0.5065;1.1240;25.831781
1283;8882;0.0003;0.2260;0.5068;1.1181;25.831782
1283;8883;0.0003;0.2258;0.5066;1.1121;25.831783
1283;8884;0.0003;0.2256;0.5067;1.1081;25.831784
1283;8885;0.0003;0.2252;0.5063;1.1022;25.831785
1283;8886;0.0003;0.2249;0.5060;1.0982;25.831786
1283;8887;0.0003;0.2248;0.5063;1.0942;25.831787
1283;8888;0.0003;0.2247;0.5063;1.0883;25.831788
1283;8889;0.0003;0.2244;0.5061;1.0803;25.831789
1283;8890;0.0003;0.2240;0.5056;1.0684;25.831790
1283;8891;0.0003;0.2236;0.5051;1.0625;25.831791
1283;8892;0.0003;0.2235;0.5053;1.0585;25.831792
1283;8893;0.0003;0.2235;0.5058;1.0605;25.831793
1283;8894;0.0003;0.2235;0.5061;1.0625;25.831794
1283;8895;0.0003;0.2233;0.5062;1.0585;25.831795
1283;8896;0.0003;0.2231;0.5060;1.0525;25.831796
1283;8897;0.0003;0.2226;0.5055;1.0446;25.831797
1283;8898;0.0003;0.2226;0.5057;1.0386;25.831798
1283;8899;0.0003;0.2225;0.5060;1.0366;25.831799
1283;8900;0.0003;0.2223;0.5059;1.0327;25.831800
1283;8901;0.0003;0.2221;0.5060;1.0327;25.831801
1283;8902;0.0003;0.2221;0.5065;1.0307;25.831802
1283;8903;0.0003;0.2220;0.5065;1.0247;25.831803
1283;8904;0.0003;0.2215;0.5060;1.0227;25.831804
1283;8905;0.0003;0.2211;0.5053;1.0148;25.831805
1283;8906;0.0003;0.2208;0.5050;1.0069;25.831806
1283;8907;0.0003;0.2208;0.5054;1.0009;25.831807
1283;8908;0.0003;0.2207;0.5058;0.9949;25.831808
1283;8909;0.0003;0.2207;0.5060;0.9930;25.831809
1283;8910;0.0003;0.2205;0.5061;0.9870;25.831810
1283;8911;0.0003;0.2202;0.5057;0.9830;25.831811
1283;8912;0.0003;0.2199;0.5056;0.9810;25.831812
1283;8913;0.0003;0.2198;0.5057;0.9810;25.831813
1283;8914;0.0003;0.2197;0.5060;0.9830;25.831814
1283;8915;0.0003;0.2194;0.5056;0.9830;25.831815
1283;8916;0.0003;0.2187;0.5044;0.9947;25.831816
1283;8917;0.0003;0.2184;0.5043;1.0007;25.831817
1283;8918;0.0003;0.2185;0.5050;0.9930;25.831818
1283;8919;0.0003;0.2187;0.5059;0.9850;25.831819
1283;8920;0.0003;0.2184;0.5055;0.9771;25.831820
1283;8921;0.0003;0.2179;0.5049;0.9728;25.831821
1283;8922;0.0003;0.2178;0.5050;0.9648;25.831822
1283;8923;0.0003;0.2175;0.5047;0.9629;25.831823
1283;8924;0.0003;0.2172;0.5046;0.9609;25.831824
1283;8925;0.0003;0.2172;0.5048;0.9589;25.831825
1283;8926;0.0003;0.2168;0.5044;0.9569;25.831826
1283;8927;0.0003;0.2167;0.5047;0.9589;25.831827
1283;8928;0.0003;0.2167;0.5050;0.9569;25.831828
1283;8929;0.0003;0.2166;0.5053;0.9589;25.831829
1283;8930;0.0003;0.2164;0.5052;0.9569;25.831830
1283;8931;0.0003;0.2161;0.5048;0.9549;25.831831
1283;8932;0.0003;0.2160;0.5051;0.9589;25.831832
1283;8933;0.0003;0.2160;0.5055;0.9609;25.831833
1283;8934;0.0003;0.2159;0.5056;0.9609;25.831834
1283;8935;0.0003;0.2154;0.5048;0.9569;25.831835
1283;8936;0.0003;0.2150;0.5044;0.9509;25.831836
1283;8937;0.0003;0.2150;0.5048;0.9549;25.831837
1283;8938;0.0003;0.2146;0.5044;0.9549;25.831838
1283;8939;0.0003;0.2144;0.5043;0.9529;25.831839
1283;8940;0.0003;0.2142;0.5043;0.9469;25.831840
1283;8941;0.0003;0.2141;0.5044;0.9449;25.831841
1283;8942;0.0003;0.2138;0.5042;0.9429;25.831842
1283;8943;0.0003;0.2135;0.5039;0.9369;25.831843
1283;8944;0.0003;0.2132;0.5037;0.9369;25.831844
1283;8945;0.0003;0.2131;0.5038;0.9389;25.831845
1283;8946;0.0003;0.2127;0.5034;0.9389;25.831846
1283;8947;0.0003;0.2126;0.5034;0.9409;25.831847
1283;8948;0.0003;0.2127;0.5042;0.9389;25.831848
1283;8949;0.0003;0.2127;0.5047;0.9369;25.831849
1283;8950;0.0003;0.2124;0.5043;0.9369;25.831850
1283;8951;0.0003;0.2121;0.5041;0.9389;25.831851
1283;8952;0.0003;0.2119;0.5040;0.9409;25.831852
1283;8953;0.0003;0.2118;0.5043;0.9409;25.831853
1283;8954;0.0003;0.2117;0.5043;0.9349;25.831854
1283;8955;0.0003;0.2115;0.5044;0.9310;25.831855
1283;8956;0.0003;0.2112;0.5040;0.9290;25.831856
1283;8957;0.0003;0.2108;0.5035;0.9270;25.831857
1283;8958;0.0003;0.2108;0.5040;0.9250;25.831858
1283;8959;0.0003;0.2108;0.5045;0.9190;25.831859
1283;8960;0.0003;0.2108;0.5049;0.9150;25.831860
1283;8961;0.0003;0.2104;0.5043;0.9110;25.831861
1283;8962;0.0003;0.2100;0.5037;0.9170;25.831862
1283;8963;0.0003;0.2100;0.5043;0.9210;25.831863
1283;8964;0.0003;0.2099;0.5045;0.9190;25.831864
1283;8965;0.0003;0.2097;0.5044;0.9190;25.831865
1283;8966;0.0003;0.2092;0.5036;0.9170;25.831866
1283;8967;0.0003;0.2091;0.5039;0.9150;25.831867
1283;8968;0.0003;0.2091;0.5042;0.9130;25.831868
1283;8969;0.0003;0.2087;0.5036;0.9150;25.831869
1283;8970;0.0003;0.2086;0.5039;0.9190;25.831870
1283;8971;0.0003;0.2083;0.5038;0.9190;25.831871
1283;8972;0.0003;0.2081;0.5036;0.9250;25.831872
1283;8973;0.0003;0.2082;0.5043;0.9290;25.831873
1283;8974;0.0003;0.2079;0.5040;0.9290;25.831874
1283;8975;0.0003;0.2075;0.5036;0.9349;25.831875
1283;8976;0.0003;0.2072;0.5032;0.9349;25.831876
1283;8977;0.0003;0.2070;0.5032;0.9310;25.831877
1283;8978;0.0003;0.2070;0.5036;0.9230;25.831878
1283;8979;0.0003;0.2068;0.5034;0.9170;25.831879
1283;8980;0.0003;0.2066;0.5034;0.9210;25.831880
1283;8981;0.0003;0.2063;0.5031;0.9290;25.831881
1283;8982;0.0003;0.2060;0.5029;0.9310;25.831882
1283;8983;0.0003;0.2057;0.5026;0.9270;25.831883
1283;8984;0.0003;0.2055;0.5025;0.9190;25.831884
1283;8985;0.0003;0.2055;0.5029;0.9150;25.831885
1283;8986;0.0003;0.2054;0.5031;0.9110;25.831886
1283;8987;0.0003;0.2052;0.5030;0.9110;25.831887
1283;8988;0.0003;0.2048;0.5026;0.9130;25.831888
1283;8989;0.0003;0.2046;0.5025;0.9090;25.831889
1283;8990;0.0003;0.2047;0.5032;0.9130;25.831890
1283;8991;0.0003;0.2048;0.5039;0.9170;25.831891
1283;8992;0.0003;0.2047;0.5040;0.9170;25.831892
1283;8993;0.0003;0.2043;0.5037;0.9150;25.831893
1283;8994;0.0003;0.2039;0.5031;0.9110;25.831894
1283;8995;0.0003;0.2037;0.5031;0.9110;25.831895
1283;8996;0.0003;0.2034;0.5028;0.9170;25.831896
1283;8997;0.0003;0.2033;0.5028;0.9210;25.831897
1283;8998;0.0003;0.2031;0.5029;0.9270;25.831898
1283;8999;0.0003;0.2030;0.5029;0.9310;25.831899
1283;9000;0.0003;0.2027;0.5028;0.9409;25.831900
1283;9001;0.0003;0.2024;0.5024;0.9429;25.831901
1283;9002;0.0003;0.2020;0.5018;0.9429;25.831902
1283;9003;0.0003;0.2020;0.5023;0.9509;25.831903
1283;9004;0.0003;0.2021;0.5031;0.9529;25.831904
1283;9005;0.0003;0.2020;0.5033;0.9489;25.831905
1283;9006;0.0003;0.2019;0.5034;0.9429;25.831906
1283;9007;0.0003;0.2017;0.5034;0.9349;25.831907
1283;9008;0.0003;0.2015;0.5033;0.9369;25.831908
1283;9009;0.0003;0.2012;0.5029;0.9330;25.831909
1283;9010;0.0003;0.2008;0.5025;0.9270;25.831910
1283;9011;0.0003;0.2007;0.5028;0.9210;25.831911
1283;9012;0.0003;0.2005;0.5026;0.9210;25.831912
1283;9013;0.0003;0.2003;0.5025;0.9210;25.831913
1283;9014;0.0003;0.2002;0.5028;0.9230;25.831914
1283;9015;0.0003;0.2000;0.5028;0.9270;25.831915
1283;9016;0.0003;0.1998;0.5027;0.9250;25.831916
1283;9017;0.0003;0.1996;0.5026;0.9210;25.831917
1283;9018;0.0003;0.1995;0.5028;0.9250;25.831918
1283;9019;0.0003;0.1994;0.5031;0.9310;25.831919
1283;9020;0.0003;0.1993;0.5031;0.9349;25.831920
1283;9021;0.0003;0.1992;0.5034;0.9330;25.831921
1283;9022;0.0003;0.1986;0.5024;0.9290;25.831922
1283;9023;0.0003;0.1982;0.5018;0.9404;25.831923
1283;9024;0.0003;0.1984;0.5027;0.9449;25.831924
1283;9025;0.0003;0.1982;0.5028;0.9469;25.831925
1283;9026;0.0003;0.1980;0.5027;0.9489;25.831926
1283;9027;0.0003;0.1977;0.5022;0.9545;25.831927
1283;9028;0.0003;0.1974;0.5019;0.9625;25.831928
1283;9029;0.0003;0.1972;0.5020;0.9685;25.831929
1283;9030;0.0003;0.1968;0.5014;0.9705;25.831930
1283;9031;0.0003;0.1967;0.5017;0.9705;25.831931
1283;9032;0.0003;0.1968;0.5022;0.9685;25.831932
1283;9033;0.0003;0.1966;0.5022;0.9705;25.831933
1283;9034;0.0003;0.1964;0.5021;0.9725;25.831934
1283;9035;0.0003;0.1960;0.5015;0.9665;25.831935
1283;9036;0.0003;0.1959;0.5018;0.9645;25.831936
1283;9037;0.0003;0.1959;0.5022;0.9645;25.831937
1283;9038;0.0003;0.1958;0.5025;0.9665;25.831938
1283;9039;0.0003;0.1959;0.5033;0.9629;25.831939
1283;9040;0.0003;0.1957;0.5030;0.9625;25.831940
1283;9041;0.0003;0.1954;0.5027;0.9685;25.831941
1283;9042;0.0003;0.1952;0.5026;0.9725;25.831942
1283;9043;0.0003;0.1948;0.5022;0.9725;25.831943
1283;9044;0.0003;0.1947;0.5022;0.9665;25.831944
1283;9045;0.0003;0.1944;0.5021;0.9585;25.831945
1283;9046;0.0003;0.1943;0.5022;0.9585;25.831946
1283;9047;0.0003;0.1943;0.5026;0.9605;25.831947
1283;9048;0.0003;0.1942;0.5029;0.9625;25.831948
1283;9049;0.0003;0.1940;0.5029;0.9665;25.831949
1283;9050;0.0003;0.1937;0.5024;0.9665;25.831950
1283;9051;0.0003;0.1934;0.5022;0.9685;25.831951
1283;9052;0.0003;0.1932;0.5021;0.9685;25.831952
1283;9053;0.0003;0.1930;0.5019;0.9685;25.831953
1283;9054;0.0003;0.1927;0.5019;0.9685;25.831954
1283;9055;0.0003;0.1924;0.5013;0.9665;25.831955
1283;9056;0.0003;0.1920;0.5008;0.9665;25.831956
1283;9057;0.0003;0.1918;0.5009;0.9705;25.831957
1283;9058;0.0003;0.1918;0.5013;0.9725;25.831958
1283;9059;0.0003;0.1918;0.5016;0.9785;25.831959
1283;9060;0.0003;0.1916;0.5016;0.9885;25.831960
1283;9061;0.0003;0.1915;0.5019;0.9985;25.831961
1283;9062;0.0003;0.1916;0.5025;0.9985;25.831962
1283;9063;0.0003;0.1913;0.5022;0.9925;25.831963
1283;9064;0.0003;0.1911;0.5021;0.9885;25.831964
1283;9065;0.0003;0.1909;0.5020;0.9805;25.831965
1283;9066;0.0003;0.1907;0.5021;0.9825;25.831966
1283;9067;0.0003;0.1908;0.5028;0.9845;25.831967
1283;9068;0.0003;0.1907;0.5030;0.9845;25.831968
1283;9069;0.0003;0.1904;0.5026;0.9905;25.831969
1283;9070;0.0003;0.1898;0.5016;0.9965;25.831970
1283;9071;0.0003;0.1894;0.5010;0.9985;25.831971
1283;9072;0.0003;0.1896;0.5019;0.9925;25.831972
1283;9073;0.0003;0.1894;0.5020;0.9845;25.831973
1283;9074;0.0003;0.1892;0.5018;0.9845;25.831974
1283;9075;0.0003;0.1889;0.5015;0.9785;25.831975
1283;9076;0.0003;0.1886;0.5011;0.9785;25.831976
1283;9077;0.0003;0.1886;0.5016;0.9785;25.831977
1283;9078;0.0003;0.1885;0.5018;0.9705;25.831978
1283;9079;0.0003;0.1883;0.5017;0.9645;25.831979
1283;9080;0.0003;0.1881;0.5016;0.9685;25.831980
1283;9081;0.0003;0.1879;0.5016;0.9725;25.831981
1283;9082;0.0003;0.1879;0.5022;0.9765;25.831982
1283;9083;0.0003;0.1878;0.5023;0.9745;25.831983
1283;9084;0.0003;0.1876;0.5022;0.9725;25.831984
1283;9085;0.0003;0.1875;0.5024;0.9725;25.831985
1283;9086;0.0003;0.1871;0.5019;0.9765;25.831986
1283;9087;0.0003;0.1870;0.5020;0.9805;25.831987
1283;9088;0.0003;0.1868;0.5018;0.9805;25.831988
1283;9089;0.0003;0.1866;0.5018;0.9785;25.831989
1283;9090;0.0003;0.1865;0.5021;0.9825;25.831990
1283;9091;0.0003;0.1862;0.5017;0.9885;25.831991
1283;9092;0.0003;0.1857;0.5009;0.9945;25.831992
1283;9093;0.0003;0.1854;0.5007;0.9925;25.831993
1283;9094;0.0003;0.1855;0.5012;0.9905;25.831994
1283;9095;0.0003;0.1856;0.5020;0.9945;25.831995
1283;9096;0.0003;0.1851;0.5012;0.9985;25.831996
1283;9097;0.0003;0.1847;0.5006;1.0025;25.831997
1283;9098;0.0003;0.1846;0.5008;1.0085;25.831998
1283;9099;0.0003;0.1848;0.5018;1.0125;25.831999
1283;9100;0.0003;0.1849;0.5025;1.0145;25.832000
1283;9101;0.0003;0.1847;0.5025;1.0165;25.832001
1283;9102;0.0003;0.1846;0.5025;1.0165;25.832002
1283;9103;0.0003;0.1843;0.5024;1.0205;25.832003
1283;9104;0.0003;0.1842;0.5025;1.0205;25.832004
1283;9105;0.0003;0.1841;0.5027;1.0185;25.832005
1283;9106;0.0003;0.1837;0.5021;1.0185;25.832006
1283;9107;0.0003;0.1833;0.5016;1.0225;25.832007
1283;9108;0.0003;0.1832;0.5017;1.0205;25.832008
1283;9109;0.0003;0.1832;0.5021;1.0185;25.832009
1283;9110;0.0003;0.1829;0.5018;1.0205;25.832010
1283;9111;0.0003;0.1824;0.5009;1.0225;25.832011
1283;9112;0.0003;0.1822;0.5009;1.0265;25.832012
1283;9113;0.0003;0.1823;0.5015;1.0265;25.832013
1283;9114;0.0003;0.1821;0.5015;1.0285;25.832014
1283;9115;0.0003;0.1820;0.5018;1.0305;25.832015
1283;9116;0.0003;0.1817;0.5014;1.0265;25.832016
1283;9117;0.0003;0.1815;0.5014;1.0225;25.832017
1283;9118;0.0003;0.1814;0.5016;1.0165;25.832018
1283;9119;0.0003;0.1813;0.5016;1.0145;25.832019
1283;9120;0.0003;0.1811;0.5016;1.0085;25.832020
1283;9121;0.0003;0.1808;0.5013;1.0005;25.832021
1283;9122;0.0003;0.1805;0.5010;1.0005;25.832022
1283;9123;0.0003;0.1804;0.5012;1.0005;25.832023
1283;9124;0.0003;0.1803;0.5012;1.0005;25.832024
1283;9125;0.0003;0.1802;0.5015;0.9985;25.832025
1283;9126;0.0003;0.1799;0.5013;0.9965;25.832026
1283;9127;0.0003;0.1797;0.5011;0.9985;25.832027
1283;9128;0.0003;0.1795;0.5010;1.0045;25.832028
1283;9129;0.0003;0.1792;0.5008;1.0105;25.832029
1283;9130;0.0003;0.1793;0.5016;1.0105;25.832030
1283;9131;0.0003;0.1794;0.5022;1.0065;25.832031
1283;9132;0.0003;0.1792;0.5023;1.0145;25.832032
1283;9133;0.0003;0.1792;0.5026;1.0205;25.832033
1283;9134;0.0003;0.1788;0.5022;1.0225;25.832034
1283;9135;0.0003;0.1786;0.5018;1.0265;25.832035
1283;9136;0.0003;0.1783;0.5016;1.0325;25.832036
1283;9137;0.0003;0.1780;0.5013;1.0365;25.832037
1283;9138;0.0003;0.1779;0.5015;1.0365;25.832038
1283;9139;0.0003;0.1778;0.5016;1.0325;25.832039
1283;9140;0.0003;0.1775;0.5014;1.0285;25.832040
1283;9141;0.0003;0.1773;0.5012;1.0305;25.832041
1283;9142;0.0003;0.1773;0.5017;1.0365;25.832042
1283;9143;0.0003;0.1773;0.5023;1.0405;25.832043
1283;9144;0.0003;0.1771;0.5020;1.0405;25.832044
1283;9145;0.0003;0.1768;0.5019;1.0465;25.832045
1283;9146;0.0003;0.1768;0.5021;1.0525;25.832046
1283;9147;0.0003;0.1765;0.5020;1.0505;25.832047
1283;9148;0.0003;0.1762;0.5016;1.0405;25.832048
1283;9149;0.0003;0.1759;0.5013;1.0325;25.832049
1283;9150;0.0003;0.1758;0.5013;1.0325;25.832050
1283;9151;0.0003;0.1756;0.5013;1.0305;25.832051
1283;9152;0.0003;0.1753;0.5008;1.0285;25.832052
1283;9153;0.0003;0.1751;0.5008;1.0285;25.832053
1283;9154;0.0003;0.1748;0.5006;1.0285;25.832054
1283;9155;0.0003;0.1746;0.5003;1.0388;25.832055
1283;9156;0.0003;0.1745;0.5007;1.0405;25.832056
1283;9157;0.0003;0.1744;0.5009;1.0385;25.832057
1283;9158;0.0003;0.1745;0.5017;1.0365;25.832058
1283;9159;0.0003;0.1744;0.5017;1.0365;25.832059
1283;9160;0.0003;0.1740;0.5012;1.0425;25.832060
1283;9161;0.0003;0.1737;0.5008;1.0425;25.832061
1283;9162;0.0003;0.1734;0.5005;1.0489;25.832062
1283;9163;0.0003;0.1735;0.5011;1.0445;25.832063
1283;9164;0.0003;0.1732;0.5009;1.0425;25.832064
1283;9165;0.0003;0.1730;0.5008;1.0509;25.832065
1283;9166;0.0003;0.1730;0.5013;1.0545;25.832066
1283;9167;0.0003;0.1728;0.5011;1.0525;25.832067
1283;9168;0.0003;0.1725;0.5007;1.0569;25.832068
1283;9169;0.0003;0.1723;0.5007;1.0609;25.832069
1283;9170;0.0003;0.1720;0.5004;1.0589;25.832070
1283;9171;0.0003;0.1719;0.5007;1.0569;25.832071
1283;9172;0.0003;0.1718;0.5009;1.0589;25.832072
1283;9173;0.0003;0.1717;0.5010;1.0589;25.832073
1283;9174;0.0003;0.1716;0.5013;1.0529;25.832074
1283;9175;0.0003;0.1715;0.5013;1.0469;25.832075
1283;9176;0.0003;0.1715;0.5018;1.0425;25.832076
1283;9177;0.0003;0.1713;0.5018;1.0385;25.832077
1283;9178;0.0003;0.1711;0.5017;1.0305;25.832078
1283;9179;0.0003;0.1709;0.5016;1.0308;25.832079
1283;9180;0.0003;0.1705;0.5011;1.0328;25.832080
1283;9181;0.0003;0.1703;0.5010;1.0388;25.832081
1283;9182;0.0003;0.1701;0.5009;1.0348;25.832082
1283;9183;0.0003;0.1700;0.5009;1.0288;25.832083
1283;9184;0.0003;0.1700;0.5016;1.0328;25.832084
1283;9185;0.0003;0.1699;0.5019;1.0348;25.832085
1283;9186;0.0003;0.1697;0.5017;1.0388;25.832086
1283;9187;0.0003;0.1694;0.5011;1.0449;25.832087
1283;9188;0.0003;0.1690;0.5007;1.0509;25.832088
1283;9189;0.0003;0.1689;0.5009;1.0569;25.832089
1283;9190;0.0003;0.1688;0.5012;1.0569;25.832090
1283;9191;0.0003;0.1687;0.5012;1.0549;25.832091
1283;9192;0.0003;0.1683;0.5007;1.0569;25.832092
1283;9193;0.0003;0.1682;0.5008;1.0630;25.832093
1283;9194;0.0003;0.1682;0.5014;1.0650;25.832094
1283;9195;0.0003;0.1681;0.5014;1.0670;25.832095
1283;9196;0.0003;0.1679;0.5013;1.0690;25.832096
1283;9197;0.0003;0.1676;0.5010;1.0670;25.832097
1283;9198;0.0003;0.1674;0.5009;1.0589;25.832098
1283;9199;0.0003;0.1673;0.5013;1.0509;25.832099
1283;9200;0.0003;0.1670;0.5008;1.0529;25.832100
1283;9201;0.0003;0.1668;0.5007;1.0609;25.832101
1283;9202;0.0003;0.1667;0.5009;1.0650;25.832102
1283;9203;0.0003;0.1666;0.5010;1.0730;25.832103
1283;9204;0.0003;0.1666;0.5017;1.0770;25.832104
1283;9205;0.0003;0.1665;0.5018;1.0830;25.832105
1283;9206;0.0003;0.1662;0.5013;1.0911;25.832106
1283;9207;0.0003;0.1659;0.5012;1.0891;25.832107
1283;9208;0.0003;0.1656;0.5008;1.0871;25.832108
1283;9209;0.0003;0.1654;0.5004;1.0871;25.832109
1283;9210;0.0003;0.1651;0.5003;1.0891;25.832110
1283;9211;0.0003;0.1652;0.5010;1.0911;25.832111
1283;9212;0.0003;0.1652;0.5014;1.0951;25.832112
1283;9213;0.0003;0.1647;0.5005;1.1011;25.832113
1283;9214;0.0003;0.1644;0.5000;1.1092;25.832114
1283;9215;0.0003;0.1642;0.5001;1.1092;25.832115
1283;9216;0.0003;0.1641;0.5001;1.1152;25.832116
1283;9217;0.0003;0.1639;0.5002;1.1252;25.832117
1283;9218;0.0003;0.1638;0.5002;1.1313;25.832118
1283;9219;0.0003;0.1637;0.5005;1.1232;25.832119
1283;9220;0.0003;0.1634;0.5001;1.1092;25.832120
1283;9221;0.0003;0.1631;0.4999;1.1051;25.832121
1283;9222;0.0003;0.1632;0.5004;1.1031;25.832122
1283;9223;0.0003;0.1630;0.5007;1.0971;25.832123
1283;9224;0.0003;0.1627;0.5002;1.0911;25.832124
1283;9225;0.0003;0.1626;0.5003;1.0931;25.832125
1283;9226;0.0003;0.1627;0.5010;1.1011;25.832126
1283;9227;0.0003;0.1627;0.5017;1.1072;25.832127
1283;9228;0.0003;0.1625;0.5016;1.1112;25.832128
1283;9229;0.0003;0.1621;0.5010;1.1172;25.832129
1283;9230;0.0003;0.1619;0.5008;1.1232;25.832130
1283;9231;0.0003;0.1618;0.5009;1.1252;25.832131
1283;9232;0.0003;0.1615;0.5006;1.1232;25.832132
1283;9233;0.0003;0.1613;0.5005;1.1232;25.832133
1283;9234;0.0003;0.1611;0.5006;1.1313;25.832134
1283;9235;0.0003;0.1610;0.5006;1.1373;25.832135
1283;9236;0.0003;0.1606;0.4998;1.1473;25.832136
1283;9237;0.0003;0.1605;0.5000;1.1594;25.832137
1283;9238;0.0003;0.1605;0.5006;1.1715;25.832138
1283;9239;0.0003;0.1604;0.5010;1.1775;25.832139
1283;9240;0.0003;0.1601;0.5005;1.1755;25.832140
1283;9241;0.0003;0.1599;0.5002;1.1755;25.832141
1283;9242;0.0003;0.1600;0.5011;1.1855;25.832142
1283;9243;0.0003;0.1598;0.5013;1.1875;25.832143
1283;9244;0.0003;0.1595;0.5007;1.1795;25.832144
1283;9245;0.0003;0.1593;0.5005;1.1694;25.832145
1283;9246;0.0003;0.1590;0.5001;1.1634;25.832146
1283;9247;0.0003;0.1589;0.5005;1.1574;25.832147
1283;9248;0.0003;0.1588;0.5007;1.1514;25.832148
1283;9249;0.0003;0.1586;0.5004;1.1514;25.832149
1283;9250;0.0003;0.1583;0.5001;1.1554;25.832150
1283;9251;0.0003;0.1581;0.5001;1.1554;25.832151
1283;9252;0.0003;0.1582;0.5008;1.1534;25.832152
1283;9253;0.0003;0.1580;0.5009;1.1554;25.832153
1283;9254;0.0003;0.1579;0.5009;1.1634;25.832154
1283;9255;0.0003;0.1577;0.5010;1.1694;25.832155
1283;9256;0.0003;0.1575;0.5010;1.1694;25.832156
1283;9257;0.0003;0.1575;0.5013;1.1654;25.832157
1283;9258;0.0003;0.1574;0.5015;1.1594;25.832158
1283;9259;0.0003;0.1572;0.5014;1.1514;25.832159
1283;9260;0.0003;0.1571;0.5016;1.1413;25.832160
1283;9261;0.0003;0.1568;0.5013;1.1353;25.832161
1283;9262;0.0003;0.1566;0.5011;1.1393;25.832162
1283;9263;0.0003;0.1563;0.5006;1.1393;25.832163
1283;9264;0.0003;0.1560;0.5003;1.1413;25.832164
1283;9265;0.0003;0.1558;0.5003;1.1393;25.832165
1283;9266;0.0003;0.1556;0.5002;1.1393;25.832166
1283;9267;0.0003;0.1555;0.5004;1.1413;25.832167
1283;9268;0.0003;0.1554;0.5007;1.1413;25.832168
1283;9269;0.0003;0.1551;0.5001;1.1393;25.832169
1283;9270;0.0003;0.1549;0.4999;1.1353;25.832170
1283;9271;0.0003;0.1546;0.4998;1.1333;25.832171
1283;9272;0.0003;0.1547;0.5004;1.1393;25.832172
1283;9273;0.0003;0.1547;0.5009;1.1494;25.832173
1283;9274;0.0003;0.1546;0.5012;1.1634;25.832174
1283;9275;0.0003;0.1545;0.5015;1.1795;25.832175
1283;9276;0.0003;0.1543;0.5013;1.1875;25.832176
1283;9277;0.0003;0.1540;0.5009;1.1976;25.832177
1283;9278;0.0003;0.1539;0.5010;1.2056;25.832178
1283;9279;0.0003;0.1535;0.5003;1.2096;25.832179
1283;9280;0.0003;0.1533;0.5004;1.2056;25.832180
1283;9281;0.0003;0.1532;0.5006;1.1996;25.832181
1283;9282;0.0003;0.1531;0.5007;1.2036;25.832182
1283;9283;0.0003;0.1530;0.5009;1.1996;25.832183
1283;9284;0.0003;0.1528;0.5008;1.1855;25.832184
1283;9285;0.0003;0.1525;0.5004;1.1715;25.832185
1283;9286;0.0003;0.1523;0.5005;1.1654;25.832186
1283;9287;0.0003;0.1522;0.5004;1.1674;25.832187
1283;9288;0.0003;0.1520;0.5005;1.1694;25.832188
1283;9289;0.0003;0.1518;0.5003;1.1694;25.832189
1283;9290;0.0003;0.1519;0.5010;1.1755;25.832190
1283;9291;0.0003;0.1517;0.5011;1.1815;25.832191
1283;9292;0.0003;0.1513;0.5003;1.1835;25.832192
1283;9293;0.0003;0.1510;0.5000;1.1855;25.832193
1283;9294;0.0003;0.1509;0.5001;1.1875;25.832194
1283;9295;0.0003;0.1507;0.5001;1.1895;25.832195
1283;9296;0.0003;0.1506;0.5003;1.1976;25.832196
1283;9297;0.0003;0.1504;0.5002;1.2056;25.832197
1283;9298;0.0003;0.1503;0.5003;1.2076;25.832198
1283;9299;0.0003;0.1501;0.5004;1.2036;25.832199
1283;9300;0.0003;0.1501;0.5006;1.2016;25.832200
1283;9301;0.0003;0.1499;0.5007;1.2036;25.832201
1283;9302;0.0003;0.1496;0.5003;1.2096;25.832202
1283;9303;0.0003;0.1495;0.5003;1.2177;25.832203
1283;9304;0.0003;0.1493;0.5004;1.2217;25.832204
1283;9305;0.0003;0.1490;0.5000;1.2217;25.832205
1283;9306;0.0003;0.1490;0.5005;1.2177;25.832206
1283;9307;0.0003;0.1488;0.5003;1.2096;25.832207
1283;9308;0.0003;0.1487;0.5007;1.2076;25.832208
1283;9309;0.0003;0.1487;0.5011;1.2016;25.832209
1283;9310;0.0003;0.1485;0.5011;1.1996;25.832210
1283;9311;0.0003;0.1484;0.5013;1.2016;25.832211
1283;9312;0.0003;0.1481;0.5007;1.2036;25.832212
1283;9313;0.0003;0.1478;0.5003;1.2137;25.832213
1283;9314;0.0003;0.1476;0.5003;1.2237;25.832214
1283;9315;0.0003;0.1476;0.5009;1.2297;25.832215
1283;9316;0.0003;0.1474;0.5007;1.2297;25.832216
1283;9317;0.0003;0.1472;0.5005;1.2297;25.832217
1283;9318;0.0003;0.1470;0.5005;1.2277;25.832218
1283;9319;0.0003;0.1467;0.5000;1.2177;25.832219
1283;9320;0.0003;0.1465;0.4997;1.2137;25.832220
1283;9321;0.0003;0.1463;0.4999;1.2157;25.832221
1283;9322;0.0003;0.1461;0.4998;1.2157;25.832222
1283;9323;0.0003;0.1460;0.4999;1.2177;25.832223
1283;9324;0.0003;0.1459;0.5002;1.2217;25.832224
1283;9325;0.0003;0.1458;0.5004;1.2257;25.832225
1283;9326;0.0003;0.1458;0.5009;1.2337;25.832226
1283;9327;0.0003;0.1455;0.5005;1.2438;25.832227
1283;9328;0.0003;0.1454;0.5006;1.2478;25.832228
1283;9329;0.0003;0.1451;0.5001;1.2518;25.832229
1283;9330;0.0003;0.1448;0.4998;1.2559;25.832230
1283;9331;0.0003;0.1447;0.5000;1.2559;25.832231
1283;9332;0.0003;0.1445;0.4999;1.2498;25.832232
1283;9333;0.0003;0.1443;0.4999;1.2518;25.832233
1283;9334;0.0003;0.1442;0.5000;1.2518;25.832234
1283;9335;0.0003;0.1440;0.4998;1.2478;25.832235
1283;9336;0.0003;0.1438;0.4999;1.2498;25.832236
1283;9337;0.0003;0.1436;0.4996;1.2503;25.832237
1283;9338;0.0003;0.1434;0.4997;1.2483;25.832238
1283;9339;0.0003;0.1434;0.5002;1.2418;25.832239
1283;9340;0.0003;0.1432;0.5000;1.2378;25.832240
1283;9341;0.0003;0.1430;0.5000;1.2378;25.832241
1283;9342;0.0003;0.1430;0.5003;1.2317;25.832242
1283;9343;0.0003;0.1429;0.5008;1.2257;25.832243
1283;9344;0.0003;0.1428;0.5011;1.2197;25.832244
1283;9345;0.0003;0.1425;0.5007;1.2197;25.832245
1283;9346;0.0003;0.1422;0.5000;1.2281;25.832246
1283;9347;0.0003;0.1419;0.4996;1.2261;25.832247
1283;9348;0.0003;0.1418;0.4996;1.2301;25.832248
1283;9349;0.0003;0.1417;0.5002;1.2463;25.832249
1283;9350;0.0003;0.1415;0.5000;1.2584;25.832250
1283;9351;0.0003;0.1413;0.4996;1.2644;25.832251
1283;9352;0.0003;0.1410;0.4993;1.2664;25.832252
1283;9353;0.0003;0.1409;0.4995;1.2725;25.832253
1283;9354;0.0003;0.1409;0.5002;1.2745;25.832254
1283;9355;0.0003;0.1408;0.5004;1.2745;25.832255
1283;9356;0.0003;0.1406;0.5003;1.2826;25.832256
1283;9357;0.0003;0.1404;0.5000;1.2886;25.832257
1283;9358;0.0003;0.1401;0.4997;1.2906;25.832258
1283;9359;0.0003;0.1401;0.5002;1.2967;25.832259
1283;9360;0.0003;0.1399;0.5002;1.3007;25.832260
1283;9361;0.0003;0.1398;0.5002;1.3047;25.832261
1283;9362;0.0003;0.1396;0.5000;1.3088;25.832262
1283;9363;0.0003;0.1393;0.4998;1.3068;25.832263
1283;9364;0.0003;0.1392;0.4999;1.2987;25.832264
1283;9365;0.0003;0.1391;0.5002;1.2926;25.832265
1283;9366;0.0003;0.1389;0.5000;1.2947;25.832266
1283;9367;0.0003;0.1388;0.5003;1.2967;25.832267
1283;9368;0.0003;0.1386;0.5000;1.2987;25.832268
1283;9369;0.0003;0.1385;0.5003;1.3027;25.832269
1283;9370;0.0003;0.1384;0.5006;1.2967;25.832270
1283;9371;0.0003;0.1381;0.5001;1.2947;25.832271
1283;9372;0.0003;0.1380;0.5002;1.2987;25.832272
1283;9373;0.0003;0.1378;0.5003;1.3027;25.832273
1283;9374;0.0003;0.1378;0.5008;1.3148;25.832274
1283;9375;0.0003;0.1376;0.5006;1.3189;25.832275
1283;9376;0.0003;0.1372;0.4997;1.3209;25.832276
1283;9377;0.0003;0.1369;0.4995;1.3269;25.832277
1283;9378;0.0003;0.1368;0.4996;1.3310;25.832278
1283;9379;0.0003;0.1368;0.5001;1.3310;25.832279
1283;9380;0.0003;0.1367;0.5003;1.3350;25.832280
1283;9381;0.0003;0.1364;0.4999;1.3390;25.832281
1283;9382;0.0003;0.1362;0.5000;1.3410;25.832282
1283;9383;0.0003;0.1361;0.5001;1.3390;25.832283
1283;9384;0.0003;0.1360;0.5003;1.3390;25.832284
1283;9385;0.0003;0.1359;0.5005;1.3390;25.832285
1283;9386;0.0003;0.1356;0.5002;1.3350;25.832286
1283;9387;0.0003;0.1354;0.4999;1.3310;25.832287
1283;9388;0.0003;0.1351;0.4995;1.3310;25.832288
1283;9389;0.0003;0.1349;0.4993;1.3350;25.832289
1283;9390;0.0003;0.1348;0.4996;1.3350;25.832290
1283;9391;0.0003;0.1347;0.4999;1.3390;25.832291
1283;9392;0.0003;0.1348;0.5006;1.3431;25.832292
1283;9393;0.0003;0.1346;0.5005;1.3431;25.832293
1283;9394;0.0003;0.1344;0.5004;1.3471;25.832294
1283;9395;0.0003;0.1342;0.5006;1.3451;25.832295
1283;9396;0.0003;0.1340;0.5001;1.3491;25.832296
1283;9397;0.0003;0.1338;0.5000;1.3572;25.832297
1283;9398;0.0003;0.1335;0.4997;1.3612;25.832298
1283;9399;0.0003;0.1333;0.4996;1.3652;25.832299
1283;9400;0.0003;0.1332;0.4998;1.3713;25.832300
1283;9401;0.0003;0.1330;0.4996;1.3693;25.832301
1283;9402;0.0003;0.1330;0.5001;1.3612;25.832302
1283;9403;0.0003;0.1328;0.5001;1.3511;25.832303
1283;9404;0.0003;0.1326;0.5000;1.3471;25.832304
1283;9405;0.0003;0.1325;0.5000;1.3491;25.832305
1283;9406;0.0003;0.1322;0.4997;1.3511;25.832306
1283;9407;0.0003;0.1321;0.4997;1.3491;25.832307
1283;9408;0.0003;0.1319;0.4996;1.3471;25.832308
1283;9409;0.0003;0.1317;0.4997;1.3511;25.832309
1283;9410;0.0003;0.1317;0.5002;1.3552;25.832310
1283;9411;0.0003;0.1316;0.5004;1.3592;25.832311
1283;9412;0.0003;0.1315;0.5006;1.3693;25.832312
1283;9413;0.0003;0.1314;0.5008;1.3854;25.832313
1283;9414;0.0003;0.1312;0.5007;1.3935;25.832314
1283;9415;0.0003;0.1309;0.5004;1.4015;25.832315
1283;9416;0.0003;0.1306;0.4999;1.4056;25.832316
1283;9417;0.0003;0.1303;0.4991;1.4076;25.832317
1283;9418;0.0003;0.1300;0.4988;1.4015;25.832318
1283;9419;0.0003;0.1297;0.4983;1.3995;25.832319
1283;9420;0.0003;0.1297;0.4989;1.4015;25.832320
1283;9421;0.0003;0.1298;0.5000;1.3995;25.832321
1283;9422;0.0003;0.1299;0.5009;1.3955;25.832322
1283;9423;0.0003;0.1297;0.5009;1.3854;25.832323
1283;9424;0.0003;0.1294;0.5001;1.3814;25.832324
1283;9425;0.0003;0.1292;0.5001;1.3894;25.832325
1283;9426;0.0003;0.1291;0.5004;1.3955;25.832326
1283;9427;0.0003;0.1288;0.4998;1.3995;25.832327
1283;9428;0.0003;0.1286;0.4996;1.3955;25.832328
1283;9429;0.0003;0.1283;0.4992;1.3935;25.832329
1283;9430;0.0003;0.1281;0.4991;1.3955;25.832330
1283;9431;0.0003;0.1280;0.4990;1.3935;25.832331
1283;9432;0.0003;0.1279;0.4993;1.3935;25.832332
1283;9433;0.0003;0.1278;0.4999;1.3975;25.832333
1283;9434;0.0003;0.1277;0.4998;1.4036;25.832334
1283;9435;0.0003;0.1276;0.5000;1.4177;25.832335
1283;9436;0.0003;0.1273;0.4999;1.4298;25.832336
1283;9437;0.0003;0.1270;0.4992;1.4439;25.832337
1283;9438;0.0003;0.1269;0.4993;1.4520;25.832338
1283;9439;0.0003;0.1267;0.4992;1.4540;25.832339
1283;9440;0.0003;0.1265;0.4993;1.4560;25.832340
1283;9441;0.0003;0.1264;0.4994;1.4479;25.832341
1283;9442;0.0003;0.1264;0.4998;1.4399;25.832342
1283;9443;0.0003;0.1263;0.5004;1.4338;25.832343
1283;9444;0.0003;0.1261;0.5001;1.4318;25.832344
1283;9445;0.0003;0.1258;0.4998;1.4278;25.832345
1283;9446;0.0003;0.1257;0.4996;1.4237;25.832346
1283;9447;0.0003;0.1255;0.4995;1.4257;25.832347
1283;9448;0.0003;0.1253;0.4996;1.4278;25.832348
1283;9449;0.0003;0.1251;0.4992;1.4237;25.832349
1283;9450;0.0003;0.1250;0.4995;1.4257;25.832350
1283;9451;0.0003;0.1248;0.4993;1.4197;25.832351
1283;9452;0.0003;0.1245;0.4989;1.4136;25.832352
1283;9453;0.0003;0.1243;0.4989;1.4136;25.832353
1283;9454;0.0003;0.1242;0.4991;1.4217;25.832354
1283;9455;0.0003;0.1241;0.4992;1.4338;25.832355
1283;9456;0.0003;0.1239;0.4992;1.4399;25.832356
1283;9457;0.0003;0.1237;0.4988;1.4378;25.832357
1283;9458;0.0003;0.1236;0.4991;1.4358;25.832358
1283;9459;0.0003;0.1236;0.4998;1.4358;25.832359
1283;9460;0.0003;0.1236;0.5005;1.4419;25.832360
1283;9461;0.0003;0.1235;0.5006;1.4459;25.832361
1283;9462;0.0003;0.1231;0.4999;1.4499;25.832362
1283;9463;0.0003;0.1229;0.4996;1.4600;25.832363
1283;9464;0.0003;0.1228;0.4998;1.4661;25.832364
1283;9465;0.0003;0.1226;0.4998;1.4641;25.832365
1283;9466;0.0003;0.1224;0.4996;1.4580;25.832366
1283;9467;0.0003;0.1220;0.4987;1.4620;25.832367
1283;9468;0.0003;0.1218;0.4986;1.4681;25.832368
1283;9469;0.0003;0.1218;0.4991;1.4641;25.832369
1283;9470;0.0003;0.1217;0.4993;1.4540;25.832370
1283;9471;0.0003;0.1216;0.4999;1.4499;25.832371
1283;9472;0.0003;0.1215;0.4998;1.4439;25.832372
1283;9473;0.0003;0.1213;0.4998;1.4419;25.832373
1283;9474;0.0003;0.1212;0.5000;1.4378;25.832374
1283;9475;0.0003;0.1210;0.4999;1.4338;25.832375
1283;9476;0.0003;0.1208;0.4998;1.4338;25.832376
1283;9477;0.0003;0.1206;0.4996;1.4419;25.832377
1283;9478;0.0003;0.1205;0.4996;1.4540;25.832378
1283;9479;0.0003;0.1204;0.4999;1.4580;25.832379
1283;9480;0.0003;0.1201;0.4995;1.4600;25.832380
1283;9481;0.0003;0.1201;0.5001;1.4641;25.832381
1283;9482;0.0003;0.1200;0.5003;1.4641;25.832382
1283;9483;0.0003;0.1197;0.4998;1.4701;25.832383
1283;9484;0.0003;0.1195;0.4997;1.4762;25.832384
1283;9485;0.0003;0.1194;0.4997;1.4822;25.832385
1283;9486;0.0003;0.1193;0.5001;1.4862;25.832386
1283;9487;0.0003;0.1191;0.5002;1.4842;25.832387
1283;9488;0.0003;0.1190;0.5004;1.4883;25.832388
1283;9489;0.0003;0.1187;0.4998;1.4903;25.832389
1283;9490;0.0003;0.1184;0.4991;1.4923;25.832390
1283;9491;0.0003;0.1182;0.4991;1.4983;25.832391
1283;9492;0.0003;0.1181;0.4993;1.5084;25.832392
1283;9493;0.0003;0.1180;0.4995;1.5165;25.832393
1283;9494;0.0003;0.1178;0.4995;1.5225;25.832394
1283;9495;0.0003;0.1175;0.4989;1.5346;25.832395
1283;9496;0.0003;0.1174;0.4991;1.5588;25.832396
1283;9497;0.0003;0.1174;0.4996;1.5810;25.832397
1283;9498;0.0003;0.1173;0.4999;1.5951;25.832398
1283;9499;0.0003;0.1172;0.5002;1.5992;25.832399
1283;9500;0.0003;0.1170;0.5000;1.5992;25.832400
1283;9501;0.0003;0.1167;0.4996;1.5992;25.832401
1283;9502;0.0003;0.1165;0.4995;1.5931;25.832402
1283;9503;0.0003;0.1163;0.4994;1.5871;25.832403
1283;9504;0.0003;0.1162;0.4994;1.5850;25.832404
1283;9505;0.0003;0.1160;0.4993;1.5810;25.832405
1283;9506;0.0003;0.1158;0.4993;1.5790;25.832406
1283;9507;0.0003;0.1156;0.4990;1.5709;25.832407
1283;9508;0.0003;0.1155;0.4994;1.5608;25.832408
1283;9509;0.0003;0.1155;0.4999;1.5508;25.832409
1283;9510;0.0003;0.1153;0.4999;1.5387;25.832410
1283;9511;0.0003;0.1152;0.5000;1.5286;25.832411
1283;9512;0.0003;0.1150;0.4997;1.5286;25.832412
1283;9513;0.0003;0.1147;0.4992;1.5266;25.832413
1283;9514;0.0003;0.1146;0.4996;1.5286;25.832414
1283;9515;0.0003;0.1145;0.4996;1.5286;25.832415
1283;9516;0.0003;0.1142;0.4994;1.5366;25.832416
1283;9517;0.0003;0.1141;0.4994;1.5568;25.832417
1283;9518;0.0003;0.1139;0.4994;1.5750;25.832418
1283;9519;0.0003;0.1138;0.4998;1.5810;25.832419
1283;9520;0.0003;0.1137;0.4998;1.5770;25.832420
1283;9521;0.0003;0.1135;0.4995;1.5810;25.832421
1283;9522;0.0003;0.1133;0.4994;1.5911;25.832422
1283;9523;0.0003;0.1131;0.4992;1.6032;25.832423
1283;9524;0.0003;0.1130;0.4996;1.6092;25.832424
1283;9525;0.0003;0.1128;0.4993;1.6113;25.832425
1283;9526;0.0003;0.1126;0.4990;1.6153;25.832426
1283;9527;0.0003;0.1126;0.4997;1.6274;25.832427
1283;9528;0.0003;0.1124;0.4999;1.6334;25.832428
1283;9529;0.0003;0.1123;0.5001;1.6334;25.832429
1283;9530;0.0003;0.1121;0.4999;1.6294;25.832430
1283;9531;0.0003;0.1119;0.4997;1.6234;25.832431
1283;9532;0.0003;0.1117;0.4997;1.6173;25.832432
1283;9533;0.0003;0.1116;0.4999;1.6032;25.832433
1283;9534;0.0003;0.1115;0.5001;1.6032;25.832434
1283;9535;0.0003;0.1113;0.4998;1.6092;25.832435
1283;9536;0.0003;0.1110;0.4995;1.6193;25.832436
1283;9537;0.0003;0.1108;0.4992;1.6334;25.832437
1283;9538;0.0003;0.1105;0.4986;1.6496;25.832438
1283;9539;0.0003;0.1103;0.4984;1.6576;25.832439
1283;9540;0.0003;0.1102;0.4984;1.6597;25.832440
1283;9541;0.0003;0.1100;0.4983;1.6536;25.832441
1283;9542;0.0003;0.1099;0.4988;1.6435;25.832442
1283;9543;0.0003;0.1098;0.4988;1.6395;25.832443
1283;9544;0.0003;0.1096;0.4988;1.6375;25.832444
1283;9545;0.0003;0.1095;0.4991;1.6254;25.832445
1283;9546;0.0003;0.1094;0.4993;1.6213;25.832446
1283;9547;0.0003;0.1092;0.4993;1.6294;25.832447
1283;9548;0.0003;0.1091;0.4992;1.6375;25.832448
1283;9549;0.0003;0.1089;0.4990;1.6496;25.832449
1283;9550;0.0003;0.1088;0.4992;1.6597;25.832450
1283;9551;0.0003;0.1085;0.4990;1.6677;25.832451
1283;9552;0.0003;0.1083;0.4988;1.6798;25.832452
1283;9553;0.0003;0.1081;0.4987;1.6839;25.832453
1283;9554;0.0003;0.1080;0.4987;1.6839;25.832454
1283;9555;0.0003;0.1080;0.4996;1.6798;25.832455
1283;9556;0.0003;0.1078;0.4993;1.6798;25.832456
1283;9557;0.0003;0.1075;0.4986;1.6919;25.832457
1283;9558;0.0003;0.1073;0.4986;1.7040;25.832458
1283;9559;0.0003;0.1073;0.4992;1.7081;25.832459
1283;9560;0.0003;0.1073;0.4998;1.7060;25.832460
1283;9561;0.0003;0.1070;0.4993;1.7000;25.832461
1283;9562;0.0003;0.1068;0.4990;1.7040;25.832462
1283;9563;0.0003;0.1067;0.4992;1.7060;25.832463
1283;9564;0.0003;0.1065;0.4994;1.7202;25.832464
1283;9565;0.0003;0.1064;0.4993;1.7363;25.832465
1283;9566;0.0003;0.1060;0.4986;1.7525;25.832466
1283;9567;0.0003;0.1058;0.4982;1.7667;25.832467
1283;9568;0.0003;0.1056;0.4982;1.7809;25.832468
1283;9569;0.0003;0.1055;0.4982;1.7890;25.832469
1283;9570;0.0003;0.1055;0.4989;1.7950;25.832470
1283;9571;0.0003;0.1054;0.4993;1.7887;25.832471
1283;9572;0.0003;0.1052;0.4993;1.7867;25.832472
1283;9573;0.0003;0.1050;0.4990;1.7768;25.832473
1283;9574;0.0003;0.1048;0.4987;1.7627;25.832474
1283;9575;0.0003;0.1047;0.4989;1.7525;25.832475
1283;9576;0.0003;0.1045;0.4989;1.7424;25.832476
1283;9577;0.0003;0.1044;0.4990;1.7364;25.832477
1283;9578;0.0003;0.1042;0.4988;1.7323;25.832478
1283;9579;0.0003;0.1039;0.4983;1.7283;25.832479
1283;9580;0.0003;0.1037;0.4982;1.7343;25.832480
1283;9581;0.0003;0.1035;0.4980;1.7445;25.832481
1283;9582;0.0003;0.1035;0.4986;1.7586;25.832482
1283;9583;0.0003;0.1034;0.4991;1.7647;25.832483
1283;9584;0.0003;0.1031;0.4985;1.7728;25.832484
1283;9585;0.0003;0.1030;0.4985;1.7870;25.832485
1283;9586;0.0003;0.1030;0.4992;1.7991;25.832486
1283;9587;0.0003;0.1029;0.4993;1.8092;25.832487
1283;9588;0.0003;0.1027;0.4995;1.8072;25.832488
1283;9589;0.0003;0.1025;0.4989;1.8011;25.832489
1283;9590;0.0003;0.1023;0.4989;1.8031;25.832490
1283;9591;0.0003;0.1020;0.4985;1.8052;25.832491
1283;9592;0.0003;0.1019;0.4985;1.8011;25.832492
1283;9593;0.0003;0.1018;0.4991;1.7991;25.832493
1283;9594;0.0003;0.1017;0.4990;1.8031;25.832494
1283;9595;0.0003;0.1015;0.4988;1.8133;25.832495
1283;9596;0.0003;0.1014;0.4992;1.8193;25.832496
1283;9597;0.0003;0.1012;0.4992;1.8375;25.832497
1283;9598;0.0003;0.1011;0.4991;1.8497;25.832498
1283;9599;0.0003;0.1008;0.4988;1.8558;25.832499
1283;9600;0.0003;0.1007;0.4988;1.8719;25.832500
1283;9601;0.0003;0.1005;0.4990;1.8902;25.832501
1283;9602;0.0003;0.1004;0.4989;1.9023;25.832502
1283;9603;0.0003;0.1002;0.4989;1.9084;25.832503
1283;9604;0.0003;0.1000;0.4986;1.9023;25.832504
1283;9605;0.0003;0.0998;0.4983;1.8942;25.832505
1283;9606;0.0003;0.0996;0.4985;1.8841;25.832506
1283;9607;0.0003;0.0995;0.4987;1.8719;25.832507
1283;9608;0.0003;0.0994;0.4990;1.8558;25.832508
1283;9609;0.0003;0.0992;0.4988;1.8375;25.832509
1283;9610;0.0003;0.0990;0.4986;1.8193;25.832510
1283;9611;0.0003;0.0989;0.4989;1.8031;25.832511
1283;9612;0.0003;0.0988;0.4992;1.7971;25.832512
1283;9613;0.0003;0.0987;0.4992;1.8011;25.832513
1283;9614;0.0003;0.0985;0.4989;1.8153;25.832514
1283;9615;0.0003;0.0983;0.4988;1.8355;25.832515
1283;9616;0.0003;0.0981;0.4986;1.8558;25.832516
1283;9617;0.0003;0.0979;0.4983;1.8699;25.832517
1283;9618;0.0003;0.0977;0.4984;1.8719;25.832518
1283;9619;0.0003;0.0975;0.4980;1.8618;25.832519
1283;9620;0.0003;0.0973;0.4978;1.8537;25.832520
1283;9621;0.0003;0.0972;0.4983;1.8456;25.832521
1283;9622;0.0003;0.0971;0.4986;1.8396;25.832522
1283;9623;0.0003;0.0970;0.4990;1.8456;25.832523
1283;9624;0.0003;0.0969;0.4988;1.8497;25.832524
1283;9625;0.0003;0.0966;0.4986;1.8558;25.832525
1283;9626;0.0003;0.0966;0.4989;1.8598;25.832526
1283;9627;0.0003;0.0964;0.4989;1.8659;25.832527
1283;9628;0.0003;0.0962;0.4988;1.8800;25.832528
1283;9629;0.0003;0.0960;0.4987;1.8983;25.832529
1283;9630;0.0003;0.0959;0.4987;1.9124;25.832530
1283;9631;0.0003;0.0958;0.4992;1.9306;25.832531
1283;9632;0.0003;0.0957;0.4993;1.9468;25.832532
1283;9633;0.0003;0.0955;0.4991;1.9590;25.832533
1283;9634;0.0003;0.0953;0.4989;1.9630;25.832534
1283;9635;0.0003;0.0951;0.4987;1.9590;25.832535
1283;9636;0.0003;0.0948;0.4983;1.9569;25.832536
1283;9637;0.0003;0.0946;0.4978;1.9590;25.832537
1283;9638;0.0003;0.0945;0.4981;1.9650;25.832538
1283;9639;0.0003;0.0945;0.4988;1.9691;25.832539
1283;9640;0.0003;0.0943;0.4990;1.9752;25.832540
1283;9641;0.0003;0.0943;0.4993;1.9853;25.832541
1283;9642;0.0003;0.0940;0.4991;1.9893;25.832542
1283;9643;0.0003;0.0938;0.4987;1.9934;25.832543
1283;9644;0.0003;0.0937;0.4989;1.9873;25.832544
1283;9645;0.0003;0.0935;0.4986;1.9772;25.832545
1283;9646;0.0003;0.0933;0.4986;1.9711;25.832546
1283;9647;0.0003;0.0931;0.4983;1.9711;25.832547
1283;9648;0.0003;0.0930;0.4984;1.9691;25.832548
1283;9649;0.0003;0.0928;0.4986;1.9772;25.832549
1283;9650;0.0003;0.0927;0.4984;1.9954;25.832550
1283;9651;0.0003;0.0925;0.4984;2.0116;25.832551
1283;9652;0.0003;0.0923;0.4983;2.0116;25.832552
1283;9653;0.0003;0.0921;0.4981;2.0116;25.832553
1283;9654;0.0003;0.0921;0.4987;2.0197;25.832554
1283;9655;0.0003;0.0919;0.4988;2.0298;25.832555
1283;9656;0.0003;0.0917;0.4986;2.0419;25.832556
1283;9657;0.0003;0.0916;0.4986;2.0500;25.832557
1283;9658;0.0003;0.0914;0.4986;2.0602;25.832558
1283;9659;0.0003;0.0913;0.4989;2.0824;25.832559
1283;9660;0.0003;0.0911;0.4987;2.1148;25.832560
1283;9661;0.0003;0.0910;0.4989;2.1431;25.832561
1283;9662;0.0003;0.0909;0.4990;2.1532;25.832562
1283;9663;0.0003;0.0906;0.4984;2.1532;25.832563
1283;9664;0.0003;0.0904;0.4983;2.1472;25.832564
1283;9665;0.0003;0.0902;0.4981;2.1310;25.832565
1283;9666;0.0003;0.0901;0.4982;2.1128;25.832566
1283;9667;0.0003;0.0899;0.4978;2.0966;25.832567
1283;9668;0.0003;0.0897;0.4976;2.0905;25.832568
1283;9669;0.0003;0.0896;0.4981;2.0844;25.832569
1283;9670;0.0003;0.0894;0.4977;2.0743;25.832570
1283;9671;0.0003;0.0892;0.4977;2.0682;25.832571
1283;9672;0.0003;0.0891;0.4981;2.0480;25.832572
1283;9673;0.0003;0.0890;0.4982;2.0298;25.832573
1283;9674;0.0003;0.0889;0.4987;2.0217;25.832574
1283;9675;0.0003;0.0888;0.4991;2.0258;25.832575
1283;9676;0.0003;0.0887;0.4991;2.0500;25.832576
1283;9677;0.0003;0.0885;0.4990;2.0844;25.832577
1283;9678;0.0003;0.0883;0.4985;2.1229;25.832578
1283;9679;0.0003;0.0880;0.4981;2.1532;25.832579
1283;9680;0.0003;0.0878;0.4980;2.1492;25.832580
1283;9681;0.0003;0.0877;0.4980;2.1269;25.832581
1283;9682;0.0003;0.0876;0.4986;2.1128;25.832582
1283;9683;0.0003;0.0874;0.4982;2.1067;25.832583
1283;9684;0.0003;0.0872;0.4981;2.1087;25.832584
1283;9685;0.0003;0.0871;0.4981;2.1229;25.832585
1283;9686;0.0003;0.0869;0.4980;2.1512;25.832586
1283;9687;0.0003;0.0868;0.4983;2.1715;25.832587
1283;9688;0.0003;0.0867;0.4986;2.1856;25.832588
1283;9689;0.0003;0.0865;0.4984;2.2099;25.832589
1283;9690;0.0003;0.0863;0.4982;2.2301;25.832590
1283;9691;0.0003;0.0861;0.4982;2.2484;25.832591
1283;9692;0.0003;0.0860;0.4981;2.2585;25.832592
1283;9693;0.0003;0.0857;0.4977;2.2706;25.832593
1283;9694;0.0003;0.0856;0.4976;2.2949;25.832594
1283;9695;0.0003;0.0855;0.4980;2.3070;25.832595
1283;9696;0.0003;0.0853;0.4980;2.3091;25.832596
1283;9697;0.0003;0.0852;0.4980;2.3131;25.832597
1283;9698;0.0003;0.0849;0.4977;2.3131;25.832598
1283;9699;0.0003;0.0848;0.4976;2.3111;25.832599
1283;9700;0.0003;0.0847;0.4977;2.3030;25.832600
1283;9701;0.0003;0.0845;0.4977;2.3030;25.832601
1283;9702;0.0003;0.0844;0.4978;2.3131;25.832602
1283;9703;0.0003;0.0841;0.4975;2.3172;25.832603
1283;9704;0.0003;0.0840;0.4973;2.3192;25.832604
1283;9705;0.0003;0.0839;0.4978;2.3131;25.832605
1283;9706;0.0003;0.0837;0.4979;2.3010;25.832606
1283;9707;0.0003;0.0836;0.4981;2.2828;25.832607
1283;9708;0.0003;0.0834;0.4979;2.2706;25.832608
1283;9709;0.0003;0.0832;0.4976;2.2666;25.832609
1283;9710;0.0003;0.0831;0.4980;2.2605;25.832610
1283;9711;0.0003;0.0830;0.4981;2.2504;25.832611
1283;9712;0.0003;0.0828;0.4981;2.2544;25.832612
1283;9713;0.0003;0.0826;0.4977;2.2706;25.832613
1283;9714;0.0003;0.0824;0.4976;2.2909;25.832614
1283;9715;0.0003;0.0824;0.4981;2.2990;25.832615
1283;9716;0.0003;0.0822;0.4981;2.3010;25.832616
1283;9717;0.0003;0.0820;0.4980;2.3091;25.832617
1283;9718;0.0003;0.0819;0.4981;2.3111;25.832618
1283;9719;0.0003;0.0817;0.4981;2.3111;25.832619
1283;9720;0.0003;0.0816;0.4982;2.3192;25.832620
1283;9721;0.0003;0.0814;0.4979;2.3334;25.832621
1283;9722;0.0003;0.0812;0.4978;2.3495;25.832622
1283;9723;0.0002;0.0810;0.4978;2.3678;25.832623
1283;9724;0.0002;0.0809;0.4978;2.3860;25.832624
1283;9725;0.0003;0.0808;0.4983;2.3981;25.832625
1283;9726;0.0002;0.0807;0.4983;2.4042;25.832626
1283;9727;0.0002;0.0804;0.4977;2.4305;25.832627
1283;9728;0.0002;0.0803;0.4979;2.4669;25.832628
1283;9729;0.0002;0.0801;0.4978;2.5034;25.832629
1283;9730;0.0002;0.0800;0.4980;2.5256;25.832630
1283;9731;0.0002;0.0799;0.4982;2.5398;25.832631
1283;9732;0.0002;0.0797;0.4984;2.5499;25.832632
1283;9733;0.0002;0.0796;0.4987;2.5479;25.832633
1283;9734;0.0002;0.0794;0.4986;2.5479;25.832634
1283;9735;0.0002;0.0792;0.4983;2.5418;25.832635
1283;9736;0.0002;0.0790;0.4978;2.5297;25.832636
1283;9737;0.0002;0.0788;0.4974;2.5175;25.832637
1283;9738;0.0002;0.0787;0.4979;2.4912;25.832638
1283;9739;0.0002;0.0786;0.4979;2.4669;25.832639
1283;9740;0.0002;0.0784;0.4980;2.4649;25.832640
1283;9741;0.0002;0.0783;0.4980;2.4770;25.832641
1283;9742;0.0002;0.0781;0.4981;2.5074;25.832642
1283;9743;0.0002;0.0780;0.4983;2.5499;25.832643
1283;9744;0.0002;0.0778;0.4980;2.5843;25.832644
1283;9745;0.0002;0.0776;0.4980;2.6167;25.832645
1283;9746;0.0002;0.0775;0.4981;2.6288;25.832646
1283;9747;0.0002;0.0772;0.4975;2.6268;25.832647
1283;9748;0.0002;0.0771;0.4975;2.6086;25.832648
1283;9749;0.0002;0.0769;0.4974;2.5924;25.832649
1283;9750;0.0002;0.0768;0.4975;2.5883;25.832650
1283;9751;0.0002;0.0767;0.4978;2.5904;25.832651
1283;9752;0.0002;0.0765;0.4978;2.5985;25.832652
1283;9753;0.0002;0.0764;0.4982;2.6228;25.832653
1283;9754;0.0002;0.0763;0.4982;2.6450;25.832654
1283;9755;0.0002;0.0761;0.4981;2.6531;25.832655
1283;9756;0.0002;0.0759;0.4979;2.6652;25.832656
1283;9757;0.0002;0.0757;0.4977;2.6956;25.832657
1283;9758;0.0002;0.0756;0.4979;2.7138;25.832658
1283;9759;0.0002;0.0754;0.4980;2.7179;25.832659
1283;9760;0.0002;0.0752;0.4977;2.7300;25.832660
1283;9761;0.0002;0.0751;0.4980;2.7381;25.832661
1283;9762;0.0002;0.0750;0.4980;2.7401;25.832662
1283;9763;0.0002;0.0749;0.4985;2.7320;25.832663
1283;9764;0.0002;0.0747;0.4983;2.7280;25.832664
1283;9765;0.0002;0.0745;0.4979;2.7442;25.832665
1283;9766;0.0002;0.0743;0.4979;2.7745;25.832666
1283;9767;0.0002;0.0741;0.4977;2.8089;25.832667
1283;9768;0.0002;0.0740;0.4977;2.8332;25.832668
1283;9769;0.0002;0.0738;0.4977;2.8373;25.832669
1283;9770;0.0002;0.0736;0.4972;2.8393;25.832670
1283;9771;0.0002;0.0734;0.4973;2.8251;25.832671
1283;9772;0.0002;0.0733;0.4973;2.8069;25.832672
1283;9773;0.0002;0.0732;0.4978;2.8069;25.832673
1283;9774;0.0002;0.0731;0.4978;2.8110;25.832674
1283;9775;0.0002;0.0729;0.4974;2.8312;25.832675
1283;9776;0.0002;0.0727;0.4975;2.8555;25.832676
1283;9777;0.0002;0.0725;0.4972;2.8757;25.832677
1283;9778;0.0002;0.0724;0.4975;2.8919;25.832678
1283;9779;0.0002;0.0723;0.4977;2.8919;25.832679
1283;9780;0.0002;0.0721;0.4978;2.8818;25.832680
1283;9781;0.0002;0.0720;0.4980;2.8575;25.832681
1283;9782;0.0002;0.0718;0.4975;2.8393;25.832682
1283;9783;0.0002;0.0716;0.4971;2.8494;25.832683
1283;9784;0.0002;0.0714;0.4970;2.8818;25.832684
1283;9785;0.0002;0.0713;0.4974;2.9243;25.832685
1283;9786;0.0002;0.0712;0.4981;2.9688;25.832686
1283;9787;0.0002;0.0711;0.4981;3.0073;25.832687
1283;9788;0.0002;0.0710;0.4983;3.0315;25.832688
1283;9789;0.0002;0.0708;0.4981;3.0214;25.832689
1283;9790;0.0002;0.0705;0.4975;2.9870;25.832690
1283;9791;0.0002;0.0704;0.4973;2.9425;25.832691
1283;9792;0.0002;0.0702;0.4971;2.9000;25.832692
1283;9793;0.0002;0.0700;0.4971;2.8737;25.832693
1283;9794;0.0002;0.0699;0.4972;2.8696;25.832694
1283;9795;0.0002;0.0697;0.4972;2.8879;25.832695
1283;9796;0.0002;0.0696;0.4976;2.9101;25.832696
1283;9797;0.0002;0.0695;0.4976;2.9202;25.832697
1283;9798;0.0002;0.0692;0.4972;2.9263;25.832698
1283;9799;0.0002;0.0690;0.4970;2.9263;25.832699
1283;9800;0.0002;0.0689;0.4968;2.9223;25.832700
1283;9801;0.0002;0.0688;0.4972;2.9202;25.832701
1283;9802;0.0002;0.0687;0.4973;2.9142;25.832702
1283;9803;0.0002;0.0685;0.4973;2.9121;25.832703
1283;9804;0.0002;0.0683;0.4973;2.9182;25.832704
1283;9805;0.0002;0.0681;0.4971;2.9506;25.832705
1283;9806;0.0002;0.0681;0.4976;2.9830;25.832706
1283;9807;0.0002;0.0680;0.4980;3.0012;25.832707
1283;9808;0.0002;0.0677;0.4975;3.0214;25.832708
1283;9809;0.0002;0.0676;0.4974;3.0417;25.832709
1283;9810;0.0002;0.0674;0.4972;3.0599;25.832710
1283;9811;0.0002;0.0672;0.4970;3.0821;25.832711
1283;9812;0.0002;0.0670;0.4971;3.0902;25.832712
1283;9813;0.0002;0.0669;0.4973;3.0963;25.832713
1283;9814;0.0002;0.0668;0.4973;3.1024;25.832714
1283;9815;0.0002;0.0666;0.4971;3.0963;25.832715
1283;9816;0.0002;0.0665;0.4973;3.0862;25.832716
1283;9817;0.0002;0.0663;0.4974;3.0740;25.832717
1283;9818;0.0002;0.0661;0.4972;3.0801;25.832718
1283;9819;0.0002;0.0660;0.4972;3.1084;25.832719
1283;9820;0.0002;0.0659;0.4974;3.1428;25.832720
1283;9821;0.0002;0.0657;0.4975;3.1813;25.832721
1283;9822;0.0002;0.0656;0.4977;3.2157;25.832722
1283;9823;0.0002;0.0654;0.4972;3.2420;25.832723
1283;9824;0.0002;0.0652;0.4972;3.2663;25.832724
1283;9825;0.0002;0.0651;0.4974;3.2845;25.832725
1283;9826;0.0002;0.0649;0.4974;3.3027;25.832726
1283;9827;0.0002;0.0648;0.4977;3.3088;25.832727
1283;9828;0.0002;0.0647;0.4978;3.2946;25.832728
1283;9829;0.0002;0.0645;0.4980;3.2784;25.832729
1283;9830;0.0002;0.0643;0.4977;3.2602;25.832730
1283;9831;0.0002;0.0641;0.4971;3.2542;25.832731
1283;9832;0.0002;0.0640;0.4972;3.2562;25.832732
1283;9833;0.0002;0.0638;0.4972;3.2724;25.832733
1283;9834;0.0002;0.0637;0.4976;3.2926;25.832734
1283;9835;0.0002;0.0635;0.4974;3.2987;25.832735
1283;9836;0.0002;0.0633;0.4972;3.3007;25.832736
1283;9837;0.0002;0.0632;0.4971;3.3128;25.832737
1283;9838;0.0002;0.0630;0.4971;3.3311;25.832738
1283;9839;0.0002;0.0629;0.4973;3.3432;25.832739
1283;9840;0.0002;0.0627;0.4971;3.3412;25.832740
1283;9841;0.0002;0.0625;0.4966;3.3391;25.832741
1283;9842;0.0002;0.0624;0.4969;3.3513;25.832742
1283;9843;0.0002;0.0622;0.4967;3.4039;25.832743
1283;9844;0.0002;0.0621;0.4971;3.4687;25.832744
1283;9845;0.0002;0.0619;0.4971;3.4990;25.832745
1283;9846;0.0002;0.0617;0.4967;3.5071;25.832746
1283;9847;0.0002;0.0616;0.4968;3.4930;25.832747
1283;9848;0.0002;0.0614;0.4966;3.4747;25.832748
1283;9849;0.0002;0.0613;0.4968;3.4768;25.832749
1283;9850;0.0002;0.0612;0.4970;3.5031;25.832750
1283;9851;0.0002;0.0610;0.4968;3.5496;25.832751
1283;9852;0.0002;0.0609;0.4972;3.5941;25.832752
1283;9853;0.0002;0.0607;0.4973;3.6184;25.832753
1283;9854;0.0002;0.0606;0.4973;3.6407;25.832754
1283;9855;0.0002;0.0604;0.4973;3.6528;25.832755
1283;9856;0.0002;0.0602;0.4967;3.6690;25.832756
1283;9857;0.0002;0.0600;0.4966;3.6913;25.832757
1283;9858;0.0002;0.0599;0.4968;3.7095;25.832758
1283;9859;0.0002;0.0597;0.4968;3.7216;25.832759
1283;9860;0.0002;0.0596;0.4968;3.7277;25.832760
1283;9861;0.0002;0.0594;0.4967;3.7176;25.832761
1283;9862;0.0002;0.0593;0.4970;3.6852;25.832762
1283;9863;0.0002;0.0591;0.4969;3.6488;25.832763
1283;9864;0.0002;0.0590;0.4969;3.6387;25.832764
1283;9865;0.0002;0.0588;0.4971;3.6488;25.832765
1283;9866;0.0002;0.0586;0.4968;3.6791;25.832766
1283;9867;0.0002;0.0585;0.4969;3.7156;25.832767
1283;9868;0.0002;0.0584;0.4971;3.7398;25.832768
1283;9869;0.0002;0.0582;0.4970;3.7763;25.832769
1283;9870;0.0002;0.0581;0.4970;3.8107;25.832770
1283;9871;0.0002;0.0579;0.4967;3.8309;25.832771
1283;9872;0.0002;0.0577;0.4969;3.8370;25.832772
1283;9873;0.0002;0.0576;0.4969;3.8167;25.832773
1283;9874;0.0002;0.0574;0.4967;3.8006;25.832774
1283;9875;0.0002;0.0573;0.4973;3.7904;25.832775
1283;9876;0.0002;0.0572;0.4973;3.7702;25.832776
1283;9877;0.0002;0.0570;0.4971;3.7621;25.832777
1283;9878;0.0002;0.0568;0.4971;3.7702;25.832778
1283;9879;0.0002;0.0567;0.4971;3.7925;25.832779
1283;9880;0.0002;0.0566;0.4975;3.8208;25.832780
1283;9881;0.0002;0.0564;0.4974;3.8471;25.832781
1283;9882;0.0002;0.0562;0.4972;3.8896;25.832782
1283;9883;0.0002;0.0561;0.4971;3.9422;25.832783
1283;9884;0.0002;0.0558;0.4965;4.0127;25.832784
1283;9885;0.0002;0.0558;0.4971;4.0272;25.832785
1283;9886;0.0002;0.0556;0.4973;4.0110;25.832786
1283;9887;0.0002;0.0554;0.4970;3.9847;25.832787
1283;9888;0.0002;0.0552;0.4966;3.9965;25.832788
1283;9889;0.0002;0.0550;0.4963;4.0310;25.832789
1283;9890;0.0002;0.0549;0.4966;4.0737;25.832790
1283;9891;0.0002;0.0548;0.4966;4.0838;25.832791
1283;9892;0.0002;0.0546;0.4967;4.0838;25.832792
1283;9893;0.0002;0.0545;0.4969;4.0879;25.832793
1283;9894;0.0002;0.0543;0.4967;4.1041;25.832794
1283;9895;0.0002;0.0542;0.4969;4.1021;25.832795
1283;9896;0.0002;0.0540;0.4967;4.0737;25.832796
1283;9897;0.0002;0.0538;0.4966;4.0452;25.832797
1283;9898;0.0002;0.0537;0.4967;4.0351;25.832798
1283;9899;0.0002;0.0536;0.4968;4.0330;25.832799
1283;9900;0.0002;0.0534;0.4968;4.0330;25.832800
1283;9901;0.0002;0.0532;0.4967;4.0351;25.832801
1283;9902;0.0002;0.0531;0.4968;4.0818;25.832802
1283;9903;0.0002;0.0530;0.4972;4.1163;25.832803
1283;9904;0.0002;0.0528;0.4970;4.1508;25.832804
1283;9905;0.0002;0.0526;0.4970;4.1691;25.832805
1283;9906;0.0002;0.0525;0.4968;4.1793;25.832806
1283;9907;0.0002;0.0523;0.4965;4.1955;25.832807
1283;9908;0.0002;0.0522;0.4967;4.2341;25.832808
1283;9909;0.0002;0.0520;0.4963;4.2889;25.832809
1283;9910;0.0002;0.0518;0.4966;4.3377;25.832810
1283;9911;0.0002;0.0517;0.4966;4.3620;25.832811
1283;9912;0.0002;0.0515;0.4964;4.3702;25.832812
1283;9913;0.0002;0.0514;0.4966;4.3498;25.832813
1283;9914;0.0002;0.0512;0.4966;4.3052;25.832814
1283;9915;0.0002;0.0511;0.4968;4.2767;25.832815
1283;9916;0.0002;0.0509;0.4969;4.2646;25.832816
1283;9917;0.0002;0.0508;0.4967;4.2585;25.832817
1283;9918;0.0002;0.0506;0.4969;4.2585;25.832818
1283;9919;0.0002;0.0505;0.4969;4.2605;25.832819
1283;9920;0.0002;0.0503;0.4969;4.2605;25.832820
1283;9921;0.0002;0.0502;0.4967;4.2788;25.832821
1283;9922;0.0002;0.0500;0.4965;4.3316;25.832822
1283;9923;0.0002;0.0499;0.4970;4.4270;25.832823
1283;9924;0.0002;0.0498;0.4975;4.5428;25.832824
1283;9925;0.0002;0.0496;0.4971;4.6484;25.832825
1283;9926;0.0002;0.0494;0.4970;4.6890;25.832826
1283;9927;0.0002;0.0492;0.4966;4.6971;25.832827
1283;9928;0.0002;0.0491;0.4968;4.7133;25.832828
1283;9929;0.0002;0.0489;0.4968;4.7397;25.832829
1283;9930;0.0002;0.0488;0.4969;4.7763;25.832830
1283;9931;0.0002;0.0487;0.4972;4.8007;25.832831
1283;9932;0.0002;0.0485;0.4969;4.8271;25.832832
1283;9933;0.0002;0.0483;0.4967;4.8332;25.832833
1283;9934;0.0002;0.0482;0.4967;4.7946;25.832834
1283;9935;0.0002;0.0480;0.4967;4.7397;25.832835
1283;9936;0.0002;0.0478;0.4966;4.6666;25.832836
1283;9937;0.0002;0.0476;0.4961;4.5956;25.832837
1283;9938;0.0002;0.0475;0.4961;4.5489;25.832838
1283;9939;0.0002;0.0474;0.4965;4.5285;25.832839
1283;9940;0.0002;0.0472;0.4966;4.5306;25.832840
1283;9941;0.0002;0.0471;0.4970;4.5529;25.832841
1283;9942;0.0002;0.0469;0.4966;4.5915;25.832842
1283;9943;0.0002;0.0467;0.4966;4.6402;25.832843
1283;9944;0.0002;0.0466;0.4966;4.6910;25.832844
1283;9945;0.0002;0.0464;0.4966;4.7601;25.832845
1283;9946;0.0002;0.0463;0.4967;4.8149;25.832846
1283;9947;0.0002;0.0461;0.4966;4.8332;25.832847
1283;9948;0.0002;0.0460;0.4966;4.8250;25.832848
1283;9949;0.0002;0.0459;0.4969;4.7641;25.832849
1283;9950;0.0002;0.0457;0.4968;4.6971;25.832850
1283;9951;0.0002;0.0455;0.4968;4.6666;25.832851
1283;9952;0.0002;0.0454;0.4967;4.6748;25.832852
1283;9953;0.0002;0.0452;0.4965;4.7316;25.832853
1283;9954;0.0002;0.0450;0.4965;4.8047;25.832854
1283;9955;0.0002;0.0449;0.4965;4.8860;25.832855
1283;9956;0.0002;0.0448;0.4967;4.9611;25.832856
1283;9957;0.0002;0.0446;0.4968;4.9895;25.832857
1283;9958;0.0002;0.0445;0.4968;4.9855;25.832858
1283;9959;0.0002;0.0443;0.4969;4.9388;25.832859
1283;9960;0.0002;0.0442;0.4969;4.9185;25.832860
1283;9961;0.0002;0.0440;0.4969;4.9306;25.832861
1283;9962;0.0002;0.0439;0.4969;4.9916;25.832862
1283;9963;0.0002;0.0437;0.4968;5.1357;25.832863
1283;9964;0.0002;0.0435;0.4968;5.2962;25.832864
1283;9965;0.0002;0.0434;0.4966;5.3571;25.832865
1283;9966;0.0002;0.0432;0.4964;5.2982;25.832866
1283;9967;0.0002;0.0431;0.4964;5.2028;25.832867
1283;9968;0.0002;0.0429;0.4963;5.1357;25.832868
1283;9969;0.0002;0.0427;0.4965;5.0931;25.832869
1283;9970;0.0002;0.0426;0.4967;5.0525;25.832870
1283;9971;0.0002;0.0424;0.4963;5.0362;25.832871
1283;9972;0.0002;0.0423;0.4964;5.0423;25.832872
1283;9973;0.0002;0.0421;0.4963;5.0890;25.832873
1283;9974;0.0002;0.0420;0.4967;5.1784;25.832874
1283;9975;0.0002;0.0419;0.4969;5.2637;25.832875
1283;9976;0.0002;0.0417;0.4970;5.3490;25.832876
1283;9977;0.0002;0.0416;0.4972;5.4404;25.832877
1283;9978;0.0002;0.0414;0.4970;5.5317;25.832878
1283;9979;0.0002;0.0413;0.4970;5.5683;25.832879
1283;9980;0.0002;0.0411;0.4966;5.5642;25.832880
1283;9981;0.0002;0.0409;0.4963;5.5663;25.832881
1283;9982;0.0002;0.0407;0.4963;5.5480;25.832882
1283;9983;0.0002;0.0406;0.4963;5.5216;25.832883
1283;9984;0.0002;0.0404;0.4966;5.5053;25.832884
1283;9985;0.0002;0.0403;0.4966;5.4728;25.832885
1283;9986;0.0002;0.0401;0.4964;5.4140;25.832886
1283;9987;0.0002;0.0400;0.4964;5.3388;25.832887
1283;9988;0.0002;0.0398;0.4962;5.3124;25.832888
1283;9989;0.0002;0.0397;0.4964;5.3469;25.832889
1283;9990;0.0002;0.0395;0.4967;5.3876;25.832890
1283;9991;0.0002;0.0394;0.4967;5.4221;25.832891
1283;9992;0.0002;0.0393;0.4969;5.4810;25.832892
1283;9993;0.0002;0.0391;0.4964;5.5541;25.832893
1283;9994;0.0002;0.0389;0.4964;5.6312;25.832894
1283;9995;0.0002;0.0388;0.4964;5.6922;25.832895
1283;9996;0.0002;0.0386;0.4963;5.7389;25.832896
1283;9997;0.0002;0.0384;0.4963;5.7409;25.832897
1283;9998;0.0002;0.0383;0.4959;5.6800;25.832898
1283;9999;0.0002;0.0381;0.4961;5.5987;25.832899
1283;10000;0.0002;0.0380;0.4963;5.5338;25.832900
1283;10001;0.0002;0.0378;0.4961;5.5053;25.832901
1283;10002;0.0002;0.0377;0.4963;5.4931;25.832902
1283;10003;0.0002;0.0375;0.4963;5.4992;25.832903
1283;10004;0.0002;0.0374;0.4965;5.5114;25.832904
1283;10005;0.0002;0.0373;0.4969;5.5459;25.832905
1283;10006;0.0002;0.0371;0.4966;5.6394;25.832906
1283;10007;0.0002;0.0369;0.4966;5.7307;25.832907
1283;10008;0.0002;0.0368;0.4964;5.7835;25.832908
1283;10009;0.0002;0.0366;0.4962;5.8039;25.832909
1283;10010;0.0002;0.0365;0.4967;5.7734;25.832910
1283;10011;0.0002;0.0363;0.4967;5.7206;25.832911
1283;10012;0.0002;0.0362;0.4971;5.6901;25.832912
1283;10013;0.0002;0.0360;0.4969;5.6881;25.832913
1283;10014;0.0002;0.0359;0.4970;5.7389;25.832914
1283;10015;0.0002;0.0357;0.4972;5.7876;25.832915
1283;10016;0.0002;0.0356;0.4967;5.8018;25.832916
1283;10017;0.0002;0.0354;0.4970;5.7896;25.832917
1283;10018;0.0002;0.0353;0.4972;5.7470;25.832918
1283;10019;0.0002;0.0351;0.4970;5.7328;25.832919
1283;10020;0.0002;0.0350;0.4968;5.7795;25.832920
1283;10021;0.0002;0.0348;0.4963;5.9034;25.832921
1283;10022;0.0002;0.0346;0.4963;6.0313;25.832922
1283;10023;0.0002;0.0345;0.4966;6.0618;25.832923
1283;10024;0.0002;0.0343;0.4966;6.0475;25.832924
1283;10025;0.0002;0.0342;0.4969;6.0658;25.832925
1283;10026;0.0002;0.0340;0.4968;6.1308;25.832926
1283;10027;0.0002;0.0339;0.4964;6.1633;25.832927
1283;10028;0.0002;0.0337;0.4964;6.1572;25.832928
1283;10029;0.0002;0.0336;0.4964;6.1592;25.832929
1283;10030;0.0002;0.0334;0.4966;6.1450;25.832930
1283;10031;0.0002;0.0332;0.4964;6.1125;25.832931
1283;10032;0.0002;0.0331;0.4963;6.1247;25.832932
1283;10033;0.0002;0.0329;0.4963;6.1308;25.832933
1283;10034;0.0002;0.0328;0.4962;6.1694;25.832934
1283;10035;0.0002;0.0326;0.4963;6.2506;25.832935
1283;10036;0.0002;0.0325;0.4963;6.2973;25.832936
1283;10037;0.0002;0.0323;0.4963;6.2851;25.832937
1283;10038;0.0002;0.0322;0.4965;6.2019;25.832938
1283;10039;0.0002;0.0320;0.4963;6.1389;25.832939
1283;10040;0.0002;0.0319;0.4967;6.1389;25.832940
1283;10041;0.0002;0.0317;0.4967;6.1349;25.832941
1283;10042;0.0002;0.0316;0.4968;6.1166;25.832942
1283;10043;0.0002;0.0314;0.4968;6.0800;25.832943
1283;10044;0.0002;0.0313;0.4964;6.0638;25.832944
1283;10045;0.0002;0.0311;0.4964;6.1308;25.832945
1283;10046;0.0002;0.0310;0.4966;6.2019;25.832946
1283;10047;0.0002;0.0308;0.4966;6.2445;25.832947
1283;10048;0.0002;0.0307;0.4964;6.2872;25.832948
1283;10049;0.0002;0.0305;0.4963;6.3339;25.832949
1283;10050;0.0002;0.0303;0.4963;6.3725;25.832950
1283;10051;0.0002;0.0302;0.4963;6.4720;25.832951
1283;10052;0.0002;0.0300;0.4963;6.5776;25.832952
1283;10053;0.0002;0.0299;0.4964;6.6202;25.832953
1283;10054;0.0002;0.0297;0.4961;6.6750;25.832954
1283;10055;0.0002;0.0296;0.4963;6.7542;25.832955
1283;10056;0.0002;0.0294;0.4963;6.7421;25.832956
1283;10057;0.0002;0.0292;0.4959;6.6852;25.832957
1283;10058;0.0002;0.0291;0.4961;6.6710;25.832958
1283;10059;0.0002;0.0290;0.4961;6.7238;25.832959
1283;10060;0.0002;0.0288;0.4961;6.8720;25.832960
1283;10061;0.0002;0.0286;0.4961;7.0548;25.832961
1283;10062;0.0002;0.0285;0.4959;7.1543;25.832962
1283;10063;0.0002;0.0283;0.4961;7.0710;25.832963
1283;10064;0.0002;0.0282;0.4958;6.8700;25.832964
1283;10065;0.0002;0.0280;0.4957;6.6629;25.832965
1283;10066;0.0002;0.0279;0.4958;6.5045;25.832966
1283;10067;0.0002;0.0277;0.4960;6.5166;25.832967
1283;10068;0.0002;0.0276;0.4964;6.6832;25.832968
1283;10069;0.0002;0.0274;0.4965;6.8700;25.832969
1283;10070;0.0002;0.0273;0.4967;7.0588;25.832970
1283;10071;0.0002;0.0272;0.4969;7.1746;25.832971
1283;10072;0.0002;0.0270;0.4964;7.1523;25.832972
1283;10073;0.0002;0.0268;0.4962;7.0913;25.832973
1283;10074;0.0002;0.0267;0.4960;7.1563;25.832974
1283;10075;0.0002;0.0265;0.4958;7.2396;25.832975
1283;10076;0.0002;0.0264;0.4963;7.2497;25.832976
1283;10077;0.0002;0.0262;0.4959;7.2071;25.832977
1283;10078;0.0002;0.0260;0.4959;7.1380;25.832978
1283;10079;0.0002;0.0259;0.4961;7.1340;25.832979
1283;10080;0.0002;0.0257;0.4961;7.1401;25.832980
1283;10081;0.0002;0.0256;0.4963;7.0954;25.832981
1283;10082;0.0002;0.0254;0.4961;7.0934;25.832982
1283;10083;0.0002;0.0253;0.4963;7.1462;25.832983
1283;10084;0.0002;0.0251;0.4961;7.1482;25.832984
1283;10085;0.0002;0.0250;0.4959;7.0913;25.832985
1283;10086;0.0002;0.0248;0.4959;7.0223;25.832986
1283;10087;0.0002;0.0247;0.4956;7.0000;25.832987
1283;10088;0.0002;0.0245;0.4959;6.9979;25.832988
1283;10089;0.0002;0.0244;0.4962;6.9614;25.832989
1283;10090;0.0002;0.0242;0.4962;6.9634;25.832990
1283;10091;0.0002;0.0241;0.4966;7.0243;25.832991
1283;10092;0.0002;0.0239;0.4964;7.0893;25.832992
1283;10093;0.0002;0.0238;0.4964;7.0893;25.832993
1283;10094;0.0002;0.0236;0.4962;7.0365;25.832994
1283;10095;0.0002;0.0235;0.4962;7.0771;25.832995
1283;10096;0.0002;0.0233;0.4967;7.1726;25.832996
1283;10097;0.0002;0.0232;0.4967;7.2172;25.832997
1283;10098;0.0002;0.0230;0.4967;7.2944;25.832998
1283;10099;0.0002;0.0229;0.4969;7.3756;25.832999
1283;10100;0.0002;0.0227;0.4962;7.4589;25.833000
1283;10101;0.0002;0.0225;0.4962;7.5198;25.833001
1283;10102;0.0002;0.0224;0.4964;7.4955;25.833002
1283;10103;0.0002;0.0222;0.4961;7.4630;25.833003
1283;10104;0.0002;0.0221;0.4961;7.5036;25.833004
1283;10105;0.0002;0.0219;0.4960;7.5787;25.833005
1283;10106;0.0002;0.0218;0.4960;7.5807;25.833006
1283;10107;0.0002;0.0216;0.4958;7.5462;25.833007
1283;10108;0.0002;0.0214;0.4958;7.5665;25.833008
1283;10109;0.0002;0.0213;0.4961;7.6173;25.833009
1283;10110;0.0002;0.0212;0.4961;7.6498;25.833010
1283;10111;0.0002;0.0210;0.4965;7.6965;25.833011
1283;10112;0.0002;0.0209;0.4963;7.6437;25.833012
1283;10113;0.0002;0.0207;0.4961;7.5706;25.833013
1283;10114;0.0002;0.0206;0.4963;7.5787;25.833014
1283;10115;0.0002;0.0204;0.4965;7.6823;25.833015
1283;10116;0.0002;0.0203;0.4966;7.8021;25.833016
1283;10117;0.0002;0.0201;0.4964;7.7716;25.833017
1283;10118;0.0002;0.0199;0.4961;7.6214;25.833018
1283;10119;0.0002;0.0198;0.4959;7.5036;25.833019
1283;10120;0.0002;0.0196;0.4959;7.5442;25.833020
1283;10121;0.0002;0.0195;0.4961;7.6071;25.833021
1283;10122;0.0002;0.0193;0.4961;7.6031;25.833022
1283;10123;0.0002;0.0192;0.4959;7.6437;25.833023
1283;10124;0.0002;0.0190;0.4962;7.6924;25.833024
1283;10125;0.0002;0.0189;0.4959;7.6559;25.833025
1283;10126;0.0002;0.0187;0.4959;7.6376;25.833026
1283;10127;0.0002;0.0186;0.4959;7.6823;25.833027
1283;10128;0.0002;0.0184;0.4958;7.7493;25.833028
1283;10129;0.0002;0.0183;0.4960;7.7595;25.833029
1283;10130;0.0002;0.0181;0.4960;7.7473;25.833030
1283;10131;0.0002;0.0180;0.4961;7.7168;25.833031
1283;10132;0.0002;0.0178;0.4962;7.6823;25.833032
1283;10133;0.0002;0.0177;0.4961;7.7229;25.833033
1283;10134;0.0002;0.0175;0.4963;7.8102;25.833034
1283;10135;0.0002;0.0174;0.4963;7.9382;25.833035
1283;10136;0.0002;0.0172;0.4964;8.2062;25.833036
1283;10137;0.0002;0.0171;0.4968;8.5697;25.833037
1283;10138;0.0002;0.0169;0.4966;8.8337;25.833038
1283;10139;0.0002;0.0168;0.4964;8.8418;25.833039
1283;10140;0.0002;0.0166;0.4964;8.6977;25.833040
1283;10141;0.0002;0.0164;0.4962;8.5169;25.833041
1283;10142;0.0002;0.0163;0.4962;8.3423;25.833042
1283;10143;0.0002;0.0161;0.4959;8.2570;25.833043
1283;10144;0.0002;0.0160;0.4959;8.1879;25.833044
1283;10145;0.0002;0.0158;0.4957;8.0539;25.833045
1283;10146;0.0002;0.0157;0.4957;7.8854;25.833046
1283;10147;0.0002;0.0155;0.4959;7.7513;25.833047
1283;10148;0.0002;0.0154;0.4957;7.7391;25.833048
1283;10149;0.0002;0.0152;0.4959;7.8915;25.833049
1283;10150;0.0002;0.0151;0.4961;8.0783;25.833050
1283;10151;0.0002;0.0149;0.4959;8.1717;25.833051
1283;10152;0.0002;0.0148;0.4961;8.2143;25.833052
1283;10153;0.0002;0.0146;0.4959;8.2590;25.833053
1283;10154;0.0002;0.0145;0.4961;8.2854;25.833054
1283;10155;0.0002;0.0143;0.4962;8.2448;25.833055
1283;10156;0.0002;0.0141;0.4960;8.2143;25.833056
1283;10157;0.0002;0.0140;0.4958;8.2225;25.833057
1283;10158;0.0002;0.0138;0.4956;8.2428;25.833058
1283;10159;0.0002;0.0137;0.4954;8.2367;25.833059
1283;10160;0.0002;0.0135;0.4958;8.1270;25.833060
1283;10161;0.0002;0.0134;0.4958;8.0316;25.833061
1283;10162;0.0002;0.0132;0.4960;8.0702;25.833062
1283;10163;0.0002;0.0131;0.4958;8.0803;25.833063
1283;10164;0.0002;0.0129;0.4958;8.1108;25.833064
1283;10165;0.0002;0.0128;0.4962;8.1737;25.833065
1283;10166;0.0002;0.0126;0.4960;8.2834;25.833066
1283;10167;0.0002;0.0125;0.4962;8.4296;25.833067
1283;10168;0.0002;0.0123;0.4963;8.5210;25.833068
1283;10169;0.0002;0.0122;0.4963;8.5190;25.833069
1283;10170;0.0002;0.0120;0.4963;8.4824;25.833070
1283;10171;0.0002;0.0118;0.4958;8.4479;25.833071
1283;10172;0.0002;0.0117;0.4958;8.3971;25.833072
1283;10173;0.0002;0.0116;0.4960;8.3423;25.833073
1283;10174;0.0002;0.0114;0.4960;8.3199;25.833074
1283;10175;0.0002;0.0113;0.4962;8.2570;25.833075
1283;10176;0.0002;0.0111;0.4958;8.2042;25.833076
1283;10177;0.0002;0.0109;0.4958;8.2042;25.833077
1283;10178;0.0002;0.0108;0.4958;8.1940;25.833078
1283;10179;0.0002;0.0106;0.4956;8.2042;25.833079
1283;10180;0.0002;0.0105;0.4962;8.2732;25.833080
1283;10181;0.0002;0.0103;0.4962;8.3199;25.833081
1283;10182;0.0002;0.0102;0.4962;8.3545;25.833082
1283;10183;0.0002;0.0100;0.4963;8.4641;25.833083
1283;10184;0.0002;0.0099;0.4961;8.6773;25.833084
1283;10185;0.0002;0.0098;0.4964;8.9089;25.833085
1283;10186;0.0002;0.0096;0.4963;8.9637;25.833086
1283;10187;0.0002;0.0094;0.4961;8.7565;25.833087
1283;10188;0.0002;0.0093;0.4961;8.5758;25.833088
1283;10189;0.0002;0.0091;0.4959;8.5900;25.833089
1283;10190;0.0002;0.0090;0.4957;8.6327;25.833090
1283;10191;0.0002;0.0088;0.4957;8.6591;25.833091
1283;10192;0.0002;0.0087;0.4959;8.7098;25.833092
1283;10193;0.0002;0.0085;0.4963;8.6733;25.833093
1283;10194;0.0002;0.0084;0.4961;8.7159;25.833094
1283;10195;0.0002;0.0082;0.4963;9.0368;25.833095
1283;10196;0.0002;0.0081;0.4962;9.4064;25.833096
1283;10197;0.0002;0.0079;0.4960;9.4693;25.833097
1283;10198;0.0002;0.0078;0.4962;9.3130;25.833098
1283;10199;0.0002;0.0076;0.4960;9.2074;25.833099
1283;10200;0.0002;0.0074;0.4961;9.0774;25.833100
1283;10201;0.0002;0.0073;0.4957;8.9190;25.833101
1283;10202;0.0002;0.0071;0.4957;8.9535;25.833102
1283;10203;0.0002;0.0070;0.4961;9.0612;25.833103
1283;10204;0.0002;0.0068;0.4957;9.0713;25.833104
1283;10205;0.0002;0.0067;0.4959;8.9454;25.833105
1283;10206;0.0002;0.0065;0.4959;8.8195;25.833106
1283;10207;0.0002;0.0064;0.4957;8.7708;25.833107
1283;10208;0.0002;0.0062;0.4959;8.7200;25.833108
1283;10209;0.0002;0.0061;0.4957;8.7505;25.833109
1283;10210;0.0002;0.0059;0.4959;8.9576;25.833110
1283;10211;0.0002;0.0058;0.4961;9.1769;25.833111
1283;10212;0.0002;0.0056;0.4961;9.1891;25.833112
1283;10213;0.0002;0.0055;0.4961;9.0591;25.833113
1283;10214;0.0002;0.0053;0.4959;9.0774;25.833114
1283;10215;0.0002;0.0052;0.4959;9.1810;25.833115
1283;10216;0.0002;0.0050;0.4959;9.1911;25.833116
1283;10217;0.0002;0.0048;0.4956;9.2053;25.833117
1283;10218;0.0002;0.0047;0.4958;9.2155;25.833118
1283;10219;0.0002;0.0045;0.4955;9.1911;25.833119
1283;10220;0.0002;0.0044;0.4956;9.2114;25.833120
1283;10221;0.0002;0.0042;0.4960;9.1952;25.833121
1283;10222;0.0002;0.0041;0.4960;9.2094;25.833122
1283;10223;0.0002;0.0039;0.4960;9.2520;25.833123
1283;10224;0.0002;0.0038;0.4958;9.2520;25.833124
1283;10225;0.0002;0.0036;0.4958;9.2277;25.833125
1283;10226;0.0002;0.0035;0.4959;9.1363;25.833126
1283;10227;0.0002;0.0033;0.4955;8.9941;25.833127
1283;10228;0.0002;0.0032;0.4955;8.8967;25.833128
1283;10229;0.0002;0.0030;0.4955;8.8825;25.833129
1283;10230;0.0002;0.0029;0.4954;8.9332;25.833130
1283;10231;0.0002;0.0027;0.4957;8.9718;25.833131
1283;10232;0.0002;0.0026;0.4957;9.0794;25.833132
1283;10233;0.0002;0.0024;0.4960;9.2866;25.833133
1283;10234;0.0002;0.0023;0.4960;9.4044;25.833134
1283;10235;0.0002;0.0021;0.4958;9.4409;25.833135
1283;10236;0.0002;0.0020;0.4963;9.6257;25.833136
1283;10237;0.0002;0.0018;0.4963;9.8369;25.833137
1283;10238;0.0002;0.0016;0.4961;9.8755;25.833138
1283;10239;0.0002;0.0015;0.4959;9.8328;25.833139
1283;10240;0.0002;0.0013;0.4959;9.8064;25.833140
1283;10241;0.0002;0.0012;0.4963;9.7679;25.833141
1283;10242;0.0002;0.0011;0.4963;9.7029;25.833142
1283;10243;0.0002;0.0009;0.4961;9.6907;25.833143
1283;10244;0.0002;0.0007;0.4963;9.7496;25.833144
1283;10245;0.0001;0.0006;0.4959;9.6785;25.833145
1283;10246;0.0000;0.0004;0.4959;9.4592;25.833146
1283;10247;0.0000;0.0003;0.4955;9.3231;25.833147
1283;10248;0.0000;0.0001;0.4957;9.3089;25.833148
1283;10249;0.0000;0.0000;0.4961;9.3109;25.833149
1283;10250;0.0000;-0.0002;0.4959;9.3678;25.833150
1283;10251;0.0000;-0.0003;0.4959;9.4186;25.833151
1283;10252;0.0001;-0.0005;0.4955;9.4450;25.833152
1283;10253;0.0002;-0.0006;0.4955;9.5120;25.833153
1283;10254;0.0002;-0.0008;0.4961;9.6805;25.833154
1283;10255;0.0002;-0.0009;0.4961;9.8531;25.833155
1283;10256;0.0002;-0.0011;0.4961;9.9344;25.833156
1283;10257;0.0002;-0.0012;0.4959;9.8633;25.833157
1283;10258;0.0002;-0.0014;0.4959;9.8450;25.833158
1283;10259;0.0002;-0.0015;0.4963;9.9425;25.833159
1283;10260;0.0002;-0.0017;0.4963;9.9791;25.833160
1283;10261;0.0002;-0.0018;0.4963;10.0197;25.833161
1283;10262;0.0002;-0.0020;0.4962;10.1111;25.833162
1283;10263;0.0002;-0.0021;0.4960;10.0298;25.833163
1283;10264;0.0002;-0.0023;0.4962;9.6988;25.833164
1283;10265;0.0002;-0.0024;0.4958;9.3780;25.833165
1283;10266;0.0002;-0.0026;0.4957;9.1728;25.833166
1283;10267;0.0002;-0.0027;0.4957;9.0530;25.833167
1283;10268;0.0002;-0.0029;0.4957;9.0551;25.833168
1283;10269;0.0002;-0.0031;0.4959;9.0876;25.833169
1283;10270;0.0002;-0.0032;0.4955;9.0205;25.833170
1283;10271;0.0002;-0.0034;0.4952;8.9210;25.833171
1283;10272;0.0002;-0.0035;0.4954;8.9495;25.833172
1283;10273;0.0002;-0.0037;0.4955;9.0287;25.833173
1283;10274;0.0002;-0.0038;0.4959;9.1404;25.833174
1283;10275;0.0002;-0.0040;0.4958;9.3353;25.833175
1283;10276;0.0002;-0.0041;0.4956;9.5262;25.833176
1283;10277;0.0002;-0.0043;0.4956;9.5039;25.833177
1283;10278;0.0002;-0.0044;0.4956;9.4409;25.833178
1283;10279;0.0002;-0.0046;0.4960;9.5018;25.833179
1283;10280;0.0002;-0.0047;0.4962;9.6724;25.833180
1283;10281;0.0002;-0.0049;0.4960;9.8471;25.833181
1283;10282;0.0002;-0.0050;0.4962;9.7597;25.833182
1283;10283;0.0002;-0.0052;0.4958;9.5404;25.833183
1283;10284;0.0002;-0.0053;0.4960;9.4368;25.833184
1283;10285;0.0002;-0.0055;0.4962;9.4572;25.833185
1283;10286;0.0002;-0.0057;0.4962;9.5526;25.833186
1283;10287;0.0002;-0.0058;0.4963;9.5871;25.833187
1283;10288;0.0002;-0.0059;0.4960;9.4247;25.833188
1283;10289;0.0002;-0.0061;0.4956;9.2764;25.833189
1283;10290;0.0002;-0.0062;0.4954;9.2845;25.833190
1283;10291;0.0002;-0.0064;0.4956;9.4023;25.833191
1283;10292;0.0002;-0.0066;0.4960;9.4957;25.833192
1283;10293;0.0002;-0.0067;0.4958;9.4551;25.833193
1283;10294;0.0002;-0.0068;0.4958;9.3191;25.833194
1283;10295;0.0002;-0.0070;0.4958;9.2114;25.833195
1283;10296;0.0002;-0.0071;0.4955;9.1891;25.833196
1283;10297;0.0002;-0.0073;0.4958;9.2297;25.833197
1283;10298;0.0002;-0.0075;0.4958;9.2724;25.833198
1283;10299;0.0002;-0.0076;0.4958;9.2988;25.833199
1283;10300;0.0002;-0.0078;0.4960;9.3373;25.833200
1283;10301;0.0002;-0.0079;0.4958;9.3089;25.833201
1283;10302;0.0002;-0.0081;0.4960;9.2378;25.833202
1283;10303;0.0002;-0.0082;0.4961;9.1241;25.833203
1283;10304;0.0002;-0.0084;0.4959;9.0652;25.833204
1283;10305;0.0002;-0.0085;0.4961;9.1099;25.833205
1283;10306;0.0002;-0.0087;0.4959;9.0977;25.833206
1283;10307;0.0002;-0.0088;0.4961;9.0266;25.833207
1283;10308;0.0002;-0.0090;0.4959;8.9698;25.833208
1283;10309;0.0002;-0.0091;0.4957;8.9657;25.833209
1283;10310;0.0002;-0.0093;0.4961;9.0530;25.833210
1283;10311;0.0002;-0.0094;0.4960;9.3231;25.833211
1283;10312;0.0002;-0.0096;0.4963;9.5831;25.833212
1283;10313;0.0002;-0.0098;0.4963;9.6501;25.833213
1283;10314;0.0002;-0.0099;0.4962;9.6338;25.833214
1283;10315;0.0002;-0.0101;0.4960;9.6074;25.833215
1283;10316;0.0002;-0.0102;0.4955;9.6237;25.833216
1283;10317;0.0002;-0.0104;0.4957;9.7151;25.833217
1283;10318;0.0002;-0.0105;0.4957;9.8207;25.833218
1283;10319;0.0002;-0.0107;0.4959;9.9019;25.833219
1283;10320;0.0002;-0.0108;0.4962;9.8714;25.833220
1283;10321;0.0002;-0.0110;0.4959;9.6866;25.833221
1283;10322;0.0002;-0.0111;0.4959;9.4064;25.833222
1283;10323;0.0002;-0.0113;0.4960;9.1221;25.833223
1283;10324;0.0002;-0.0114;0.4958;8.9312;25.833224
1283;10325;0.0002;-0.0116;0.4958;8.8865;25.833225
1283;10326;0.0002;-0.0117;0.4954;8.8621;25.833226
1283;10327;0.0002;-0.0119;0.4954;8.7484;25.833227
1283;10328;0.0002;-0.0120;0.4954;8.6245;25.833228
1283;10329;0.0002;-0.0122;0.4953;8.6205;25.833229
1283;10330;0.0002;-0.0123;0.4956;8.7708;25.833230
1283;10331;0.0002;-0.0125;0.4958;8.9820;25.833231
1283;10332;0.0002;-0.0126;0.4958;9.1769;25.833232
1283;10333;0.0002;-0.0128;0.4959;9.3556;25.833233
1283;10334;0.0002;-0.0130;0.4959;9.3658;25.833234
1283;10335;0.0002;-0.0131;0.4960;9.1302;25.833235
1283;10336;0.0002;-0.0133;0.4958;8.8987;25.833236
1283;10337;0.0002;-0.0134;0.4956;8.7748;25.833237
1283;10338;0.0002;-0.0136;0.4958;8.6469;25.833238
1283;10339;0.0002;-0.0137;0.4956;8.5778;25.833239
1283;10340;0.0002;-0.0139;0.4958;8.5941;25.833240
1283;10341;0.0002;-0.0140;0.4956;8.6245;25.833241
1283;10342;0.0002;-0.0142;0.4958;8.5555;25.833242
1283;10343;0.0002;-0.0143;0.4957;8.3646;25.833243
1283;10344;0.0002;-0.0144;0.4953;8.2387;25.833244
1283;10345;0.0002;-0.0146;0.4953;8.3768;25.833245
1283;10346;0.0002;-0.0148;0.4955;8.7119;25.833246
1283;10347;0.0002;-0.0149;0.4959;8.9353;25.833247
1283;10348;0.0002;-0.0151;0.4961;8.9292;25.833248
1283;10349;0.0002;-0.0152;0.4957;8.8195;25.833249
1283;10350;0.0002;-0.0154;0.4957;8.7261;25.833250
1283;10351;0.0002;-0.0155;0.4957;8.6469;25.833251
1283;10352;0.0002;-0.0157;0.4957;8.6449;25.833252
1283;10353;0.0002;-0.0158;0.4959;8.7159;25.833253
1283;10354;0.0002;-0.0160;0.4961;8.7667;25.833254
1283;10355;0.0002;-0.0162;0.4964;8.7342;25.833255
1283;10356;0.0002;-0.0163;0.4964;8.6063;25.833256
1283;10357;0.0002;-0.0164;0.4959;8.4804;25.833257
1283;10358;0.0002;-0.0166;0.4957;8.4479;25.833258
1283;10359;0.0002;-0.0167;0.4955;8.5068;25.833259
1283;10360;0.0002;-0.0169;0.4957;8.5596;25.833260
1283;10361;0.0002;-0.0170;0.4955;8.5311;25.833261
1283;10362;0.0002;-0.0172;0.4953;8.4885;25.833262
1283;10363;0.0002;-0.0173;0.4955;8.4702;25.833263
1283;10364;0.0002;-0.0175;0.4952;8.4946;25.833264
1283;10365;0.0002;-0.0177;0.4954;8.4804;25.833265
1283;10366;0.0002;-0.0178;0.4956;8.2773;25.833266
1283;10367;0.0002;-0.0180;0.4954;8.0458;25.833267
1283;10368;0.0002;-0.0181;0.4958;7.9910;25.833268
1283;10369;0.0002;-0.0183;0.4958;8.0702;25.833269
1283;10370;0.0002;-0.0184;0.4960;8.1392;25.833270
1283;10371;0.0002;-0.0186;0.4963;8.1554;25.833271
1283;10372;0.0002;-0.0187;0.4960;8.1676;25.833272
1283;10373;0.0002;-0.0189;0.4961;8.2123;25.833273
1283;10374;0.0002;-0.0191;0.4963;8.2935;25.833274
1283;10375;0.0002;-0.0192;0.4961;8.3951;25.833275
1283;10376;0.0002;-0.0194;0.4961;8.3870;25.833276
1283;10377;0.0002;-0.0195;0.4960;8.2854;25.833277
1283;10378;0.0002;-0.0197;0.4963;8.1961;25.833278
1283;10379;0.0002;-0.0198;0.4963;8.1636;25.833279
1283;10380;0.0002;-0.0200;0.4958;8.1534;25.833280
1283;10381;0.0002;-0.0201;0.4959;8.1656;25.833281
1283;10382;0.0002;-0.0203;0.4957;8.1372;25.833282
1283;10383;0.0002;-0.0204;0.4959;8.0336;25.833283
1283;10384;0.0002;-0.0206;0.4957;7.9219;25.833284
1283;10385;0.0002;-0.0207;0.4957;7.8854;25.833285
1283;10386;0.0002;-0.0209;0.4960;7.8326;25.833286
1283;10387;0.0002;-0.0210;0.4960;7.7209;25.833287
1283;10388;0.0002;-0.0212;0.4961;7.5848;25.833288
1283;10389;0.0002;-0.0213;0.4958;7.4569;25.833289
1283;10390;0.0002;-0.0215;0.4954;7.4122;25.833290
1283;10391;0.0002;-0.0216;0.4956;7.3858;25.833291
1283;10392;0.0002;-0.0218;0.4956;7.3492;25.833292
1283;10393;0.0002;-0.0219;0.4958;7.3675;25.833293
1283;10394;0.0002;-0.0221;0.4960;7.4488;25.833294
1283;10395;0.0002;-0.0222;0.4958;7.5483;25.833295
1283;10396;0.0002;-0.0224;0.4960;7.6193;25.833296
1283;10397;0.0002;-0.0226;0.4959;7.6823;25.833297
1283;10398;0.0002;-0.0227;0.4959;7.7960;25.833298
1283;10399;0.0002;-0.0229;0.4963;7.9097;25.833299
1283;10400;0.0002;-0.0230;0.4961;7.9321;25.833300
1283;10401;0.0002;-0.0232;0.4961;7.8163;25.833301
1283;10402;0.0002;-0.0233;0.4960;7.6315;25.833302
1283;10403;0.0002;-0.0235;0.4957;7.4853;25.833303
1283;10404;0.0002;-0.0236;0.4955;7.4244;25.833304
1283;10405;0.0002;-0.0237;0.4953;7.4122;25.833305
1283;10406;0.0002;-0.0239;0.4959;7.4305;25.833306
1283;10407;0.0002;-0.0241;0.4960;7.4305;25.833307
1283;10408;0.0002;-0.0242;0.4960;7.3878;25.833308
1283;10409;0.0002;-0.0244;0.4962;7.3168;25.833309
1283;10410;0.0002;-0.0245;0.4958;7.3269;25.833310
1283;10411;0.0002;-0.0247;0.4961;7.4020;25.833311
1283;10412;0.0002;-0.0249;0.4961;7.4264;25.833312
1283;10413;0.0002;-0.0250;0.4958;7.3756;25.833313
1283;10414;0.0002;-0.0251;0.4959;7.2680;25.833314
1283;10415;0.0002;-0.0253;0.4959;7.2457;25.833315
1283;10416;0.0002;-0.0255;0.4963;7.3147;25.833316
1283;10417;0.0002;-0.0256;0.4961;7.3228;25.833317
1283;10418;0.0002;-0.0257;0.4959;7.2782;25.833318
1283;10419;0.0002;-0.0259;0.4961;7.2538;25.833319
1283;10420;0.0002;-0.0261;0.4959;7.2883;25.833320
1283;10421;0.0002;-0.0262;0.4961;7.3716;25.833321
1283;10422;0.0002;-0.0264;0.4961;7.3838;25.833322
1283;10423;0.0002;-0.0265;0.4957;7.3127;25.833323
1283;10424;0.0002;-0.0267;0.4958;7.2376;25.833324
1283;10425;0.0002;-0.0268;0.4960;7.2335;25.833325
1283;10426;0.0002;-0.0270;0.4960;7.2883;25.833326
1283;10427;0.0002;-0.0271;0.4960;7.3330;25.833327
1283;10428;0.0002;-0.0273;0.4958;7.3269;25.833328
1283;10429;0.0002;-0.0274;0.4962;7.2802;25.833329
1283;10430;0.0002;-0.0276;0.4960;7.2112;25.833330
1283;10431;0.0002;-0.0277;0.4960;7.1766;25.833331
1283;10432;0.0002;-0.0279;0.4962;7.1441;25.833332
1283;10433;0.0002;-0.0280;0.4958;7.1096;25.833333
1283;10434;0.0002;-0.0282;0.4957;7.0264;25.833334
1283;10435;0.0002;-0.0283;0.4956;6.9086;25.833335
1283;10436;0.0002;-0.0285;0.4957;6.7827;25.833336
1283;10437;0.0002;-0.0286;0.4957;6.6568;25.833337
1283;10438;0.0002;-0.0288;0.4952;6.5755;25.833338
1283;10439;0.0002;-0.0289;0.4956;6.5390;25.833339
1283;10440;0.0002;-0.0291;0.4959;6.5430;25.833340
1283;10441;0.0002;-0.0293;0.4961;6.6101;25.833341
1283;10442;0.0002;-0.0294;0.4959;6.6385;25.833342
1283;10443;0.0002;-0.0296;0.4956;6.5816;25.833343
1283;10444;0.0002;-0.0297;0.4959;6.4902;25.833344
1283;10445;0.0002;-0.0299;0.4961;6.4253;25.833345
1283;10446;0.0002;-0.0300;0.4962;6.4050;25.833346
1283;10447;0.0002;-0.0302;0.4964;6.3359;25.833347
1283;10448;0.0002;-0.0303;0.4961;6.2466;25.833348
1283;10449;0.0002;-0.0305;0.4959;6.2222;25.833349
1283;10450;0.0002;-0.0306;0.4957;6.2790;25.833350
1283;10451;0.0002;-0.0308;0.4953;6.4090;25.833351
1283;10452;0.0002;-0.0309;0.4958;6.5024;25.833352
1283;10453;0.0002;-0.0311;0.4960;6.5126;25.833353
1283;10454;0.0002;-0.0313;0.4960;6.4781;25.833354
1283;10455;0.0002;-0.0314;0.4958;6.3989;25.833355
1283;10456;0.0002;-0.0315;0.4956;6.3420;25.833356
1283;10457;0.0002;-0.0317;0.4958;6.3278;25.833357
1283;10458;0.0002;-0.0319;0.4957;6.3623;25.833358
1283;10459;0.0002;-0.0320;0.4957;6.4334;25.833359
1283;10460;0.0002;-0.0322;0.4959;6.4740;25.833360
1283;10461;0.0002;-0.0323;0.4955;6.4435;25.833361
1283;10462;0.0002;-0.0325;0.4959;6.3684;25.833362
1283;10463;0.0002;-0.0326;0.4960;6.2709;25.833363
1283;10464;0.0002;-0.0328;0.4958;6.1816;25.833364
1283;10465;0.0002;-0.0329;0.4958;6.0983;25.833365
1283;10466;0.0002;-0.0331;0.4960;6.0719;25.833366
1283;10467;0.0002;-0.0333;0.4961;6.1166;25.833367
1283;10468;0.0002;-0.0334;0.4961;6.2141;25.833368
1283;10469;0.0002;-0.0335;0.4959;6.2811;25.833369
1283;10470;0.0002;-0.0337;0.4961;6.1917;25.833370
1283;10471;0.0002;-0.0338;0.4957;6.0232;25.833371
1283;10472;0.0002;-0.0340;0.4955;5.9237;25.833372
1283;10473;0.0002;-0.0341;0.4955;5.9704;25.833373
1283;10474;0.0002;-0.0343;0.4957;6.1308;25.833374
1283;10475;0.0002;-0.0345;0.4961;6.2628;25.833375
1283;10476;0.0002;-0.0346;0.4956;6.2933;25.833376
1283;10477;0.0002;-0.0347;0.4958;6.2689;25.833377
1283;10478;0.0002;-0.0349;0.4958;6.2506;25.833378
1283;10479;0.0002;-0.0350;0.4956;6.2405;25.833379
1283;10480;0.0002;-0.0352;0.4958;6.2364;25.833380
1283;10481;0.0002;-0.0353;0.4953;6.1938;25.833381
1283;10482;0.0002;-0.0355;0.4953;6.1024;25.833382
1283;10483;0.0002;-0.0357;0.4956;6.0252;25.833383
1283;10484;0.0002;-0.0358;0.4953;6.0536;25.833384
1283;10485;0.0002;-0.0359;0.4951;6.1369;25.833385
1283;10486;0.0002;-0.0361;0.4950;6.2039;25.833386
1283;10487;0.0002;-0.0363;0.4957;6.1978;25.833387
1283;10488;0.0002;-0.0365;0.4960;6.0272;25.833388
1283;10489;0.0002;-0.0366;0.4955;5.8018;25.833389
1283;10490;0.0002;-0.0367;0.4955;5.6333;25.833390
1283;10491;0.0002;-0.0369;0.4953;5.5399;25.833391
1283;10492;0.0002;-0.0370;0.4955;5.5135;25.833392
1283;10493;0.0002;-0.0372;0.4959;5.4931;25.833393
1283;10494;0.0002;-0.0373;0.4956;5.4728;25.833394
1283;10495;0.0002;-0.0375;0.4956;5.4607;25.833395
1283;10496;0.0002;-0.0376;0.4956;5.4850;25.833396
1283;10497;0.0002;-0.0378;0.4959;5.5256;25.833397
1283;10498;0.0002;-0.0380;0.4961;5.5175;25.833398
1283;10499;0.0002;-0.0381;0.4956;5.4992;25.833399
1283;10500;0.0002;-0.0383;0.4958;5.5074;25.833400
1283;10501;0.0002;-0.0384;0.4958;5.5135;25.833401
1283;10502;0.0002;-0.0386;0.4954;5.5399;25.833402
1283;10503;0.0002;-0.0387;0.4950;5.5947;25.833403
1283;10504;0.0002;-0.0388;0.4948;5.6678;25.833404
1283;10505;0.0002;-0.0390;0.4953;5.7084;25.833405
1283;10506;0.0002;-0.0392;0.4955;5.6698;25.833406
1283;10507;0.0002;-0.0393;0.4955;5.5866;25.833407
1283;10508;0.0002;-0.0395;0.4955;5.5074;25.833408
1283;10509;0.0002;-0.0396;0.4951;5.4302;25.833409
1283;10510;0.0002;-0.0397;0.4948;5.3063;25.833410
1283;10511;0.0002;-0.0398;0.4944;5.1642;25.833411
1283;10512;0.0002;-0.0400;0.4942;5.1032;25.833412
1283;10513;0.0002;-0.0401;0.4941;5.0748;25.833413
1283;10514;0.0002;-0.0402;0.4932;4.9976;25.833414
1283;10515;0.0002;-0.0403;0.4927;4.9042;25.833415
1283;10516;0.0002;-0.0404;0.4918;4.8372;25.833416
1283;10517;0.0002;-0.0405;0.4909;4.8433;25.833417
1283;10518;0.0002;-0.0406;0.4904;4.9042;25.833418
1283;10519;0.0002;-0.0407;0.4897;4.9692;25.833419
1283;10520;0.0002;-0.0408;0.4897;5.0139;25.833420
1283;10521;0.0002;-0.0409;0.4890;5.0220;25.833421
1283;10522;0.0002;-0.0410;0.4885;5.0342;25.833422
1283;10523;0.0002;-0.0412;0.4882;5.0594;25.833423
1283;10524;0.0002;-0.0413;0.4878;5.0656;25.833424
1283;10525;0.0002;-0.0414;0.4876;5.0778;25.833425
1283;10526;0.0002;-0.0416;0.4878;5.0859;25.833426
1283;10527;0.0002;-0.0417;0.4875;5.0615;25.833427
1283;10528;0.0002;-0.0419;0.4878;4.9779;25.833428
1283;10529;0.0002;-0.0420;0.4877;4.8312;25.833429
1283;10530;0.0002;-0.0422;0.4874;4.6580;25.833430
1283;10531;0.0002;-0.0423;0.4872;4.4767;25.833431
1283;10532;0.0002;-0.0424;0.4868;4.2974;25.833432
1283;10533;0.0002;-0.0426;0.4871;4.1160;25.833433
1283;10534;0.0002;-0.0427;0.4871;3.9347;25.833434
1283;10535;0.0002;-0.0429;0.4869;3.7717;25.833435
1283;10536;0.0002;-0.0430;0.4873;3.6290;25.833436
1283;10537;0.0002;-0.0432;0.4870;3.5027;25.833437
1283;10538;0.0002;-0.0433;0.4870;3.3947;25.833438
1283;10539;0.0002;-0.0435;0.4872;3.3030;25.833439
1283;10540;0.0002;-0.0436;0.4870;3.2541;25.833440
1283;10541;0.0002;-0.0438;0.4872;3.2663;25.833441
1283;10542;0.0002;-0.0439;0.4872;3.3254;25.833442
1283;10543;0.0002;-0.0441;0.4877;3.3886;25.833443
1283;10544;0.0002;-0.0443;0.4878;3.4110;25.833444
1283;10545;0.0002;-0.0444;0.4873;3.4253;25.833445
1283;10546;0.0002;-0.0446;0.4873;3.4579;25.833446
1283;10547;0.0002;-0.0447;0.4873;3.5027;25.833447
1283;10548;0.0002;-0.0449;0.4876;3.5353;25.833448
1283;10549;0.0002;-0.0450;0.4876;3.5394;25.833449
1283;10550;0.0002;-0.0452;0.4876;3.5149;25.833450
1283;10551;0.0002;-0.0453;0.4878;3.4599;25.833451
1283;10552;0.0002;-0.0455;0.4877;3.3927;25.833452
1283;10553;0.0002;-0.0456;0.4877;3.3336;25.833453
1283;10554;0.0002;-0.0458;0.4875;3.2684;25.833454
1283;10555;0.0002;-0.0459;0.4870;3.1970;25.833455
1283;10556;0.0002;-0.0460;0.4871;3.1481;25.833456
1283;10557;0.0002;-0.0461;0.4867;3.1217;25.833457
1283;10558;0.0002;-0.0463;0.4869;3.0891;25.833458
1283;10559;0.0002;-0.0465;0.4872;3.0137;25.833459
1283;10560;0.0002;-0.0467;0.4872;2.9199;25.833460
1283;10561;0.0002;-0.0468;0.4873;2.8486;25.833461
1283;10562;0.0002;-0.0470;0.4873;2.8058;25.833462
1283;10563;0.0002;-0.0471;0.4873;2.7875;25.833463
1283;10564;0.0002;-0.0473;0.4875;2.7712;25.833464
1283;10565;0.0002;-0.0474;0.4872;2.7386;25.833465
1283;10566;0.0002;-0.0476;0.4874;2.6856;25.833466
1283;10567;0.0002;-0.0478;0.4876;2.6102;25.833467
1283;10568;0.0002;-0.0479;0.4876;2.5165;25.833468
1283;10569;0.0002;-0.0480;0.4872;2.4227;25.833469
1283;10570;0.0002;-0.0481;0.4865;2.3514;25.833470
1283;10571;0.0002;-0.0483;0.4869;2.3086;25.833471
1283;10572;0.0002;-0.0485;0.4875;2.2821;25.833472
1283;10573;0.0002;-0.0487;0.4876;2.2460;25.833473
1283;10574;0.0002;-0.0488;0.4879;2.2094;25.833474
1283;10575;0.0002;-0.0490;0.4878;2.1851;25.833475
1283;10576;0.0002;-0.0491;0.4879;2.1729;25.833476
1283;10577;0.0002;-0.0493;0.4881;2.1587;25.833477
1283;10578;0.0002;-0.0494;0.4879;2.1566;25.833478
1283;10579;0.0002;-0.0496;0.4880;2.1709;25.833479
1283;10580;0.0002;-0.0498;0.4880;2.1770;25.833480
1283;10581;0.0002;-0.0499;0.4880;2.1688;25.833481
1283;10582;0.0002;-0.0500;0.4878;2.1668;25.833482
1283;10583;0.0002;-0.0502;0.4875;2.1830;25.833483
1283;10584;0.0002;-0.0503;0.4878;2.2074;25.833484
1283;10585;0.0002;-0.0505;0.4877;2.2298;25.833485
1283;10586;0.0002;-0.0506;0.4877;2.2358;25.833486
1283;10587;0.0002;-0.0508;0.4883;2.2216;25.833487
1283;10588;0.0002;-0.0510;0.4883;2.2054;25.833488
1283;10589;0.0002;-0.0512;0.4884;2.1932;25.833489
1283;10590;0.0002;-0.0513;0.4881;2.1770;25.833490
1283;10591;0.0002;-0.0514;0.4874;2.1506;25.833491
1283;10592;0.0002;-0.0515;0.4875;2.1201;25.833492
1283;10593;0.0002;-0.0517;0.4873;2.0917;25.833493
1283;10594;0.0002;-0.0518;0.4878;2.0612;25.833494
1283;10595;0.0002;-0.0521;0.4883;2.0145;25.833495
1283;10596;0.0002;-0.0522;0.4883;1.9597;25.833496
1283;10597;0.0002;-0.0524;0.4883;1.8987;25.833497
1283;10598;0.0002;-0.0525;0.4879;1.8459;25.833498
1283;10599;0.0002;-0.0526;0.4881;1.7952;25.833499
1283;10600;0.0002;-0.0527;0.4877;1.7566;25.833500
1283;10601;0.0002;-0.0529;0.4875;1.7525;25.833501
1283;10602;0.0002;-0.0531;0.4879;1.7810;25.833502
1283;10603;0.0002;-0.0533;0.4884;1.8338;25.833503
1283;10604;0.0002;-0.0535;0.4885;1.9069;25.833504
1283;10605;0.0002;-0.0535;0.4881;1.9800;25.833505
1283;10606;0.0002;-0.0537;0.4876;2.0551;25.833506
1283;10607;0.0002;-0.0538;0.4880;2.1343;25.833507
1283;10608;0.0002;-0.0540;0.4881;2.2298;25.833508
1283;10609;0.0002;-0.0541;0.4882;2.3435;25.833509
1283;10610;0.0002;-0.0544;0.4885;2.4775;25.833510
1283;10611;0.0002;-0.0545;0.4888;2.6278;25.833511
1283;10612;0.0002;-0.0548;0.4894;2.7862;25.833512
1283;10613;0.0002;-0.0549;0.4894;2.9649;25.833513
1283;10614;0.0002;-0.0551;0.4896;3.1883;25.833514
1283;10615;0.0002;-0.0553;0.4899;3.4644;25.833515
1283;10616;0.0002;-0.0554;0.4900;3.7772;25.833516
1283;10617;0.0002;-0.0556;0.4902;4.0879;25.833517
1283;10618;0.0002;-0.0557;0.4899;4.4250;25.833518
1283;10619;0.0002;-0.0559;0.4901;4.7905;25.833519
1283;10620;0.0002;-0.0561;0.4902;5.1885;25.833520
1283;10621;0.0002;-0.0562;0.4897;5.6028;25.833521
1283;10622;0.0002;-0.0563;0.4899;5.9257;25.833522
1283;10623;0.0002;-0.0565;0.4899;6.1328;25.833523
1283;10624;0.0002;-0.0566;0.4899;6.2933;25.833524
1283;10625;0.0002;-0.0568;0.4902;6.3745;25.833525
1283;10626;0.0002;-0.0570;0.4902;6.3664;25.833526
1283;10627;0.0002;-0.0571;0.4902;6.2262;25.833527
1283;10628;0.0002;-0.0573;0.4905;5.9744;25.833528
1283;10629;0.0002;-0.0575;0.4907;5.6719;25.833529
1283;10630;0.0002;-0.0576;0.4905;5.3002;25.833530
1283;10631;0.0002;-0.0577;0.4899;4.9509;25.833531
1283;10632;0.0002;-0.0578;0.4896;4.6504;25.833532
1283;10633;0.0002;-0.0579;0.4889;4.3255;25.833533
1283;10634;0.0002;-0.0580;0.4883;4.0209;25.833534
1283;10635;0.0002;-0.0582;0.4885;3.7427;25.833535
1283;10636;0.0002;-0.0583;0.4885;3.4807;25.833536
1283;10637;0.0002;-0.0584;0.4883;3.2492;25.833537
1283;10638;0.0002;-0.0586;0.4883;3.0481;25.833538
1283;10639;0.0002;-0.0587;0.4876;2.8796;25.833539
1283;10640;0.0002;-0.0588;0.4876;2.7273;25.833540
1283;10641;0.0002;-0.0589;0.4873;2.5831;25.833541
1283;10642;0.0002;-0.0591;0.4873;2.4409;25.833542
1283;10643;0.0002;-0.0592;0.4875;2.2643;25.833543
1283;10644;0.0002;-0.0594;0.4876;2.0774;25.833544
1283;10645;0.0002;-0.0596;0.4878;1.9130;25.833545
1283;10646;0.0002;-0.0597;0.4876;1.7566;25.833546
1283;10647;0.0002;-0.0599;0.4878;1.6104;25.833547
1283;10648;0.0002;-0.0601;0.4882;1.4824;25.833548
1283;10649;0.0002;-0.0602;0.4881;1.3707;25.833549
1283;10650;0.0002;-0.0603;0.4878;1.2733;25.833550
1283;10651;0.0002;-0.0605;0.4878;1.1880;25.833551
1283;10652;0.0002;-0.0607;0.4880;1.1128;25.833552
1283;10653;0.0002;-0.0608;0.4880;1.0458;25.833553
1283;10654;0.0002;-0.0609;0.4876;0.9910;25.833554
1283;10655;0.0002;-0.0612;0.4882;0.9443;25.833555
1283;10656;0.0002;-0.0613;0.4884;0.9057;25.833556
1283;10657;0.0002;-0.0613;0.4873;0.8793;25.833557
1283;10658;0.0002;-0.0615;0.4872;0.8671;25.833558
1283;10659;0.0002;-0.0617;0.4879;0.8671;25.833559
1283;10660;0.0002;-0.0620;0.4885;0.8712;25.833560
1283;10661;0.0002;-0.0621;0.4887;0.8773;25.833561
1283;10662;0.0002;-0.0623;0.4887;0.8874;25.833562
1283;10663;0.0002;-0.0624;0.4885;0.9077;25.833563
1283;10664;0.0002;-0.0625;0.4881;0.9443;25.833564
1283;10665;0.0002;-0.0627;0.4880;0.9869;25.833565
1283;10666;0.0002;-0.0628;0.4879;1.0316;25.833566
1283;10667;0.0002;-0.0629;0.4877;1.0783;25.833567
1283;10668;0.0002;-0.0631;0.4880;1.1311;25.833568
1283;10669;0.0002;-0.0632;0.4879;1.1860;25.833569
1283;10670;0.0002;-0.0634;0.4880;1.2327;25.833570
1283;10671;0.0002;-0.0636;0.4883;1.2733;25.833571
1283;10672;0.0002;-0.0638;0.4883;1.3139;25.833572
1283;10673;0.0002;-0.0639;0.4885;1.3525;25.833573
1283;10674;0.0002;-0.0641;0.4885;1.3789;25.833574
1283;10675;0.0002;-0.0642;0.4884;1.3931;25.833575
1283;10676;0.0002;-0.0644;0.4885;1.3951;25.833576
1283;10677;0.0002;-0.0645;0.4885;1.3931;25.833577
1283;10678;0.0002;-0.0647;0.4882;1.3829;25.833578
1283;10679;0.0002;-0.0647;0.4878;1.3728;25.833579
1283;10680;0.0002;-0.0649;0.4878;1.3748;25.833580
1283;10681;0.0002;-0.0651;0.4883;1.3789;25.833581
1283;10682;0.0002;-0.0653;0.4883;1.3768;25.833582
1283;10683;0.0002;-0.0654;0.4881;1.3667;25.833583
1283;10684;0.0002;-0.0655;0.4877;1.3626;25.833584
1283;10685;0.0002;-0.0657;0.4879;1.3626;25.833585
1283;10686;0.0002;-0.0659;0.4882;1.3504;25.833586
1283;10687;0.0002;-0.0660;0.4880;1.3342;25.833587
1283;10688;0.0002;-0.0662;0.4882;1.3119;25.833588
1283;10689;0.0002;-0.0664;0.4883;1.2916;25.833589
1283;10690;0.0002;-0.0665;0.4886;1.2753;25.833590
1283;10691;0.0002;-0.0668;0.4891;1.2570;25.833591
1283;10692;0.0002;-0.0669;0.4889;1.2489;25.833592
1283;10693;0.0002;-0.0670;0.4888;1.2530;25.833593
1283;10694;0.0002;-0.0671;0.4886;1.2672;25.833594
1283;10695;0.0002;-0.0673;0.4887;1.2875;25.833595
1283;10696;0.0002;-0.0676;0.4895;1.3078;25.833596
1283;10697;0.0002;-0.0678;0.4901;1.3403;25.833597
1283;10698;0.0002;-0.0681;0.4908;1.3748;25.833598
1283;10699;0.0002;-0.0682;0.4908;1.4114;25.833599
1283;10700;0.0002;-0.0684;0.4907;1.4601;25.833600
1283;10701;0.0002;-0.0686;0.4914;1.5149;25.833601
1283;10702;0.0002;-0.0688;0.4916;1.5698;25.833602
1283;10703;0.0002;-0.0689;0.4915;1.6246;25.833603
1283;10704;0.0002;-0.0691;0.4917;1.6794;25.833604
1283;10705;0.0002;-0.0693;0.4919;1.7424;25.833605
1283;10706;0.0002;-0.0695;0.4924;1.8053;25.833606
1283;10707;0.0002;-0.0697;0.4925;1.8744;25.833607
1283;10708;0.0002;-0.0698;0.4921;1.9434;25.833608
1283;10709;0.0002;-0.0700;0.4921;1.9942;25.833609
1283;10710;0.0002;-0.0701;0.4925;2.0307;25.833610
1283;10711;0.0002;-0.0704;0.4928;2.0612;25.833611
1283;10712;0.0002;-0.0705;0.4926;2.0795;25.833612
1283;10713;0.0002;-0.0706;0.4920;2.0896;25.833613
1283;10714;0.0002;-0.0707;0.4920;2.0774;25.833614
1283;10715;0.0002;-0.0708;0.4917;2.0551;25.833615
1283;10716;0.0002;-0.0710;0.4919;2.0429;25.833616
1283;10717;0.0002;-0.0712;0.4919;2.0206;25.833617
1283;10718;0.0002;-0.0713;0.4919;1.9820;25.833618
1283;10719;0.0002;-0.0715;0.4921;1.9130;25.833619
1283;10720;0.0002;-0.0716;0.4916;1.8338;25.833620
1283;10721;0.0002;-0.0717;0.4912;1.7749;25.833621
1283;10722;0.0002;-0.0718;0.4911;1.7403;25.833622
1283;10723;0.0002;-0.0720;0.4911;1.7058;25.833623
1283;10724;0.0002;-0.0721;0.4908;1.6591;25.833624
1283;10725;0.0002;-0.0721;0.4901;1.6165;25.833625
1283;10726;0.0002;-0.0722;0.4897;1.5819;25.833626
1283;10727;0.0002;-0.0723;0.4893;1.5413;25.833627
1283;10728;0.0002;-0.0724;0.4891;1.5149;25.833628
1283;10729;0.0002;-0.0726;0.4894;1.5068;25.833629
1283;10730;0.0002;-0.0728;0.4893;1.4987;25.833630
1283;10731;0.0002;-0.0728;0.4889;1.4885;25.833631
1283;10732;0.0002;-0.0729;0.4883;1.4824;25.833632
1283;10733;0.0002;-0.0731;0.4881;1.4804;25.833633
1283;10734;0.0002;-0.0732;0.4881;1.4723;25.833634
1283;10735;0.0002;-0.0733;0.4878;1.4520;25.833635
1283;10736;0.0002;-0.0734;0.4874;1.4296;25.833636
1283;10737;0.0002;-0.0736;0.4876;1.4073;25.833637
1283;10738;0.0002;-0.0738;0.4878;1.3829;25.833638
1283;10739;0.0002;-0.0740;0.4883;1.3647;25.833639
1283;10740;0.0002;-0.0741;0.4883;1.3423;25.833640
1283;10741;0.0002;-0.0743;0.4880;1.3078;25.833641
1283;10742;0.0002;-0.0745;0.4884;1.2692;25.833642
1283;10743;0.0002;-0.0746;0.4884;1.2408;25.833643
1283;10744;0.0002;-0.0748;0.4884;1.2144;25.833644
1283;10745;0.0002;-0.0749;0.4881;1.1860;25.833645
1283;10746;0.0002;-0.0751;0.4883;1.1636;25.833646
1283;10747;0.0002;-0.0753;0.4886;1.1494;25.833647
1283;10748;0.0002;-0.0754;0.4881;1.1433;25.833648
1283;10749;0.0002;-0.0754;0.4876;1.1474;25.833649
1283;10750;0.0002;-0.0755;0.4869;1.1474;25.833650
1283;10751;0.0002;-0.0756;0.4869;1.1372;25.833651
1283;10752;0.0002;-0.0759;0.4875;1.1230;25.833652
1283;10753;0.0002;-0.0759;0.4871;1.1189;25.833653
1283;10754;0.0002;-0.0761;0.4868;1.1311;25.833654
1283;10755;0.0002;-0.0762;0.4867;1.1474;25.833655
1283;10756;0.0002;-0.0764;0.4870;1.1616;25.833656
1283;10757;0.0002;-0.0766;0.4874;1.1738;25.833657
1283;10758;0.0002;-0.0766;0.4865;1.1839;25.833658
1283;10759;0.0002;-0.0767;0.4859;1.1860;25.833659
1283;10760;0.0002;-0.0770;0.4871;1.1799;25.833660
1283;10761;0.0002;-0.0773;0.4881;1.1799;25.833661
1283;10762;0.0002;-0.0776;0.4887;1.1799;25.833662
1283;10763;0.0002;-0.0777;0.4886;1.1819;25.833663
1283;10764;0.0002;-0.0778;0.4884;1.1819;25.833664
1283;10765;0.0002;-0.0780;0.4884;1.1738;25.833665
1283;10766;0.0002;-0.0781;0.4883;1.1717;25.833666
1283;10767;0.0002;-0.0782;0.4879;1.1717;25.833667
1283;10768;0.0002;-0.0782;0.4871;1.1636;25.833668
1283;10769;0.0002;-0.0784;0.4869;1.1575;25.833669
1283;10770;0.0002;-0.0787;0.4878;1.1514;25.833670
1283;10771;0.0002;-0.0788;0.4875;1.1474;25.833671
1283;10772;0.0002;-0.0789;0.4871;1.1413;25.833672
1283;10773;0.0002;-0.0790;0.4870;1.1291;25.833673
1283;10774;0.0002;-0.0792;0.4870;1.1169;25.833674
1283;10775;0.0002;-0.0793;0.4870;1.1169;25.833675
1283;10776;0.0002;-0.0795;0.4872;1.1230;25.833676
1283;10777;0.0002;-0.0798;0.4879;1.1169;25.833677
1283;10778;0.0002;-0.0799;0.4876;1.1068;25.833678
1283;10779;0.0002;-0.0801;0.4878;1.1007;25.833679
1283;10780;0.0002;-0.0804;0.4887;1.0925;25.833680
1283;10781;0.0002;-0.0805;0.4885;1.0864;25.833681
1283;10782;0.0002;-0.0805;0.4878;1.0885;25.833682
1283;10783;0.0002;-0.0806;0.4872;1.0925;25.833683
1283;10784;0.0002;-0.0807;0.4870;1.0885;25.833684
1283;10785;0.0002;-0.0809;0.4875;1.0743;25.833685
1283;10786;0.0002;-0.0811;0.4875;1.0702;25.833686
1283;10787;0.0002;-0.0812;0.4874;1.0763;25.833687
1283;10788;0.0002;-0.0813;0.4871;1.0763;25.833688
1283;10789;0.0002;-0.0814;0.4867;1.0763;25.833689
1283;10790;0.0002;-0.0816;0.4871;1.0804;25.833690
1283;10791;0.0002;-0.0818;0.4868;1.0804;25.833691
1283;10792;0.0002;-0.0819;0.4870;1.0783;25.833692
1283;10793;0.0002;-0.0822;0.4875;1.0743;25.833693
1283;10794;0.0002;-0.0823;0.4875;1.0722;25.833694
1283;10795;0.0002;-0.0825;0.4876;1.0722;25.833695
1283;10796;0.0002;-0.0826;0.4874;1.0682;25.833696
1283;10797;0.0002;-0.0828;0.4879;1.0682;25.833697
1283;10798;0.0002;-0.0831;0.4887;1.0682;25.833698
1283;10799;0.0002;-0.0832;0.4882;1.0682;25.833699
1283;10800;0.0002;-0.0833;0.4880;1.0722;25.833700
1283;10801;0.0002;-0.0834;0.4875;1.0743;25.833701
1283;10802;0.0002;-0.0835;0.4874;1.0661;25.833702
1283;10803;0.0002;-0.0838;0.4881;1.0580;25.833703
1283;10804;0.0002;-0.0839;0.4877;1.0661;25.833704
1283;10805;0.0002;-0.0840;0.4877;1.0743;25.833705
1283;10806;0.0002;-0.0842;0.4876;1.0722;25.833706
1283;10807;0.0002;-0.0843;0.4871;1.0661;25.833707
1283;10808;0.0002;-0.0845;0.4875;1.0519;25.833708
1283;10809;0.0002;-0.0846;0.4876;1.0377;25.833709
1283;10810;0.0002;-0.0847;0.4872;1.0336;25.833710
1283;10811;0.0002;-0.0849;0.4870;1.0336;25.833711
1283;10812;0.0002;-0.0851;0.4875;1.0336;25.833712
1283;10813;0.0002;-0.0853;0.4880;1.0336;25.833713
1283;10814;0.0002;-0.0855;0.4878;1.0377;25.833714
1283;10815;0.0002;-0.0855;0.4873;1.0336;25.833715
1283;10816;0.0002;-0.0857;0.4878;1.0255;25.833716
1283;10817;0.0003;-0.0860;0.4882;1.0194;25.833717
1283;10818;0.0003;-0.0862;0.4884;1.0113;25.833718
1283;10819;0.0002;-0.0862;0.4877;1.0012;25.833719
1283;10820;0.0003;-0.0864;0.4879;0.9930;25.833720
1283;10821;0.0003;-0.0865;0.4876;0.9890;25.833721
1283;10822;0.0003;-0.0866;0.4872;0.9930;25.833722
1283;10823;0.0002;-0.0867;0.4871;0.9991;25.833723
1283;10824;0.0003;-0.0869;0.4872;0.9991;25.833724
1283;10825;0.0003;-0.0871;0.4875;0.9991;25.833725
1283;10826;0.0003;-0.0873;0.4878;0.9951;25.833726
1283;10827;0.0003;-0.0875;0.4878;0.9930;25.833727
1283;10828;0.0003;-0.0877;0.4881;0.9910;25.833728
1283;10829;0.0003;-0.0878;0.4883;0.9910;25.833729
1283;10830;0.0003;-0.0881;0.4888;0.9890;25.833730
1283;10831;0.0003;-0.0883;0.4891;0.9849;25.833731
1283;10832;0.0003;-0.0884;0.4885;0.9829;25.833732
1283;10833;0.0003;-0.0884;0.4880;0.9849;25.833733
1283;10834;0.0003;-0.0886;0.4880;0.9849;25.833734
1283;10835;0.0003;-0.0888;0.4882;0.9849;25.833735
1283;10836;0.0003;-0.0890;0.4886;0.9748;25.833736
1283;10837;0.0003;-0.0891;0.4884;0.9626;25.833737
1283;10838;0.0003;-0.0894;0.4891;0.9585;25.833738
1283;10839;0.0003;-0.0895;0.4890;0.9605;25.833739
1283;10840;0.0003;-0.0896;0.4885;0.9605;25.833740
1283;10841;0.0003;-0.0898;0.4889;0.9646;25.833741
1283;10842;0.0003;-0.0900;0.4888;0.9748;25.833742
1283;10843;0.0003;-0.0901;0.4888;0.9890;25.833743
1283;10844;0.0003;-0.0903;0.4891;0.9951;25.833744
1283;10845;0.0003;-0.0905;0.4891;1.0052;25.833745
1283;10846;0.0003;-0.0906;0.4890;1.0194;25.833746
1283;10847;0.0003;-0.0906;0.4883;1.0418;25.833747
1283;10848;0.0003;-0.0909;0.4888;1.0580;25.833748
1283;10849;0.0003;-0.0912;0.4898;1.0661;25.833749
1283;10850;0.0003;-0.0914;0.4901;1.0763;25.833750
1283;10851;0.0003;-0.0917;0.4908;1.0885;25.833751
1283;10852;0.0003;-0.0919;0.4906;1.0966;25.833752
1283;10853;0.0003;-0.0919;0.4900;1.1007;25.833753
1283;10854;0.0003;-0.0919;0.4893;1.1068;25.833754
1283;10855;0.0003;-0.0920;0.4892;1.1210;25.833755
1283;10856;0.0003;-0.0923;0.4898;1.1433;25.833756
1283;10857;0.0003;-0.0925;0.4898;1.1656;25.833757
1283;10858;0.0003;-0.0926;0.4894;1.1738;25.833758
1283;10859;0.0003;-0.0926;0.4891;1.1697;25.833759
1283;10860;0.0003;-0.0928;0.4888;1.1717;25.833760
1283;10861;0.0003;-0.0929;0.4890;1.1799;25.833761
1283;10862;0.0003;-0.0932;0.4893;1.1860;25.833762
1283;10863;0.0003;-0.0933;0.4894;1.1799;25.833763
1283;10864;0.0003;-0.0935;0.4897;1.1656;25.833764
1283;10865;0.0003;-0.0937;0.4894;1.1535;25.833765
1283;10866;0.0003;-0.0937;0.4890;1.1453;25.833766
1283;10867;0.0003;-0.0937;0.4882;1.1453;25.833767
1283;10868;0.0003;-0.0938;0.4879;1.1474;25.833768
1283;10869;0.0003;-0.0940;0.4881;1.1453;25.833769
1283;10870;0.0003;-0.0940;0.4873;1.1372;25.833770
1283;10871;0.0003;-0.0942;0.4872;1.1352;25.833771
1283;10872;0.0003;-0.0944;0.4878;1.1250;25.833772
1283;10873;0.0003;-0.0946;0.4881;1.1108;25.833773
1283;10874;0.0003;-0.0949;0.4886;1.0925;25.833774
1283;10875;0.0003;-0.0950;0.4882;1.0682;25.833775
1283;10876;0.0003;-0.0951;0.4879;1.0479;25.833776
1283;10877;0.0003;-0.0951;0.4875;1.0357;25.833777
1283;10878;0.0003;-0.0952;0.4869;1.0336;25.833778
1283;10879;0.0003;-0.0953;0.4869;1.0296;25.833779
1283;10880;0.0003;-0.0956;0.4872;1.0194;25.833780
1283;10881;0.0003;-0.0958;0.4877;1.0032;25.833781
1283;10882;0.0003;-0.0961;0.4884;0.9869;25.833782
1283;10883;0.0003;-0.0963;0.4884;0.9788;25.833783
1283;10884;0.0003;-0.0964;0.4883;0.9687;25.833784
1283;10885;0.0003;-0.0964;0.4876;0.9605;25.833785
1283;10886;0.0003;-0.0964;0.4870;0.9565;25.833786
1283;10887;0.0003;-0.0965;0.4865;0.9544;25.833787
1283;10888;0.0003;-0.0966;0.4861;0.9484;25.833788
1283;10889;0.0003;-0.0968;0.4866;0.9443;25.833789
1283;10890;0.0003;-0.0970;0.4869;0.9402;25.833790
1283;10891;0.0003;-0.0972;0.4867;0.9443;25.833791
1283;10892;0.0003;-0.0973;0.4865;0.9463;25.833792
1283;10893;0.0003;-0.0975;0.4866;0.9423;25.833793
1283;10894;0.0003;-0.0976;0.4868;0.9362;25.833794
1283;10895;0.0003;-0.0978;0.4867;0.9362;25.833795
1283;10896;0.0003;-0.0980;0.4871;0.9443;25.833796
1283;10897;0.0003;-0.0982;0.4874;0.9402;25.833797
1283;10898;0.0003;-0.0984;0.4873;0.9321;25.833798
1283;10899;0.0003;-0.0985;0.4872;0.9260;25.833799
1283;10900;0.0003;-0.0986;0.4868;0.9240;25.833800
1283;10901;0.0003;-0.0988;0.4869;0.9220;25.833801
1283;10902;0.0003;-0.0990;0.4871;0.9159;25.833802
1283;10903;0.0003;-0.0990;0.4865;0.9179;25.833803
1283;10904;0.0003;-0.0991;0.4865;0.9280;25.833804
1283;10905;0.0003;-0.0993;0.4866;0.9280;25.833805
1283;10906;0.0003;-0.0995;0.4868;0.9240;25.833806
1283;10907;0.0003;-0.0996;0.4866;0.9199;25.833807
1283;10908;0.0003;-0.0997;0.4861;0.9159;25.833808
1283;10909;0.0003;-0.1000;0.4867;0.9118;25.833809
1283;10910;0.0003;-0.1002;0.4870;0.9098;25.833810
1283;10911;0.0003;-0.1002;0.4862;0.9098;25.833811
1283;10912;0.0003;-0.1004;0.4866;0.9057;25.833812
1283;10913;0.0003;-0.1006;0.4869;0.9016;25.833813
1283;10914;0.0003;-0.1008;0.4872;0.8996;25.833814
1283;10915;0.0003;-0.1011;0.4875;0.8935;25.833815
1283;10916;0.0003;-0.1011;0.4868;0.8976;25.833816
1283;10917;0.0003;-0.1012;0.4866;0.9057;25.833817
1283;10918;0.0003;-0.1014;0.4867;0.9077;25.833818
1283;10919;0.0003;-0.1015;0.4866;0.9098;25.833819
1283;10920;0.0003;-0.1017;0.4866;0.9159;25.833820
1283;10921;0.0003;-0.1019;0.4870;0.9199;25.833821
1283;10922;0.0003;-0.1022;0.4879;0.9159;25.833822
1283;10923;0.0003;-0.1024;0.4878;0.9138;25.833823
1283;10924;0.0003;-0.1025;0.4876;0.9118;25.833824
1283;10925;0.0003;-0.1026;0.4874;0.9077;25.833825
1283;10926;0.0003;-0.1027;0.4871;0.9057;25.833826
1283;10927;0.0003;-0.1029;0.4875;0.9077;25.833827
1283;10928;0.0003;-0.1031;0.4875;0.9057;25.833828
1283;10929;0.0003;-0.1031;0.4870;0.9016;25.833829
1283;10930;0.0003;-0.1033;0.4869;0.9016;25.833830
1283;10931;0.0003;-0.1035;0.4870;0.9037;25.833831
1283;10932;0.0003;-0.1037;0.4873;0.9077;25.833832
1283;10933;0.0003;-0.1038;0.4869;0.9057;25.833833
1283;10934;0.0003;-0.1038;0.4866;0.9057;25.833834
1283;10935;0.0003;-0.1041;0.4872;0.9077;25.833835
1283;10936;0.0003;-0.1043;0.4874;0.9118;25.833836
1283;10937;0.0003;-0.1045;0.4877;0.9159;25.833837
1283;10938;0.0003;-0.1048;0.4881;0.9159;25.833838
1283;10939;0.0003;-0.1048;0.4873;0.9199;25.833839
1283;10940;0.0003;-0.1047;0.4864;0.9240;25.833840
1283;10941;0.0003;-0.1048;0.4859;0.9179;25.833841
1283;10942;0.0003;-0.1050;0.4863;0.9098;25.833842
1283;10943;0.0003;-0.1054;0.4872;0.9037;25.833843
1283;10944;0.0003;-0.1055;0.4873;0.9057;25.833844
1283;10945;0.0003;-0.1057;0.4872;0.9179;25.833845
1283;10946;0.0003;-0.1058;0.4869;0.9321;25.833846
1283;10947;0.0003;-0.1060;0.4874;0.9484;25.833847
1283;10948;0.0003;-0.1064;0.4884;0.9687;25.833848
1283;10949;0.0003;-0.1066;0.4887;0.9876;25.833849
1283;10950;0.0003;-0.1070;0.4897;1.0058;25.833850
1283;10951;0.0003;-0.1072;0.4898;1.0119;25.833851
1283;10952;0.0003;-0.1073;0.4894;1.0220;25.833852
1283;10953;0.0003;-0.1075;0.4896;1.0483;25.833853
1283;10954;0.0003;-0.1076;0.4896;1.0786;25.833854
1283;10955;0.0003;-0.1079;0.4902;1.0989;25.833855
1283;10956;0.0003;-0.1083;0.4911;1.1050;25.833856
1283;10957;0.0003;-0.1084;0.4911;1.1070;25.833857
1283;10958;0.0003;-0.1086;0.4910;1.1171;25.833858
1283;10959;0.0003;-0.1087;0.4910;1.1292;25.833859
1283;10960;0.0003;-0.1090;0.4916;1.1292;25.833860
1283;10961;0.0003;-0.1093;0.4921;1.1232;25.833861
1283;10962;0.0003;-0.1094;0.4920;1.1272;25.833862
1283;10963;0.0003;-0.1097;0.4923;1.1272;25.833863
1283;10964;0.0003;-0.1098;0.4925;1.1211;25.833864
1283;10965;0.0003;-0.1101;0.4928;1.1171;25.833865
1283;10966;0.0003;-0.1102;0.4926;1.1211;25.833866
1283;10967;0.0003;-0.1103;0.4924;1.1191;25.833867
1283;10968;0.0003;-0.1104;0.4923;1.1151;25.833868
1283;10969;0.0003;-0.1105;0.4920;1.1151;25.833869
1283;10970;0.0003;-0.1107;0.4920;1.1130;25.833870
1283;10971;0.0003;-0.1108;0.4919;1.1110;25.833871
1283;10972;0.0003;-0.1109;0.4917;1.1090;25.833872
1283;10973;0.0003;-0.1111;0.4919;1.1070;25.833873
1283;10974;0.0003;-0.1112;0.4916;1.1070;25.833874
1283;10975;0.0003;-0.1114;0.4916;1.1029;25.833875
1283;10976;0.0003;-0.1117;0.4922;1.0948;25.833876
1283;10977;0.0003;-0.1118;0.4922;1.0928;25.833877
1283;10978;0.0003;-0.1120;0.4924;1.0908;25.833878
1283;10979;0.0003;-0.1121;0.4919;1.0867;25.833879
1283;10980;0.0003;-0.1122;0.4916;1.0847;25.833880
1283;10981;0.0003;-0.1124;0.4917;1.0786;25.833881
1283;10982;0.0003;-0.1126;0.4920;1.0786;25.833882
1283;10983;0.0003;-0.1129;0.4927;1.0786;25.833883
1283;10984;0.0003;-0.1131;0.4926;1.0685;25.833884
1283;10985;0.0003;-0.1131;0.4919;1.0604;25.833885
1283;10986;0.0003;-0.1132;0.4917;1.0564;25.833886
1283;10987;0.0003;-0.1132;0.4914;1.0503;25.833887
1283;10988;0.0003;-0.1134;0.4913;1.0463;25.833888
1283;10989;0.0003;-0.1136;0.4914;1.0463;25.833889
1283;10990;0.0003;-0.1137;0.4914;1.0483;25.833890
1283;10991;0.0003;-0.1140;0.4917;1.0523;25.833891
1283;10992;0.0003;-0.1142;0.4922;1.0564;25.833892
1283;10993;0.0003;-0.1145;0.4926;1.0584;25.833893
1283;10994;0.0003;-0.1146;0.4926;1.0523;25.833894
1283;10995;0.0003;-0.1146;0.4918;1.0422;25.833895
1283;10996;0.0003;-0.1147;0.4915;1.0341;25.833896
1283;10997;0.0003;-0.1149;0.4915;1.0321;25.833897
1283;10998;0.0003;-0.1151;0.4918;1.0382;25.833898
1283;10999;0.0003;-0.1152;0.4917;1.0442;25.833899
1283;11000;0.0003;-0.1154;0.4919;1.0503;25.833900
1283;11001;0.0003;-0.1157;0.4922;1.0564;25.833901
1283;11002;0.0003;-0.1157;0.4916;1.0584;25.833902
1283;11003;0.0003;-0.1157;0.4909;1.0584;25.833903
1283;11004;0.0003;-0.1160;0.4915;1.0463;25.833904
1283;11005;0.0003;-0.1161;0.4915;1.0382;25.833905
1283;11006;0.0003;-0.1164;0.4921;1.0382;25.833906
1283;11007;0.0003;-0.1165;0.4918;1.0321;25.833907
1283;11008;0.0003;-0.1166;0.4914;1.0281;25.833908
1283;11009;0.0003;-0.1167;0.4914;1.0301;25.833909
1283;11010;0.0003;-0.1168;0.4910;1.0321;25.833910
1283;11011;0.0003;-0.1170;0.4912;1.0321;25.833911
1283;11012;0.0003;-0.1172;0.4913;1.0361;25.833912
1283;11013;0.0003;-0.1174;0.4914;1.0422;25.833913
1283;11014;0.0003;-0.1176;0.4916;1.0361;25.833914
1283;11015;0.0003;-0.1177;0.4914;1.0260;25.833915
1283;11016;0.0003;-0.1180;0.4920;1.0159;25.833916
1283;11017;0.0003;-0.1183;0.4924;1.0078;25.833917
1283;11018;0.0003;-0.1183;0.4917;1.0078;25.833918
1283;11019;0.0003;-0.1183;0.4914;1.0078;25.833919
1283;11020;0.0003;-0.1186;0.4916;1.0078;25.833920
1283;11021;0.0003;-0.1189;0.4922;1.0098;25.833921
1283;11022;0.0003;-0.1190;0.4922;1.0119;25.833922
1283;11023;0.0003;-0.1191;0.4917;1.0139;25.833923
1283;11024;0.0003;-0.1192;0.4915;1.0119;25.833924
1283;11025;0.0003;-0.1191;0.4907;1.0098;25.833925
1283;11026;0.0003;-0.1192;0.4905;1.0098;25.833926
1283;11027;0.0003;-0.1195;0.4909;1.0078;25.833927
1283;11028;0.0003;-0.1196;0.4909;1.0098;25.833928
1283;11029;0.0003;-0.1198;0.4908;1.0139;25.833929
1283;11030;0.0003;-0.1200;0.4908;1.0159;25.833930
1283;11031;0.0003;-0.1202;0.4912;1.0139;25.833931
1283;11032;0.0003;-0.1203;0.4911;1.0058;25.833932
1283;11033;0.0003;-0.1205;0.4911;1.0078;25.833933
1283;11034;0.0003;-0.1207;0.4911;1.0139;25.833934
1283;11035;0.0003;-0.1206;0.4903;1.0159;25.833935
1283;11036;0.0003;-0.1208;0.4903;1.0179;25.833936
1283;11037;0.0003;-0.1210;0.4905;1.0098;25.833937
1283;11038;0.0003;-0.1211;0.4902;1.0017;25.833938
1283;11039;0.0003;-0.1214;0.4907;0.9957;25.833939
1283;11040;0.0003;-0.1217;0.4915;0.9876;25.833940
1283;11041;0.0003;-0.1219;0.4918;0.9856;25.833941
1283;11042;0.0003;-0.1222;0.4921;0.9835;25.833942
1283;11043;0.0003;-0.1223;0.4917;0.9835;25.833943
1283;11044;0.0003;-0.1223;0.4912;0.9775;25.833944
1283;11045;0.0003;-0.1224;0.4909;0.9673;25.833945
1283;11046;0.0003;-0.1226;0.4913;0.9653;25.833946
1283;11047;0.0003;-0.1227;0.4910;0.9673;25.833947
1283;11048;0.0003;-0.1228;0.4905;0.9754;25.833948
1283;11049;0.0003;-0.1230;0.4910;0.9815;25.833949
1283;11050;0.0003;-0.1233;0.4914;0.9754;25.833950
1283;11051;0.0003;-0.1234;0.4911;0.9653;25.833951
1283;11052;0.0003;-0.1236;0.4912;0.9613;25.833952
1283;11053;0.0003;-0.1237;0.4912;0.9653;25.833953
1283;11054;0.0003;-0.1240;0.4915;0.9694;25.833954
1283;11055;0.0003;-0.1241;0.4912;0.9754;25.833955
1283;11056;0.0003;-0.1240;0.4902;0.9734;25.833956
1283;11057;0.0003;-0.1241;0.4902;0.9653;25.833957
1283;11058;0.0003;-0.1243;0.4904;0.9592;25.833958
1283;11059;0.0003;-0.1247;0.4910;0.9613;25.833959
1283;11060;0.0003;-0.1248;0.4910;0.9633;25.833960
1283;11061;0.0003;-0.1250;0.4910;0.9613;25.833961
1283;11062;0.0003;-0.1252;0.4912;0.9592;25.833962
1283;11063;0.0003;-0.1252;0.4906;0.9532;25.833963
1283;11064;0.0003;-0.1253;0.4906;0.9431;25.833964
1283;11065;0.0003;-0.1255;0.4907;0.9329;25.833965
1283;11066;0.0003;-0.1257;0.4907;0.9269;25.833966
1283;11067;0.0003;-0.1260;0.4912;0.9289;25.833967
1283;11068;0.0003;-0.1262;0.4916;0.9309;25.833968
1283;11069;0.0003;-0.1263;0.4914;0.9329;25.833969
1283;11070;0.0003;-0.1265;0.4912;0.9289;25.833970
1283;11071;0.0003;-0.1265;0.4908;0.9208;25.833971
1283;11072;0.0003;-0.1266;0.4906;0.9167;25.833972
1283;11073;0.0003;-0.1268;0.4905;0.9167;25.833973
1283;11074;0.0003;-0.1270;0.4909;0.9107;25.833974
1283;11075;0.0003;-0.1271;0.4905;0.9026;25.833975
1283;11076;0.0003;-0.1270;0.4897;0.9046;25.833976
1283;11077;0.0003;-0.1274;0.4904;0.9147;25.833977
1283;11078;0.0003;-0.1277;0.4909;0.9248;25.833978
1283;11079;0.0003;-0.1278;0.4907;0.9350;25.833979
1283;11080;0.0003;-0.1277;0.4898;0.9431;25.833980
1283;11081;0.0003;-0.1277;0.4891;0.9512;25.833981
1283;11082;0.0003;-0.1280;0.4899;0.9552;25.833982
1283;11083;0.0003;-0.1283;0.4901;0.9471;25.833983
1283;11084;0.0003;-0.1283;0.4898;0.9350;25.833984
1283;11085;0.0003;-0.1286;0.4901;0.9309;25.833985
1283;11086;0.0003;-0.1287;0.4900;0.9248;25.833986
1283;11087;0.0003;-0.1289;0.4900;0.9167;25.833987
1283;11088;0.0003;-0.1292;0.4906;0.9127;25.833988
1283;11089;0.0003;-0.1294;0.4908;0.9167;25.833989
1283;11090;0.0003;-0.1295;0.4905;0.9228;25.833990
1283;11091;0.0003;-0.1294;0.4897;0.9269;25.833991
1283;11092;0.0003;-0.1296;0.4895;0.9208;25.833992
1283;11093;0.0003;-0.1298;0.4899;0.9066;25.833993
1283;11094;0.0003;-0.1302;0.4906;0.8985;25.833994
1283;11095;0.0003;-0.1304;0.4910;0.8965;25.833995
1283;11096;0.0003;-0.1305;0.4907;0.9006;25.833996
1283;11097;0.0003;-0.1307;0.4907;0.9087;25.833997
1283;11098;0.0003;-0.1309;0.4911;0.9147;25.833998
1283;11099;0.0003;-0.1311;0.4911;0.9147;25.833999
1283;11100;0.0003;-0.1314;0.4915;0.9087;25.834000
1283;11101;0.0003;-0.1316;0.4918;0.8945;25.834001
1283;11102;0.0003;-0.1316;0.4913;0.8904;25.834002
1283;11103;0.0003;-0.1316;0.4907;0.8945;25.834003
1283;11104;0.0003;-0.1316;0.4900;0.9006;25.834004
1283;11105;0.0003;-0.1316;0.4895;0.9026;25.834005
1283;11106;0.0003;-0.1318;0.4894;0.8985;25.834006
1283;11107;0.0003;-0.1320;0.4894;0.8965;25.834007
1283;11108;0.0003;-0.1322;0.4898;0.8904;25.834008
1283;11109;0.0003;-0.1323;0.4897;0.8864;25.834009
1283;11110;0.0003;-0.1324;0.4893;0.8945;25.834010
1283;11111;0.0003;-0.1327;0.4897;0.8945;25.834011
1283;11112;0.0003;-0.1329;0.4899;0.8844;25.834012
1283;11113;0.0003;-0.1331;0.4900;0.8743;25.834013
1283;11114;0.0003;-0.1332;0.4900;0.8702;25.834014
1283;11115;0.0003;-0.1333;0.4897;0.8702;25.834015
1283;11116;0.0003;-0.1334;0.4895;0.8722;25.834016
1283;11117;0.0003;-0.1335;0.4894;0.8743;25.834017
1283;11118;0.0003;-0.1338;0.4896;0.8702;25.834018
1283;11119;0.0003;-0.1339;0.4896;0.8641;25.834019
1283;11120;0.0003;-0.1342;0.4899;0.8601;25.834020
1283;11121;0.0003;-0.1343;0.4900;0.8560;25.834021
1283;11122;0.0003;-0.1345;0.4898;0.8560;25.834022
1283;11123;0.0003;-0.1345;0.4892;0.8540;25.834023
1283;11124;0.0003;-0.1344;0.4885;0.8439;25.834024
1283;11125;0.0003;-0.1346;0.4885;0.8459;25.834025
1283;11126;0.0003;-0.1349;0.4890;0.8500;25.834026
1283;11127;0.0003;-0.1351;0.4890;0.8459;25.834027
1283;11128;0.0003;-0.1352;0.4890;0.8439;25.834028
1283;11129;0.0003;-0.1352;0.4885;0.8459;25.834029
1283;11130;0.0003;-0.1355;0.4888;0.8560;25.834030
1283;11131;0.0003;-0.1359;0.4895;0.8621;25.834031
1283;11132;0.0003;-0.1361;0.4899;0.8601;25.834032
1283;11133;0.0003;-0.1363;0.4900;0.8540;25.834033
1283;11134;0.0003;-0.1364;0.4896;0.8439;25.834034
1283;11135;0.0003;-0.1364;0.4893;0.8398;25.834035
1283;11136;0.0003;-0.1366;0.4893;0.8398;25.834036
1283;11137;0.0003;-0.1367;0.4890;0.8398;25.834037
1283;11138;0.0003;-0.1367;0.4886;0.8378;25.834038
1283;11139;0.0003;-0.1369;0.4885;0.8419;25.834039
1283;11140;0.0003;-0.1370;0.4885;0.8459;25.834040
1283;11141;0.0003;-0.1373;0.4888;0.8500;25.834041
1283;11142;0.0003;-0.1374;0.4888;0.8520;25.834042
1283;11143;0.0003;-0.1378;0.4894;0.8520;25.834043
1283;11144;0.0003;-0.1379;0.4894;0.8479;25.834044
1283;11145;0.0003;-0.1378;0.4885;0.8398;25.834045
1283;11146;0.0003;-0.1379;0.4882;0.8358;25.834046
1283;11147;0.0003;-0.1380;0.4881;0.8318;25.834047
1283;11148;0.0003;-0.1383;0.4885;0.8318;25.834048
1283;11149;0.0003;-0.1386;0.4888;0.8257;25.834049
1283;11150;0.0003;-0.1387;0.4888;0.8216;25.834050
1283;11151;0.0003;-0.1391;0.4896;0.8156;25.834051
1283;11152;0.0003;-0.1392;0.4892;0.8095;25.834052
1283;11153;0.0003;-0.1389;0.4879;0.8075;25.834053
1283;11154;0.0003;-0.1391;0.4878;0.8075;25.834054
1283;11155;0.0003;-0.1397;0.4892;0.8115;25.834055
1283;11156;0.0003;-0.1401;0.4902;0.8115;25.834056
1283;11157;0.0003;-0.1400;0.4891;0.8075;25.834057
1283;11158;0.0003;-0.1399;0.4886;0.8095;25.834058
1283;11159;0.0003;-0.1401;0.4886;0.8135;25.834059
1283;11160;0.0003;-0.1403;0.4885;0.8135;25.834060
1283;11161;0.0003;-0.1402;0.4878;0.8156;25.834061
1283;11162;0.0003;-0.1401;0.4869;0.8176;25.834062
1283;11163;0.0003;-0.1401;0.4864;0.8196;25.834063
1283;11164;0.0003;-0.1405;0.4870;0.8196;25.834064
1283;11165;0.0003;-0.1408;0.4876;0.8196;25.834065
1283;11166;0.0003;-0.1411;0.4880;0.8237;25.834066
1283;11167;0.0003;-0.1412;0.4879;0.8237;25.834067
1283;11168;0.0003;-0.1415;0.4884;0.8257;25.834068
1283;11169;0.0003;-0.1417;0.4886;0.8257;25.834069
1283;11170;0.0003;-0.1417;0.4879;0.8257;25.834070
1283;11171;0.0003;-0.1418;0.4879;0.8237;25.834071
1283;11172;0.0003;-0.1421;0.4882;0.8196;25.834072
1283;11173;0.0003;-0.1423;0.4881;0.8135;25.834073
1283;11174;0.0003;-0.1424;0.4881;0.8075;25.834074
1283;11175;0.0003;-0.1424;0.4876;0.8075;25.834075
1283;11176;0.0003;-0.1424;0.4869;0.8095;25.834076
1283;11177;0.0003;-0.1426;0.4869;0.8054;25.834077
1283;11178;0.0003;-0.1429;0.4874;0.8075;25.834078
1283;11179;0.0003;-0.1433;0.4882;0.8135;25.834079
1283;11180;0.0003;-0.1436;0.4887;0.8135;25.834080
1283;11181;0.0003;-0.1438;0.4888;0.8054;25.834081
1283;11182;0.0003;-0.1437;0.4880;0.7973;25.834082
1283;11183;0.0003;-0.1438;0.4877;0.7893;25.834083
1283;11184;0.0003;-0.1441;0.4881;0.7872;25.834084
1283;11185;0.0003;-0.1441;0.4876;0.7852;25.834085
1283;11186;0.0003;-0.1441;0.4874;0.7872;25.834086
1283;11187;0.0003;-0.1445;0.4880;0.7872;25.834087
1283;11188;0.0003;-0.1448;0.4884;0.7893;25.834088
1283;11189;0.0003;-0.1450;0.4886;0.7852;25.834089
1283;11190;0.0003;-0.1451;0.4883;0.7771;25.834090
1283;11191;0.0003;-0.1453;0.4885;0.7731;25.834091
1283;11192;0.0003;-0.1455;0.4886;0.7731;25.834092
1283;11193;0.0003;-0.1457;0.4888;0.7744;25.834093
1283;11194;0.0003;-0.1459;0.4888;0.7845;25.834094
1283;11195;0.0003;-0.1460;0.4888;0.7885;25.834095
1283;11196;0.0003;-0.1462;0.4887;0.7824;25.834096
1283;11197;0.0003;-0.1461;0.4880;0.7791;25.834097
1283;11198;0.0003;-0.1463;0.4880;0.7791;25.834098
1283;11199;0.0003;-0.1466;0.4886;0.7824;25.834099
1283;11200;0.0003;-0.1468;0.4886;0.7845;25.834100
1283;11201;0.0003;-0.1469;0.4882;0.7872;25.834101
1283;11202;0.0003;-0.1470;0.4880;0.7852;25.834102
1283;11203;0.0003;-0.1472;0.4883;0.7764;25.834103
1283;11204;0.0003;-0.1475;0.4888;0.7663;25.834104
1283;11205;0.0003;-0.1475;0.4884;0.7643;25.834105
1283;11206;0.0003;-0.1477;0.4885;0.7623;25.834106
1283;11207;0.0003;-0.1480;0.4888;0.7582;25.834107
1283;11208;0.0003;-0.1480;0.4881;0.7562;25.834108
1283;11209;0.0003;-0.1480;0.4877;0.7589;25.834109
1283;11210;0.0003;-0.1482;0.4878;0.7609;25.834110
1283;11211;0.0003;-0.1484;0.4880;0.7562;25.834111
1283;11212;0.0003;-0.1488;0.4886;0.7482;25.834112
1283;11213;0.0003;-0.1488;0.4882;0.7401;25.834113
1283;11214;0.0003;-0.1489;0.4879;0.7421;25.834114
1283;11215;0.0003;-0.1491;0.4881;0.7461;25.834115
1283;11216;0.0003;-0.1490;0.4872;0.7589;25.834116
1283;11217;0.0003;-0.1489;0.4864;0.7650;25.834117
1283;11218;0.0003;-0.1490;0.4859;0.7569;25.834118
1283;11219;0.0003;-0.1492;0.4863;0.7488;25.834119
1283;11220;0.0003;-0.1495;0.4867;0.7488;25.834120
1283;11221;0.0003;-0.1497;0.4870;0.7508;25.834121
1283;11222;0.0003;-0.1501;0.4878;0.7502;25.834122
1283;11223;0.0003;-0.1505;0.4884;0.7421;25.834123
1283;11224;0.0003;-0.1507;0.4883;0.7260;25.834124
1283;11225;0.0003;-0.1507;0.4880;0.7139;25.834125
1283;11226;0.0003;-0.1506;0.4871;0.7164;25.834126
1283;11227;0.0003;-0.1506;0.4867;0.7164;25.834127
1283;11228;0.0003;-0.1508;0.4866;0.7124;25.834128
1283;11229;0.0003;-0.1511;0.4872;0.7098;25.834129
1283;11230;0.0003;-0.1515;0.4879;0.7098;25.834130
1283;11231;0.0003;-0.1516;0.4875;0.7098;25.834131
1283;11232;0.0003;-0.1514;0.4866;0.7124;25.834132
1283;11233;0.0003;-0.1514;0.4861;0.7124;25.834133
1283;11234;0.0003;-0.1519;0.4870;0.7038;25.834134
1283;11235;0.0003;-0.1522;0.4874;0.6977;25.834135
1283;11236;0.0003;-0.1522;0.4869;0.6998;25.834136
1283;11237;0.0003;-0.1521;0.4862;0.7124;25.834137
1283;11238;0.0003;-0.1523;0.4861;0.7184;25.834138
1283;11239;0.0003;-0.1524;0.4861;0.7204;25.834139
1283;11240;0.0003;-0.1529;0.4869;0.7179;25.834140
1283;11241;0.0003;-0.1531;0.4873;0.7179;25.834141
1283;11242;0.0003;-0.1533;0.4872;0.7159;25.834142
1283;11243;0.0003;-0.1531;0.4863;0.7164;25.834143
1283;11244;0.0003;-0.1531;0.4858;0.7164;25.834144
1283;11245;0.0003;-0.1535;0.4865;0.7139;25.834145
1283;11246;0.0003;-0.1538;0.4868;0.7098;25.834146
1283;11247;0.0003;-0.1542;0.4875;0.7119;25.834147
1283;11248;0.0003;-0.1544;0.4876;0.7139;25.834148
1283;11249;0.0003;-0.1542;0.4865;0.7119;25.834149
1283;11250;0.0003;-0.1541;0.4858;0.7063;25.834150
1283;11251;0.0003;-0.1543;0.4857;0.7043;25.834151
1283;11252;0.0003;-0.1546;0.4864;0.7038;25.834152
1283;11253;0.0003;-0.1551;0.4874;0.7058;25.834153
1283;11254;0.0003;-0.1553;0.4873;0.7058;25.834154
1283;11255;0.0003;-0.1555;0.4876;0.7058;25.834155
1283;11256;0.0003;-0.1557;0.4875;0.7018;25.834156
1283;11257;0.0003;-0.1554;0.4863;0.6977;25.834157
1283;11258;0.0003;-0.1555;0.4859;0.6937;25.834158
1283;11259;0.0003;-0.1557;0.4860;0.6897;25.834159
1283;11260;0.0003;-0.1559;0.4862;0.6856;25.834160
1283;11261;0.0003;-0.1559;0.4856;0.6796;25.834161
1283;11262;0.0003;-0.1563;0.4863;0.6776;25.834162
1283;11263;0.0003;-0.1567;0.4871;0.6735;25.834163
1283;11264;0.0003;-0.1568;0.4870;0.6655;25.834164
1283;11265;0.0003;-0.1569;0.4868;0.6614;25.834165
1283;11266;0.0003;-0.1570;0.4864;0.6635;25.834166
1283;11267;0.0003;-0.1571;0.4863;0.6655;25.834167
1283;11268;0.0003;-0.1575;0.4869;0.6675;25.834168
1283;11269;0.0003;-0.1576;0.4868;0.6715;25.834169
1283;11270;0.0003;-0.1577;0.4865;0.6735;25.834170
1283;11271;0.0003;-0.1580;0.4870;0.6756;25.834171
1283;11272;0.0003;-0.1583;0.4874;0.6776;25.834172
1283;11273;0.0003;-0.1587;0.4882;0.6796;25.834173
1283;11274;0.0003;-0.1589;0.4884;0.6856;25.834174
1283;11275;0.0003;-0.1590;0.4881;0.6897;25.834175
1283;11276;0.0003;-0.1591;0.4879;0.6877;25.834176
1283;11277;0.0003;-0.1594;0.4882;0.6836;25.834177
1283;11278;0.0003;-0.1598;0.4891;0.6796;25.834178
1283;11279;0.0003;-0.1600;0.4891;0.6776;25.834179
1283;11280;0.0003;-0.1597;0.4877;0.6756;25.834180
1283;11281;0.0003;-0.1595;0.4867;0.6715;25.834181
1283;11282;0.0003;-0.1597;0.4868;0.6695;25.834182
1283;11283;0.0003;-0.1601;0.4875;0.6635;25.834183
1283;11284;0.0003;-0.1601;0.4870;0.6594;25.834184
1283;11285;0.0003;-0.1603;0.4870;0.6594;25.834185
1283;11286;0.0003;-0.1607;0.4878;0.6574;25.834186
1283;11287;0.0003;-0.1608;0.4875;0.6554;25.834187
1283;11288;0.0003;-0.1608;0.4872;0.6534;25.834188
1283;11289;0.0003;-0.1609;0.4868;0.6534;25.834189
1283;11290;0.0003;-0.1610;0.4867;0.6534;25.834190
1283;11291;0.0003;-0.1613;0.4870;0.6534;25.834191
1283;11292;0.0003;-0.1613;0.4864;0.6574;25.834192
1283;11293;0.0003;-0.1612;0.4859;0.6594;25.834193
1283;11294;0.0003;-0.1617;0.4867;0.6635;25.834194
1283;11295;0.0003;-0.1619;0.4868;0.6635;25.834195
1283;11296;0.0003;-0.1620;0.4866;0.6614;25.834196
1283;11297;0.0003;-0.1620;0.4862;0.6574;25.834197
1283;11298;0.0003;-0.1623;0.4865;0.6574;25.834198
1283;11299;0.0003;-0.1625;0.4866;0.6614;25.834199
1283;11300;0.0003;-0.1629;0.4874;0.6635;25.834200
1283;11301;0.0003;-0.1633;0.4880;0.6614;25.834201
1283;11302;0.0003;-0.1632;0.4874;0.6614;25.834202
1283;11303;0.0003;-0.1632;0.4867;0.6614;25.834203
1283;11304;0.0003;-0.1635;0.4871;0.6594;25.834204
1283;11305;0.0003;-0.1637;0.4873;0.6635;25.834205
1283;11306;0.0003;-0.1636;0.4866;0.6675;25.834206
1283;11307;0.0003;-0.1637;0.4862;0.6675;25.834207
1283;11308;0.0003;-0.1641;0.4870;0.6594;25.834208
1283;11309;0.0003;-0.1642;0.4868;0.6514;25.834209
1283;11310;0.0003;-0.1639;0.4855;0.6493;25.834210
1283;11311;0.0003;-0.1641;0.4854;0.6473;25.834211
1283;11312;0.0003;-0.1644;0.4858;0.6453;25.834212
1283;11313;0.0003;-0.1645;0.4858;0.6433;25.834213
1283;11314;0.0003;-0.1646;0.4855;0.6433;25.834214
1283;11315;0.0003;-0.1648;0.4857;0.6453;25.834215
1283;11316;0.0003;-0.1652;0.4863;0.6473;25.834216
1283;11317;0.0003;-0.1653;0.4860;0.6453;25.834217
1283;11318;0.0003;-0.1652;0.4853;0.6433;25.834218
1283;11319;0.0003;-0.1653;0.4853;0.6433;25.834219
1283;11320;0.0003;-0.1654;0.4850;0.6473;25.834220
1283;11321;0.0003;-0.1656;0.4852;0.6514;25.834221
1283;11322;0.0003;-0.1661;0.4860;0.6473;25.834222
1283;11323;0.0003;-0.1664;0.4864;0.6453;25.834223
1283;11324;0.0003;-0.1665;0.4863;0.6453;25.834224
1283;11325;0.0003;-0.1666;0.4860;0.6393;25.834225
1283;11326;0.0003;-0.1667;0.4859;0.6312;25.834226
1283;11327;0.0003;-0.1668;0.4855;0.6272;25.834227
1283;11328;0.0003;-0.1667;0.4850;0.6251;25.834228
1283;11329;0.0003;-0.1671;0.4856;0.6231;25.834229
1283;11330;0.0003;-0.1674;0.4858;0.6211;25.834230
1283;11331;0.0003;-0.1675;0.4858;0.6211;25.834231
1283;11332;0.0003;-0.1676;0.4856;0.6251;25.834232
1283;11333;0.0003;-0.1677;0.4852;0.6292;25.834233
1283;11334;0.0003;-0.1678;0.4852;0.6312;25.834234
1283;11335;0.0003;-0.1679;0.4848;0.6292;25.834235
1283;11336;0.0003;-0.1679;0.4844;0.6292;25.834236
1283;11337;0.0003;-0.1681;0.4845;0.6272;25.834237
1283;11338;0.0003;-0.1684;0.4849;0.6251;25.834238
1283;11339;0.0003;-0.1687;0.4854;0.6272;25.834239
1283;11340;0.0003;-0.1687;0.4848;0.6272;25.834240
1283;11341;0.0003;-0.1688;0.4846;0.6292;25.834241
1283;11342;0.0003;-0.1692;0.4854;0.6251;25.834242
1283;11343;0.0003;-0.1695;0.4858;0.6151;25.834243
1283;11344;0.0003;-0.1699;0.4863;0.6151;25.834244
1283;11345;0.0003;-0.1701;0.4864;0.6231;25.834245
1283;11346;0.0003;-0.1704;0.4869;0.6251;25.834246
1283;11347;0.0003;-0.1709;0.4877;0.6251;25.834247
1283;11348;0.0003;-0.1708;0.4869;0.6292;25.834248
1283;11349;0.0003;-0.1707;0.4864;0.6312;25.834249
1283;11350;0.0003;-0.1707;0.4858;0.6312;25.834250
1283;11351;0.0003;-0.1706;0.4849;0.6312;25.834251
1283;11352;0.0003;-0.1708;0.4853;0.6292;25.834252
1283;11353;0.0003;-0.1710;0.4853;0.6231;25.834253
1283;11354;0.0003;-0.1714;0.4858;0.6191;25.834254
1283;11355;0.0003;-0.1719;0.4867;0.6171;25.834255
1283;11356;0.0003;-0.1719;0.4865;0.6191;25.834256
1283;11357;0.0003;-0.1718;0.4857;0.6191;25.834257
1283;11358;0.0003;-0.1718;0.4850;0.6171;25.834258
1283;11359;0.0003;-0.1722;0.4856;0.6151;25.834259
1283;11360;0.0003;-0.1723;0.4856;0.6130;25.834260
1283;11361;0.0003;-0.1723;0.4851;0.6110;25.834261
1283;11362;0.0003;-0.1724;0.4850;0.6090;25.834262
1283;11363;0.0003;-0.1725;0.4847;0.6110;25.834263
1283;11364;0.0003;-0.1727;0.4847;0.6130;25.834264
1283;11365;0.0003;-0.1729;0.4850;0.6090;25.834265
1283;11366;0.0003;-0.1732;0.4852;0.6050;25.834266
1283;11367;0.0003;-0.1733;0.4851;0.5989;25.834267
1283;11368;0.0003;-0.1735;0.4851;0.5949;25.834268
1283;11369;0.0003;-0.1737;0.4853;0.5989;25.834269
1283;11370;0.0003;-0.1740;0.4857;0.6009;25.834270
1283;11371;0.0003;-0.1741;0.4856;0.6009;25.834271
1283;11372;0.0003;-0.1742;0.4853;0.5989;25.834272
1283;11373;0.0003;-0.1744;0.4853;0.5989;25.834273
1283;11374;0.0003;-0.1748;0.4861;0.6009;25.834274
1283;11375;0.0003;-0.1754;0.4871;0.6030;25.834275
1283;11376;0.0003;-0.1756;0.4873;0.6050;25.834276
1283;11377;0.0003;-0.1757;0.4870;0.6050;25.834277
1283;11378;0.0003;-0.1756;0.4863;0.6030;25.834278
1283;11379;0.0003;-0.1757;0.4860;0.6030;25.834279
1283;11380;0.0003;-0.1758;0.4860;0.6030;25.834280
1283;11381;0.0003;-0.1759;0.4857;0.6050;25.834281
1283;11382;0.0003;-0.1761;0.4859;0.6050;25.834282
1283;11383;0.0003;-0.1763;0.4859;0.6030;25.834283
1283;11384;0.0003;-0.1762;0.4852;0.6009;25.834284
1283;11385;0.0003;-0.1763;0.4851;0.5989;25.834285
1283;11386;0.0003;-0.1765;0.4850;0.5949;25.834286
1283;11387;0.0003;-0.1770;0.4860;0.5969;25.834287
1283;11388;0.0003;-0.1775;0.4869;0.5949;25.834288
1283;11389;0.0003;-0.1776;0.4868;0.5888;25.834289
1283;11390;0.0003;-0.1777;0.4865;0.5868;25.834290
1283;11391;0.0003;-0.1777;0.4861;0.5888;25.834291
1283;11392;0.0003;-0.1777;0.4856;0.5929;25.834292
1283;11393;0.0003;-0.1778;0.4853;0.5888;25.834293
1283;11394;0.0003;-0.1779;0.4852;0.5888;25.834294
1283;11395;0.0003;-0.1782;0.4856;0.5909;25.834295
1283;11396;0.0003;-0.1784;0.4855;0.5848;25.834296
1283;11397;0.0003;-0.1784;0.4853;0.5788;25.834297
1283;11398;0.0003;-0.1785;0.4850;0.5727;25.834298
1283;11399;0.0003;-0.1785;0.4845;0.5687;25.834299
1283;11400;0.0003;-0.1787;0.4847;0.5707;25.834300
1283;11401;0.0003;-0.1789;0.4846;0.5747;25.834301
1283;11402;0.0003;-0.1792;0.4850;0.5707;25.834302
1283;11403;0.0003;-0.1795;0.4853;0.5646;25.834303
1283;11404;0.0003;-0.1793;0.4844;0.5667;25.834304
1283;11405;0.0003;-0.1795;0.4844;0.5727;25.834305
1283;11406;0.0003;-0.1799;0.4853;0.5727;25.834306
1283;11407;0.0003;-0.1805;0.4862;0.5727;25.834307
1283;11408;0.0003;-0.1806;0.4862;0.5707;25.834308
1283;11409;0.0003;-0.1806;0.4857;0.5687;25.834309
1283;11410;0.0003;-0.1810;0.4864;0.5687;25.834310
1283;11411;0.0003;-0.1813;0.4868;0.5687;25.834311
1283;11412;0.0003;-0.1815;0.4866;0.5727;25.834312
1283;11413;0.0003;-0.1814;0.4861;0.5747;25.834313
1283;11414;0.0003;-0.1813;0.4854;0.5747;25.834314
1283;11415;0.0003;-0.1815;0.4854;0.5767;25.834315
1283;11416;0.0003;-0.1819;0.4859;0.5747;25.834316
1283;11417;0.0003;-0.1820;0.4859;0.5727;25.834317
1283;11418;0.0003;-0.1824;0.4863;0.5727;25.834318
1283;11419;0.0003;-0.1825;0.4863;0.5687;25.834319
1283;11420;0.0003;-0.1827;0.4862;0.5586;25.834320
1283;11421;0.0003;-0.1827;0.4857;0.5485;25.834321
1283;11422;0.0003;-0.1823;0.4844;0.5465;25.834322
1283;11423;0.0003;-0.1824;0.4840;0.5465;25.834323
1283;11424;0.0003;-0.1827;0.4845;0.5445;25.834324
1283;11425;0.0003;-0.1832;0.4854;0.5445;25.834325
1283;11426;0.0003;-0.1833;0.4852;0.5445;25.834326
1283;11427;0.0003;-0.1836;0.4854;0.5485;25.834327
1283;11428;0.0003;-0.1841;0.4865;0.5526;25.834328
1283;11429;0.0003;-0.1843;0.4864;0.5566;25.834329
1283;11430;0.0003;-0.1842;0.4857;0.5626;25.834330
1283;11431;0.0003;-0.1845;0.4860;0.5626;25.834331
1283;11432;0.0003;-0.1848;0.4864;0.5586;25.834332
1283;11433;0.0003;-0.1851;0.4868;0.5566;25.834333
1283;11434;0.0003;-0.1853;0.4868;0.5566;25.834334
1283;11435;0.0003;-0.1854;0.4866;0.5586;25.834335
1283;11436;0.0003;-0.1851;0.4854;0.5546;25.834336
1283;11437;0.0003;-0.1851;0.4848;0.5485;25.834337
1283;11438;0.0003;-0.1854;0.4852;0.5445;25.834338
1283;11439;0.0003;-0.1857;0.4858;0.5385;25.834339
1283;11440;0.0003;-0.1858;0.4853;0.5425;25.834340
1283;11441;0.0003;-0.1860;0.4855;0.5425;25.834341
1283;11442;0.0003;-0.1862;0.4857;0.5385;25.834342
1283;11443;0.0003;-0.1864;0.4856;0.5345;25.834343
1283;11444;0.0003;-0.1864;0.4851;0.5304;25.834344
1283;11445;0.0003;-0.1864;0.4849;0.5283;25.834345
1283;11446;0.0003;-0.1868;0.4854;0.5265;25.834346
1283;11447;0.0003;-0.1872;0.4859;0.5244;25.834347
1283;11448;0.0003;-0.1877;0.4867;0.5224;25.834348
1283;11449;0.0003;-0.1881;0.4873;0.5184;25.834349
1283;11450;0.0003;-0.1880;0.4866;0.5204;25.834350
1283;11451;0.0003;-0.1879;0.4860;0.5224;25.834351
1283;11452;0.0003;-0.1878;0.4855;0.5224;25.834352
1283;11453;0.0003;-0.1879;0.4850;0.5244;25.834353
1283;11454;0.0003;-0.1880;0.4849;0.5285;25.834354
1283;11455;0.0003;-0.1882;0.4851;0.5285;25.834355
1283;11456;0.0003;-0.1886;0.4857;0.5265;25.834356
1283;11457;0.0003;-0.1889;0.4858;0.5265;25.834357
1283;11458;0.0003;-0.1888;0.4854;0.5265;25.834358
1283;11459;0.0003;-0.1890;0.4853;0.5224;25.834359
1283;11460;0.0003;-0.1890;0.4850;0.5204;25.834360
1283;11461;0.0003;-0.1890;0.4846;0.5224;25.834361
1283;11462;0.0003;-0.1893;0.4847;0.5285;25.834362
1283;11463;0.0003;-0.1898;0.4857;0.5305;25.834363
1283;11464;0.0003;-0.1903;0.4865;0.5265;25.834364
1283;11465;0.0003;-0.1902;0.4857;0.5224;25.834365
1283;11466;0.0003;-0.1904;0.4857;0.5265;25.834366
1283;11467;0.0003;-0.1903;0.4851;0.5305;25.834367
1283;11468;0.0003;-0.1903;0.4847;0.5285;25.834368
1283;11469;0.0003;-0.1906;0.4850;0.5224;25.834369
1283;11470;0.0003;-0.1910;0.4855;0.5184;25.834370
1283;11471;0.0003;-0.1915;0.4865;0.5144;25.834371
1283;11472;0.0003;-0.1920;0.4874;0.4983;25.834372
1283;11473;0.0003;-0.1919;0.4867;0.4782;25.834373
1283;11474;0.0003;-0.1920;0.4863;0.4642;25.834374
1283;11475;0.0003;-0.1922;0.4865;0.4461;25.834375
1283;11476;0.0003;-0.1925;0.4869;0.4240;25.834376
1283;11477;0.0003;-0.1928;0.4871;0.4019;25.834377
1283;11478;0.0003;-0.1926;0.4863;0.3838;25.834378
1283;11479;0.0003;-0.1923;0.4849;0.3717;25.834379
1283;11480;0.0003;-0.1919;0.4837;0.3637;25.834380
1283;11481;0.0003;-0.1925;0.4846;0.3637;25.834381
1283;11482;0.0003;-0.1935;0.4867;0.3597;25.834382
1283;11483;0.0003;-0.1934;0.4860;0.3536;25.834383
1283;11484;0.0003;-0.1929;0.4843;0.3577;25.834384
1283;11485;0.0003;-0.1928;0.4837;0.3697;25.834385
1283;11486;0.0003;-0.1930;0.4838;0.3858;25.834386
1283;11487;0.0003;-0.1932;0.4837;0.4059;25.834387
1283;11488;0.0003;-0.1938;0.4849;0.4300;25.834388
1283;11489;0.0003;-0.1943;0.4857;0.4501;25.834389
1283;11490;0.0003;-0.1943;0.4852;0.4581;25.834390
1283;11491;0.0003;-0.1942;0.4847;0.4642;25.834391
1283;11492;0.0003;-0.1948;0.4855;0.4702;25.834392
1283;11493;0.0003;-0.1952;0.4861;0.4802;25.834393
1283;11494;0.0003;-0.1955;0.4864;0.4883;25.834394
1283;11495;0.0003;-0.1956;0.4864;0.4822;25.834395
1283;11496;0.0003;-0.1956;0.4860;0.4722;25.834396
1283;11497;0.0003;-0.1957;0.4858;0.4541;25.834397
1283;11498;0.0003;-0.1959;0.4857;0.4340;25.834398
1283;11499;0.0003;-0.1963;0.4863;0.4179;25.834399
1283;11500;0.0003;-0.1970;0.4878;0.4059;25.834400
1283;11501;0.0003;-0.1970;0.4873;0.3918;25.834401
1283;11502;0.0003;-0.1969;0.4866;0.3798;25.834402
1283;11503;0.0003;-0.1968;0.4859;0.3697;25.834403
1283;11504;0.0003;-0.1973;0.4867;0.3657;25.834404
1283;11505;0.0003;-0.1981;0.4881;0.3617;25.834405
1283;11506;0.0003;-0.1980;0.4875;0.3657;25.834406
1283;11507;0.0003;-0.1981;0.4873;0.3818;25.834407
1283;11508;0.0003;-0.1981;0.4869;0.3979;25.834408
1283;11509;0.0003;-0.1980;0.4862;0.4139;25.834409
1283;11510;0.0003;-0.1981;0.4861;0.4360;25.834410
1283;11511;0.0003;-0.1985;0.4865;0.4561;25.834411
1283;11512;0.0003;-0.1986;0.4865;0.4782;25.834412
1283;11513;0.0003;-0.1986;0.4861;0.4963;25.834413
1283;11514;0.0003;-0.1989;0.4863;0.5104;25.834414
1283;11515;0.0003;-0.1991;0.4865;0.5164;25.834415
1283;11516;0.0003;-0.1989;0.4854;0.5244;25.834416
1283;11517;0.0003;-0.1990;0.4853;0.5385;25.834417
1283;11518;0.0003;-0.1996;0.4863;0.5486;25.834418
1283;11519;0.0003;-0.1999;0.4866;0.5486;25.834419
1283;11520;0.0003;-0.2000;0.4865;0.5486;25.834420
1283;11521;0.0003;-0.2003;0.4868;0.5526;25.834421
1283;11522;0.0003;-0.2007;0.4873;0.5566;25.834422
1283;11523;0.0003;-0.2008;0.4871;0.5546;25.834423
1283;11524;0.0003;-0.2007;0.4864;0.5526;25.834424
1283;11525;0.0003;-0.2008;0.4863;0.5526;25.834425
1283;11526;0.0003;-0.2008;0.4858;0.5586;25.834426
1283;11527;0.0003;-0.2010;0.4859;0.5686;25.834427
1283;11528;0.0003;-0.2014;0.4865;0.5666;25.834428
1283;11529;0.0003;-0.2020;0.4874;0.5686;25.834429
1283;11530;0.0003;-0.2023;0.4879;0.5747;25.834430
1283;11531;0.0003;-0.2020;0.4866;0.5787;25.834431
1283;11532;0.0003;-0.2019;0.4861;0.5787;25.834432
1283;11533;0.0003;-0.2023;0.4865;0.5787;25.834433
1283;11534;0.0003;-0.2024;0.4863;0.5807;25.834434
1283;11535;0.0003;-0.2024;0.4859;0.5847;25.834435
1283;11536;0.0003;-0.2023;0.4852;0.5908;25.834436
1283;11537;0.0003;-0.2028;0.4861;0.5948;25.834437
1283;11538;0.0003;-0.2035;0.4874;0.5928;25.834438
1283;11539;0.0003;-0.2036;0.4871;0.5887;25.834439
1283;11540;0.0003;-0.2038;0.4870;0.5908;25.834440
1283;11541;0.0003;-0.2042;0.4876;0.5908;25.834441
1283;11542;0.0003;-0.2045;0.4880;0.5968;25.834442
1283;11543;0.0003;-0.2043;0.4871;0.6028;25.834443
1283;11544;0.0003;-0.2041;0.4862;0.6068;25.834444
1283;11545;0.0003;-0.2041;0.4859;0.6108;25.834445
1283;11546;0.0003;-0.2044;0.4860;0.6149;25.834446
1283;11547;0.0003;-0.2049;0.4868;0.6169;25.834447
1283;11548;0.0003;-0.2053;0.4874;0.6169;25.834448
1283;11549;0.0003;-0.2054;0.4873;0.6209;25.834449
1283;11550;0.0003;-0.2052;0.4864;0.6289;25.834450
1283;11551;0.0003;-0.2051;0.4857;0.6309;25.834451
1283;11552;0.0003;-0.2054;0.4859;0.6350;25.834452
1283;11553;0.0003;-0.2060;0.4869;0.6350;25.834453
1283;11554;0.0003;-0.2061;0.4868;0.6370;25.834454
1283;11555;0.0003;-0.2064;0.4869;0.6430;25.834455
1283;11556;0.0003;-0.2065;0.4870;0.6490;25.834456
1283;11557;0.0003;-0.2066;0.4866;0.6530;25.834457
1283;11558;0.0003;-0.2065;0.4861;0.6571;25.834458
1283;11559;0.0003;-0.2067;0.4860;0.6651;25.834459
1283;11560;0.0003;-0.2071;0.4867;0.6731;25.834460
1283;11561;0.0003;-0.2077;0.4877;0.6783;25.834461
1283;11562;0.0003;-0.2079;0.4876;0.6823;25.834462
1283;11563;0.0003;-0.2076;0.4867;0.6832;25.834463
1283;11564;0.0003;-0.2075;0.4858;0.6832;25.834464
1283;11565;0.0003;-0.2079;0.4864;0.6892;25.834465
1283;11566;0.0003;-0.2083;0.4869;0.6952;25.834466
1283;11567;0.0003;-0.2083;0.4866;0.6972;25.834467
1283;11568;0.0003;-0.2086;0.4868;0.7013;25.834468
1283;11569;0.0003;-0.2086;0.4865;0.7033;25.834469
1283;11570;0.0003;-0.2089;0.4866;0.7073;25.834470
1283;11571;0.0003;-0.2093;0.4872;0.7043;25.834471
1283;11572;0.0003;-0.2096;0.4876;0.7083;25.834472
1283;11573;0.0003;-0.2101;0.4882;0.7183;25.834473
1283;11574;0.0003;-0.2103;0.4883;0.7263;25.834474
1283;11575;0.0003;-0.2102;0.4878;0.7323;25.834475
1283;11576;0.0003;-0.2101;0.4872;0.7364;25.834476
1283;11577;0.0003;-0.2100;0.4864;0.7435;25.834477
1283;11578;0.0003;-0.2102;0.4864;0.7495;25.834478
1283;11579;0.0003;-0.2103;0.4863;0.7535;25.834479
1283;11580;0.0003;-0.2107;0.4869;0.7504;25.834480
1283;11581;0.0003;-0.2111;0.4874;0.7504;25.834481
1283;11582;0.0003;-0.2110;0.4866;0.7484;25.834482
1283;11583;0.0003;-0.2111;0.4865;0.7424;25.834483
1283;11584;0.0003;-0.2111;0.4862;0.7323;25.834484
1283;11585;0.0003;-0.2111;0.4857;0.7314;25.834485
1283;11586;0.0003;-0.2114;0.4859;0.7234;25.834486
1283;11587;0.0003;-0.2116;0.4860;0.7083;25.834487
1283;11588;0.0003;-0.2118;0.4861;0.7003;25.834488
1283;11589;0.0003;-0.2121;0.4863;0.6943;25.834489
1283;11590;0.0003;-0.2125;0.4868;0.6883;25.834490
1283;11591;0.0003;-0.2128;0.4872;0.6803;25.834491
1283;11592;0.0003;-0.2128;0.4868;0.6663;25.834492
1283;11593;0.0003;-0.2128;0.4862;0.6583;25.834493
1283;11594;0.0003;-0.2131;0.4865;0.6583;25.834494
1283;11595;0.0003;-0.2129;0.4857;0.6643;25.834495
1283;11596;0.0003;-0.2129;0.4854;0.6703;25.834496
1283;11597;0.0003;-0.2131;0.4853;0.6723;25.834497
1283;11598;0.0003;-0.2133;0.4855;0.6843;25.834498
1283;11599;0.0003;-0.2136;0.4857;0.7003;25.834499
1283;11600;0.0003;-0.2137;0.4856;0.7143;25.834500
1283;11601;0.0003;-0.2139;0.4855;0.7344;25.834501
1283;11602;0.0003;-0.2139;0.4852;0.7604;25.834502
1283;11603;0.0003;-0.2139;0.4848;0.7917;25.834503
1283;11604;0.0003;-0.2138;0.4842;0.8138;25.834504
1283;11605;0.0003;-0.2138;0.4837;0.8339;25.834505
1283;11606;0.0003;-0.2139;0.4835;0.8540;25.834506
1283;11607;0.0003;-0.2140;0.4834;0.8701;25.834507
1283;11608;0.0003;-0.2141;0.4832;0.8881;25.834508
1283;11609;0.0003;-0.2141;0.4828;0.9022;25.834509
1283;11610;0.0003;-0.2140;0.4822;0.9143;25.834510
1283;11611;0.0003;-0.2142;0.4823;0.9303;25.834511
1283;11612;0.0003;-0.2146;0.4826;0.9364;25.834512
1283;11613;0.0003;-0.2148;0.4828;0.9384;25.834513
1283;11614;0.0003;-0.2149;0.4826;0.9464;25.834514
1283;11615;0.0003;-0.2149;0.4822;0.9605;25.834515
1283;11616;0.0003;-0.2152;0.4824;0.9765;25.834516
1283;11617;0.0003;-0.2153;0.4824;0.9846;25.834517
1283;11618;0.0003;-0.2154;0.4820;0.9926;25.834518
1283;11619;0.0003;-0.2156;0.4822;1.0027;25.834519
1283;11620;0.0003;-0.2154;0.4814;1.0067;25.834520
1283;11621;0.0003;-0.2155;0.4812;1.0087;25.834521
1283;11622;0.0003;-0.2156;0.4809;1.0047;25.834522
1283;11623;0.0003;-0.2157;0.4809;1.0067;25.834523
1283;11624;0.0003;-0.2159;0.4810;1.0167;25.834524
1283;11625;0.0003;-0.2162;0.4812;1.0328;25.834525
1283;11626;0.0003;-0.2163;0.4811;1.0549;25.834526
1283;11627;0.0003;-0.2165;0.4810;1.0770;25.834527
1283;11628;0.0003;-0.2168;0.4814;1.1092;25.834528
1283;11629;0.0003;-0.2169;0.4811;1.1473;25.834529
1283;11630;0.0003;-0.2167;0.4802;1.1835;25.834530
1283;11631;0.0003;-0.2168;0.4801;1.2237;25.834531
1283;11632;0.0003;-0.2170;0.4803;1.2739;25.834532
1283;11633;0.0003;-0.2172;0.4802;1.3121;25.834533
1283;11634;0.0003;-0.2174;0.4803;1.3222;25.834534
1283;11635;0.0003;-0.2175;0.4801;1.3001;25.834535
1283;11636;0.0003;-0.2175;0.4797;1.2579;25.834536
1283;11637;0.0003;-0.2181;0.4806;1.1956;25.834537
1283;11638;0.0003;-0.2185;0.4812;1.1293;25.834538
1283;11639;0.0003;-0.2186;0.4811;1.0589;25.834539
1283;11640;0.0003;-0.2187;0.4808;0.9826;25.834540
1283;11641;0.0003;-0.2190;0.4811;0.9102;25.834541
1283;11642;0.0003;-0.2194;0.4815;0.8480;25.834542
1283;11643;0.0003;-0.2195;0.4815;0.7997;25.834543
1283;11644;0.0003;-0.2199;0.4818;0.7636;25.834544
1283;11645;0.0003;-0.2200;0.4817;0.7314;25.834545
1283;11646;0.0003;-0.2206;0.4825;0.7063;25.834546
1283;11647;0.0003;-0.2214;0.4839;0.6903;25.834547
1283;11648;0.0003;-0.2215;0.4839;0.6723;25.834548
1283;11649;0.0003;-0.2217;0.4838;0.6623;25.834549
1283;11650;0.0003;-0.2218;0.4837;0.6563;25.834550
1283;11651;0.0003;-0.2216;0.4828;0.6543;25.834551
1283;11652;0.0003;-0.2217;0.4827;0.6543;25.834552
1283;11653;0.0003;-0.2219;0.4827;0.6543;25.834553
1283;11654;0.0003;-0.2224;0.4834;0.6563;25.834554
1283;11655;0.0003;-0.2226;0.4836;0.6603;25.834555
1283;11656;0.0003;-0.2226;0.4831;0.6643;25.834556
1283;11657;0.0003;-0.2227;0.4830;0.6723;25.834557
1283;11658;0.0003;-0.2232;0.4836;0.6763;25.834558
1283;11659;0.0003;-0.2237;0.4842;0.6803;25.834559
1283;11660;0.0003;-0.2239;0.4843;0.6863;25.834560
1283;11661;0.0003;-0.2240;0.4841;0.6923;25.834561
1283;11662;0.0003;-0.2241;0.4840;0.6903;25.834562
1283;11663;0.0003;-0.2240;0.4835;0.6863;25.834563
1283;11664;0.0003;-0.2241;0.4831;0.6883;25.834564
1283;11665;0.0003;-0.2240;0.4825;0.6863;25.834565
1283;11666;0.0003;-0.2242;0.4826;0.6863;25.834566
1283;11667;0.0003;-0.2247;0.4834;0.6903;25.834567
1283;11668;0.0003;-0.2250;0.4836;0.6943;25.834568
1283;11669;0.0003;-0.2253;0.4839;0.6983;25.834569
1283;11670;0.0003;-0.2256;0.4841;0.6943;25.834570
1283;11671;0.0003;-0.2254;0.4834;0.6883;25.834571
1283;11672;0.0003;-0.2254;0.4828;0.6823;25.834572
1283;11673;0.0003;-0.2256;0.4830;0.6803;25.834573
1283;11674;0.0003;-0.2258;0.4829;0.6763;25.834574
1283;11675;0.0003;-0.2255;0.4820;0.6723;25.834575
1283;11676;0.0003;-0.2253;0.4811;0.6703;25.834576
1283;11677;0.0003;-0.2257;0.4817;0.6703;25.834577
1283;11678;0.0003;-0.2263;0.4824;0.6703;25.834578
1283;11679;0.0003;-0.2266;0.4827;0.6663;25.834579
1283;11680;0.0003;-0.2268;0.4829;0.6623;25.834580
1283;11681;0.0003;-0.2266;0.4820;0.6603;25.834581
1283;11682;0.0003;-0.2266;0.4815;0.6603;25.834582
1283;11683;0.0003;-0.2264;0.4808;0.6583;25.834583
1283;11684;0.0003;-0.2266;0.4807;0.6603;25.834584
1283;11685;0.0003;-0.2269;0.4811;0.6603;25.834585
1283;11686;0.0003;-0.2268;0.4804;0.6623;25.834586
1283;11687;0.0003;-0.2266;0.4797;0.6563;25.834587
1283;11688;0.0003;-0.2269;0.4798;0.6483;25.834588
1283;11689;0.0003;-0.2270;0.4798;0.6463;25.834589
1283;11690;0.0003;-0.2271;0.4797;0.6483;25.834590
1283;11691;0.0003;-0.2274;0.4798;0.6463;25.834591
1283;11692;0.0003;-0.2278;0.4804;0.6443;25.834592
1283;11693;0.0003;-0.2281;0.4806;0.6443;25.834593
1283;11694;0.0003;-0.2283;0.4805;0.6423;25.834594
1283;11695;0.0003;-0.2285;0.4806;0.6483;25.834595
1283;11696;0.0003;-0.2288;0.4809;0.6583;25.834596
1283;11697;0.0003;-0.2291;0.4811;0.6703;25.834597
1283;11698;0.0003;-0.2290;0.4806;0.6783;25.834598
1283;11699;0.0003;-0.2286;0.4794;0.6923;25.834599
1283;11700;0.0003;-0.2285;0.4788;0.7183;25.834600
1283;11701;0.0003;-0.2287;0.4787;0.7524;25.834601
1283;11702;0.0003;-0.2287;0.4785;0.7944;25.834602
1283;11703;0.0003;-0.2292;0.4791;0.8364;25.834603
1283;11704;0.0003;-0.2294;0.4791;0.8704;25.834604
1283;11705;0.0003;-0.2294;0.4788;0.9044;25.834605
1283;11706;0.0003;-0.2296;0.4788;0.9284;25.834606
1283;11707;0.0003;-0.2296;0.4785;0.9384;25.834607
1283;11708;0.0003;-0.2296;0.4780;0.9344;25.834608
1283;11709;0.0003;-0.2298;0.4780;0.9284;25.834609
1283;11710;0.0003;-0.2303;0.4786;0.9284;25.834610
1283;11711;0.0003;-0.2304;0.4787;0.9144;25.834611
1283;11712;0.0003;-0.2309;0.4791;0.8844;25.834612
1283;11713;0.0003;-0.2307;0.4785;0.8604;25.834613
1283;11714;0.0003;-0.2305;0.4776;0.8344;25.834614
1283;11715;0.0003;-0.2306;0.4775;0.8004;25.834615
1283;11716;0.0003;-0.2313;0.4785;0.7644;25.834616
1283;11717;0.0003;-0.2320;0.4797;0.7303;25.834617
1283;11718;0.0003;-0.2326;0.4804;0.7083;25.834618
1283;11719;0.0003;-0.2325;0.4799;0.6843;25.834619
1283;11720;0.0003;-0.2326;0.4798;0.6663;25.834620
1283;11721;0.0003;-0.2327;0.4796;0.6523;25.834621
1283;11722;0.0003;-0.2327;0.4792;0.6423;25.834622
1283;11723;0.0003;-0.2330;0.4794;0.6463;25.834623
1283;11724;0.0003;-0.2335;0.4800;0.6503;25.834624
1283;11725;0.0003;-0.2337;0.4802;0.6583;25.834625
1283;11726;0.0003;-0.2340;0.4805;0.6723;25.834626
1283;11727;0.0003;-0.2343;0.4807;0.6883;25.834627
1283;11728;0.0003;-0.2349;0.4816;0.7063;25.834628
1283;11729;0.0003;-0.2353;0.4819;0.7243;25.834629
1283;11730;0.0003;-0.2355;0.4819;0.7504;25.834630
1283;11731;0.0003;-0.2356;0.4818;0.7824;25.834631
1283;11732;0.0003;-0.2358;0.4818;0.8244;25.834632
1283;11733;0.0003;-0.2360;0.4819;0.8764;25.834633
1283;11734;0.0003;-0.2360;0.4815;0.9364;25.834634
1283;11735;0.0003;-0.2363;0.4817;1.0185;25.834635
1283;11736;0.0003;-0.2367;0.4821;1.1285;25.834636
1283;11737;0.0003;-0.2367;0.4818;1.2706;25.834637
1283;11738;0.0003;-0.2366;0.4812;1.4587;25.834638
1283;11739;0.0003;-0.2361;0.4799;1.6948;25.834639
1283;11740;0.0003;-0.2359;0.4789;1.9309;25.834640
1283;11741;0.0003;-0.2369;0.4807;2.1190;25.834641
1283;11742;0.0003;-0.2378;0.4821;2.3571;25.834642
1283;11743;0.0003;-0.2382;0.4826;2.6613;25.834643
1283;11744;0.0003;-0.2382;0.4823;3.0114;25.834644
1283;11745;0.0003;-0.2384;0.4823;3.3516;25.834645
1283;11746;0.0003;-0.2387;0.4825;3.6798;25.834646
1283;11747;0.0003;-0.2389;0.4825;3.9979;25.834647
1283;11748;0.0003;-0.2390;0.4823;4.2580;25.834648
1283;11749;0.0003;-0.2391;0.4822;4.4001;25.834649
1283;11750;0.0003;-0.2393;0.4822;4.4481;25.834650
1283;11751;0.0003;-0.2393;0.4819;4.4261;25.834651
1283;11752;0.0003;-0.2393;0.4816;4.3821;25.834652
1283;11753;0.0003;-0.2395;0.4815;4.3801;25.834653
1283;11754;0.0003;-0.2394;0.4811;4.3701;25.834654
1283;11755;0.0003;-0.2395;0.4807;4.3161;25.834655
1283;11756;0.0003;-0.2397;0.4808;4.2560;25.834656
1283;11757;0.0003;-0.2399;0.4808;4.1680;25.834657
1283;11758;0.0003;-0.2400;0.4808;4.0900;25.834658
1283;11759;0.0003;-0.2403;0.4809;4.0719;25.834659
1283;11760;0.0003;-0.2404;0.4807;4.0039;25.834660
1283;11761;0.0003;-0.2406;0.4808;3.9239;25.834661
1283;11762;0.0003;-0.2407;0.4805;3.9119;25.834662
1283;11763;0.0003;-0.2409;0.4807;3.8919;25.834663
1283;11764;0.0003;-0.2412;0.4808;3.8298;25.834664
1283;11765;0.0003;-0.2412;0.4805;3.7878;25.834665
1283;11766;0.0003;-0.2414;0.4804;3.7258;25.834666
1283;11767;0.0003;-0.2414;0.4801;3.6397;25.834667
1283;11768;0.0003;-0.2415;0.4800;3.5597;25.834668
1283;11769;0.0003;-0.2419;0.4804;3.4737;25.834669
1283;11770;0.0003;-0.2420;0.4801;3.4196;25.834670
1283;11771;0.0003;-0.2421;0.4801;3.3956;25.834671
1283;11772;0.0003;-0.2421;0.4797;3.3476;25.834672
1283;11773;0.0003;-0.2423;0.4797;3.2836;25.834673
1283;11774;0.0003;-0.2426;0.4800;3.2355;25.834674
1283;11775;0.0003;-0.2427;0.4798;3.2035;25.834675
1283;11776;0.0003;-0.2427;0.4794;3.1795;25.834676
1283;11777;0.0003;-0.2427;0.4790;3.1355;25.834677
1283;11778;0.0003;-0.2428;0.4788;3.1075;25.834678
1283;11779;0.0003;-0.2431;0.4791;3.1135;25.834679
1283;11780;0.0003;-0.2431;0.4788;3.1535;25.834680
1283;11781;0.0003;-0.2434;0.4789;3.2395;25.834681
1283;11782;0.0003;-0.2436;0.4790;3.3476;25.834682
1283;11783;0.0003;-0.2437;0.4789;3.4757;25.834683
1283;11784;0.0003;-0.2439;0.4789;3.6277;25.834684
1283;11785;0.0003;-0.2440;0.4788;3.7938;25.834685
1283;11786;0.0003;-0.2442;0.4787;3.9579;25.834686
1283;11787;0.0003;-0.2444;0.4787;4.0759;25.834687
1283;11788;0.0003;-0.2446;0.4787;4.1380;25.834688
1283;11789;0.0003;-0.2448;0.4788;4.1380;25.834689
1283;11790;0.0003;-0.2448;0.4785;4.0679;25.834690
1283;11791;0.0003;-0.2450;0.4786;4.0059;25.834691
1283;11792;0.0003;-0.2452;0.4785;3.8939;25.834692
1283;11793;0.0003;-0.2452;0.4782;3.6617;25.834693
1283;11794;0.0003;-0.2454;0.4781;3.4236;25.834694
1283;11795;0.0003;-0.2454;0.4778;3.2275;25.834695
1283;11796;0.0003;-0.2454;0.4775;3.0455;25.834696
1283;11797;0.0003;-0.2454;0.4771;2.8273;25.834697
1283;11798;0.0003;-0.2453;0.4766;2.5752;25.834698
1283;11799;0.0003;-0.2455;0.4766;2.3311;25.834699
1283;11800;0.0003;-0.2460;0.4772;2.1050;25.834700
1283;11801;0.0003;-0.2463;0.4774;1.8969;25.834701
1283;11802;0.0003;-0.2463;0.4771;1.7088;25.834702
1283;11803;0.0003;-0.2462;0.4764;1.5267;25.834703
1283;11804;0.0003;-0.2463;0.4764;1.3827;25.834704
1283;11805;0.0003;-0.2468;0.4770;1.2846;25.834705
1283;11806;0.0003;-0.2473;0.4775;1.2166;25.834706
1283;11807;0.0003;-0.2477;0.4780;1.1646;25.834707
1283;11808;0.0003;-0.2479;0.4780;1.1085;25.834708
1283;11809;0.0003;-0.2481;0.4781;1.0665;25.834709
1283;11810;0.0003;-0.2481;0.4776;1.0385;25.834710
1283;11811;0.0003;-0.2481;0.4773;1.0165;25.834711
1283;11812;0.0003;-0.2485;0.4777;1.0065;25.834712
1283;11813;0.0003;-0.2484;0.4772;1.0025;25.834713
1283;11814;0.0003;-0.2483;0.4766;0.9945;25.834714
1283;11815;0.0003;-0.2488;0.4772;0.9785;25.834715
1283;11816;0.0003;-0.2490;0.4773;0.9745;25.834716
1283;11817;0.0003;-0.2492;0.4773;0.9905;25.834717
1283;11818;0.0003;-0.2496;0.4776;1.0065;25.834718
1283;11819;0.0003;-0.2498;0.4777;1.0245;25.834719
1283;11820;0.0003;-0.2500;0.4776;1.0485;25.834720
1283;11821;0.0003;-0.2498;0.4769;1.0825;25.834721
1283;11822;0.0003;-0.2498;0.4767;1.1185;25.834722
1283;11823;0.0003;-0.2499;0.4764;1.1465;25.834723
1283;11824;0.0003;-0.2500;0.4763;1.1746;25.834724
1283;11825;0.0003;-0.2503;0.4764;1.1986;25.834725
1283;11826;0.0003;-0.2503;0.4762;1.2246;25.834726
1283;11827;0.0003;-0.2504;0.4759;1.2566;25.834727
1283;11828;0.0003;-0.2504;0.4756;1.2826;25.834728
1283;11829;0.0003;-0.2507;0.4758;1.2986;25.834729
1283;11830;0.0003;-0.2511;0.4762;1.3166;25.834730
1283;11831;0.0003;-0.2510;0.4758;1.3326;25.834731
1283;11832;0.0003;-0.2511;0.4755;1.3346;25.834732
1283;11833;0.0003;-0.2513;0.4756;1.3186;25.834733
1283;11834;0.0003;-0.2514;0.4753;1.3086;25.834734
1283;11835;0.0003;-0.2514;0.4750;1.3066;25.834735
1283;11836;0.0003;-0.2514;0.4746;1.3126;25.834736
1283;11837;0.0003;-0.2516;0.4747;1.3306;25.834737
1283;11838;0.0003;-0.2518;0.4748;1.3366;25.834738
1283;11839;0.0003;-0.2516;0.4741;1.3206;25.834739
1283;11840;0.0003;-0.2517;0.4739;1.2946;25.834740
1283;11841;0.0003;-0.2519;0.4740;1.2726;25.834741
1283;11842;0.0003;-0.2523;0.4743;1.2706;25.834742
1283;11843;0.0003;-0.2525;0.4744;1.2786;25.834743
1283;11844;0.0003;-0.2525;0.4739;1.2946;25.834744
1283;11845;0.0003;-0.2525;0.4736;1.3166;25.834745
1283;11846;0.0003;-0.2525;0.4732;1.3146;25.834746
1283;11847;0.0003;-0.2526;0.4730;1.2786;25.834747
1283;11848;0.0003;-0.2528;0.4731;1.2306;25.834748
1283;11849;0.0003;-0.2529;0.4730;1.1926;25.834749
1283;11850;0.0003;-0.2530;0.4728;1.1425;25.834750
1283;11851;0.0003;-0.2529;0.4722;1.0805;25.834751
1283;11852;0.0003;-0.2528;0.4717;1.0505;25.834752
1283;11853;0.0003;-0.2527;0.4712;1.0465;25.834753
1283;11854;0.0003;-0.2525;0.4706;1.0565;25.834754
1283;11855;0.0003;-0.2527;0.4705;1.0645;25.834755
1283;11856;0.0003;-0.2527;0.4701;1.0485;25.834756
1283;11857;0.0003;-0.2526;0.4696;1.0125;25.834757
1283;11858;0.0003;-0.2527;0.4694;0.9845;25.834758
1283;11859;0.0003;-0.2526;0.4689;0.9745;25.834759
1283;11860;0.0003;-0.2524;0.4683;0.9745;25.834760
1283;11861;0.0003;-0.2521;0.4673;0.9805;25.834761
1283;11862;0.0003;-0.2520;0.4667;0.9845;25.834762
1283;11863;0.0003;-0.2522;0.4668;0.9705;25.834763
1283;11864;0.0003;-0.2522;0.4665;0.9384;25.834764
1283;11865;0.0003;-0.2522;0.4662;0.9004;25.834765
1283;11866;0.0003;-0.2523;0.4659;0.8761;25.834766
1283;11867;0.0003;-0.2524;0.4659;0.8640;25.834767
1283;11868;0.0003;-0.2527;0.4660;0.8524;25.834768
1283;11869;0.0003;-0.2529;0.4661;0.8384;25.834769
1283;11870;0.0003;-0.2533;0.4664;0.8284;25.834770
1283;11871;0.0003;-0.2532;0.4659;0.8244;25.834771
1283;11872;0.0003;-0.2529;0.4650;0.8198;25.834772
1283;11873;0.0003;-0.2527;0.4643;0.8017;25.834773
1283;11874;0.0003;-0.2525;0.4636;0.7837;25.834774
1283;11875;0.0003;-0.2522;0.4628;0.7676;25.834775
1283;11876;0.0003;-0.2521;0.4623;0.7455;25.834776
1283;11877;0.0003;-0.2524;0.4624;0.7214;25.834777
1283;11878;0.0003;-0.2528;0.4629;0.6972;25.834778
1283;11879;0.0003;-0.2530;0.4629;0.6671;25.834779
1283;11880;0.0003;-0.2530;0.4626;0.6329;25.834780
1283;11881;0.0003;-0.2532;0.4625;0.5988;25.834781
1283;11882;0.0003;-0.2531;0.4621;0.5666;25.834782
1283;11883;0.0003;-0.2536;0.4626;0.5385;25.834783
1283;11884;0.0003;-0.2543;0.4635;0.5104;25.834784
1283;11885;0.0003;-0.2547;0.4638;0.4822;25.834785
1283;11886;0.0003;-0.2547;0.4636;0.4581;25.834786
1283;11887;0.0003;-0.2548;0.4634;0.4401;25.834787
1283;11888;0.0003;-0.2551;0.4636;0.4220;25.834788
1283;11889;0.0003;-0.2551;0.4633;0.4119;25.834789
1283;11890;0.0003;-0.2551;0.4630;0.4039;25.834790
1283;11891;0.0003;-0.2550;0.4625;0.3958;25.834791
1283;11892;0.0003;-0.2546;0.4615;0.3918;25.834792
1283;11893;0.0003;-0.2553;0.4623;0.3938;25.834793
1283;11894;0.0003;-0.2564;0.4639;0.3862;25.834794
1283;11895;0.0003;-0.2563;0.4634;0.3737;25.834795
1283;11896;0.0003;-0.2558;0.4622;0.3697;25.834796
1283;11897;0.0003;-0.2554;0.4611;0.3737;25.834797
1283;11898;0.0003;-0.2550;0.4601;0.3798;25.834798
1283;11899;0.0003;-0.2540;0.4580;0.3979;25.834799
1283;11900;0.0003;-0.2531;0.4561;0.4280;25.834800
1283;11901;0.0003;-0.2529;0.4552;0.4662;25.834801
1283;11902;0.0003;-0.2523;0.4539;0.5102;25.834802
1283;11903;0.0003;-0.2521;0.4533;0.5606;25.834803
1283;11904;0.0003;-0.2520;0.4528;0.6211;25.834804
1283;11905;0.0003;-0.2517;0.4519;0.6897;25.834805
1283;11906;0.0003;-0.2514;0.4510;0.7643;25.834806
1283;11907;0.0003;-0.2512;0.4503;0.8288;25.834807
1283;11908;0.0003;-0.2512;0.4501;0.8913;25.834808
1283;11909;0.0003;-0.2510;0.4494;0.9397;25.834809
1283;11910;0.0003;-0.2507;0.4485;0.9781;25.834810
1283;11911;0.0003;-0.2507;0.4482;1.0164;25.834811
1283;11912;0.0003;-0.2507;0.4478;1.0506;25.834812
1283;11913;0.0003;-0.2511;0.4482;1.0748;25.834813
1283;11914;0.0003;-0.2512;0.4480;1.0849;25.834814
1283;11915;0.0003;-0.2507;0.4468;1.0829;25.834815
1283;11916;0.0003;-0.2507;0.4466;1.0748;25.834816
1283;11917;0.0003;-0.2510;0.4467;1.0607;25.834817
1283;11918;0.0003;-0.2513;0.4469;1.0527;25.834818
1283;11919;0.0003;-0.2513;0.4466;1.0506;25.834819
1283;11920;0.0003;-0.2509;0.4457;1.0607;25.834820
1283;11921;0.0003;-0.2508;0.4451;1.0688;25.834821
1283;11922;0.0003;-0.2510;0.4452;1.0688;25.834822
1283;11923;0.0003;-0.2516;0.4459;1.0789;25.834823
1283;11924;0.0003;-0.2521;0.4464;1.0970;25.834824
1283;11925;0.0003;-0.2522;0.4463;1.1132;25.834825
1283;11926;0.0003;-0.2521;0.4458;1.1212;25.834826
1283;11927;0.0003;-0.2520;0.4454;1.1192;25.834827
1283;11928;0.0003;-0.2521;0.4452;1.1232;25.834828
1283;11929;0.0003;-0.2523;0.4451;1.1313;25.834829
1283;11930;0.0003;-0.2524;0.4451;1.1313;25.834830
1283;11931;0.0003;-0.2529;0.4457;1.1232;25.834831
1283;11932;0.0003;-0.2536;0.4466;1.1031;25.834832
1283;11933;0.0003;-0.2543;0.4475;1.0849;25.834833
1283;11934;0.0003;-0.2552;0.4487;1.0648;25.834834
1283;11935;0.0003;-0.2559;0.4497;1.0345;25.834835
1283;11936;0.0003;-0.2570;0.4513;1.0083;25.834836
1283;11937;0.0003;-0.2581;0.4529;0.9866;25.834837
1283;11938;0.0003;-0.2590;0.4542;0.9665;25.834838
1283;11939;0.0003;-0.2602;0.4559;0.9585;25.834839
1283;11940;0.0003;-0.2612;0.4572;0.9524;25.834840
1283;11941;0.0003;-0.2621;0.4586;0.9464;25.834841
1283;11942;0.0003;-0.2628;0.4595;0.9424;25.834842
1283;11943;0.0003;-0.2631;0.4596;0.9484;25.834843
1283;11944;0.0003;-0.2637;0.4604;0.9505;25.834844
1283;11945;0.0003;-0.2645;0.4615;0.9565;25.834845
1283;11946;0.0003;-0.2649;0.4618;0.9645;25.834846
1283;11947;0.0003;-0.2648;0.4613;0.9725;25.834847
1283;11948;0.0003;-0.2648;0.4610;0.9865;25.834848
1283;11949;0.0003;-0.2653;0.4615;0.9965;25.834849
1283;11950;0.0003;-0.2653;0.4613;0.9945;25.834850
1283;11951;0.0003;-0.2652;0.4608;0.9905;25.834851
1283;11952;0.0003;-0.2654;0.4607;0.9865;25.834852
1283;11953;0.0003;-0.2659;0.4612;0.9845;25.834853
1283;11954;0.0003;-0.2665;0.4619;0.9865;25.834854
1283;11955;0.0003;-0.2666;0.4618;0.9865;25.834855
1283;11956;0.0003;-0.2665;0.4612;0.9905;25.834856
1283;11957;0.0003;-0.2665;0.4611;0.9925;25.834857
1283;11958;0.0003;-0.2666;0.4608;0.9865;25.834858
1283;11959;0.0003;-0.2671;0.4613;0.9785;25.834859
1283;11960;0.0003;-0.2674;0.4615;0.9725;25.834860
1283;11961;0.0003;-0.2673;0.4610;0.9685;25.834861
1283;11962;0.0003;-0.2673;0.4606;0.9705;25.834862
1283;11963;0.0003;-0.2673;0.4604;0.9725;25.834863
1283;11964;0.0003;-0.2676;0.4606;0.9685;25.834864
1283;11965;0.0003;-0.2676;0.4602;0.9665;25.834865
1283;11966;0.0003;-0.2676;0.4600;0.9625;25.834866
1283;11967;0.0003;-0.2676;0.4597;0.9565;25.834867
1283;11968;0.0003;-0.2675;0.4592;0.9565;25.834868
1283;11969;0.0003;-0.2677;0.4591;0.9565;25.834869
1283;11970;0.0003;-0.2680;0.4594;0.9505;25.834870
1283;11971;0.0003;-0.2682;0.4594;0.9465;25.834871
1283;11972;0.0003;-0.2687;0.4598;0.9364;25.834872
1283;11973;0.0003;-0.2687;0.4596;0.9284;25.834873
1283;11974;0.0003;-0.2685;0.4589;0.9244;25.834874
1283;11975;0.0003;-0.2682;0.4580;0.9184;25.834875
1283;11976;0.0003;-0.2682;0.4578;0.9124;25.834876
1283;11977;0.0003;-0.2687;0.4583;0.9064;25.834877
1283;11978;0.0003;-0.2691;0.4587;0.8964;25.834878
1283;11979;0.0003;-0.2690;0.4581;0.8864;25.834879
1283;11980;0.0003;-0.2690;0.4578;0.8844;25.834880
1283;11981;0.0003;-0.2689;0.4574;0.8884;25.834881
1283;11982;0.0003;-0.2691;0.4574;0.8864;25.834882
1283;11983;0.0003;-0.2694;0.4575;0.8784;25.834883
1283;11984;0.0003;-0.2697;0.4577;0.8744;25.834884
1283;11985;0.0003;-0.2700;0.4580;0.8764;25.834885
1283;11986;0.0003;-0.2697;0.4571;0.8804;25.834886
1283;11987;0.0003;-0.2696;0.4566;0.8844;25.834887
1283;11988;0.0003;-0.2700;0.4569;0.8864;25.834888
1283;11989;0.0003;-0.2704;0.4573;0.8884;25.834889
1283;11990;0.0003;-0.2708;0.4577;0.8904;25.834890
1283;11991;0.0003;-0.2707;0.4571;0.8944;25.834891
1283;11992;0.0003;-0.2707;0.4568;0.9024;25.834892
1283;11993;0.0003;-0.2707;0.4565;0.9044;25.834893
1283;11994;0.0003;-0.2706;0.4561;0.9044;25.834894
1283;11995;0.0003;-0.2710;0.4564;0.9004;25.834895
1283;11996;0.0003;-0.2709;0.4559;0.8904;25.834896
1283;11997;0.0003;-0.2711;0.4559;0.8904;25.834897
1283;11998;0.0003;-0.2715;0.4563;0.8944;25.834898
1283;11999;0.0003;-0.2720;0.4568;0.8964;25.834899
1283;12000;0.0003;-0.2726;0.4575;0.8924;25.834900
1283;12001;0.0003;-0.2728;0.4575;0.8864;25.834901
1283;12002;0.0003;-0.2728;0.4572;0.8824;25.834902
1283;12003;0.0003;-0.2727;0.4566;0.8784;25.834903
1283;12004;0.0003;-0.2725;0.4560;0.8744;25.834904
1283;12005;0.0003;-0.2727;0.4561;0.8684;25.834905
1283;12006;0.0003;-0.2727;0.4558;0.8584;25.834906
1283;12007;0.0003;-0.2726;0.4552;0.8524;25.834907
1283;12008;0.0003;-0.2726;0.4549;0.8524;25.834908
1283;12009;0.0003;-0.2726;0.4546;0.8524;25.834909
1283;12010;0.0003;-0.2731;0.4551;0.8524;25.834910
1283;12011;0.0003;-0.2733;0.4552;0.8484;25.834911
1283;12012;0.0003;-0.2733;0.4548;0.8464;25.834912
1283;12013;0.0003;-0.2731;0.4543;0.8444;25.834913
1283;12014;0.0003;-0.2730;0.4537;0.8439;25.834914
1283;12015;0.0003;-0.2733;0.4539;0.8419;25.834915
1283;12016;0.0003;-0.2735;0.4538;0.8419;25.834916
1283;12017;0.0003;-0.2737;0.4539;0.8364;25.834917
1283;12018;0.0003;-0.2742;0.4544;0.8344;25.834918
1283;12019;0.0003;-0.2743;0.4544;0.8344;25.834919
1283;12020;0.0003;-0.2744;0.4541;0.8384;25.834920
1283;12021;0.0003;-0.2742;0.4536;0.8384;25.834921
1283;12022;0.0003;-0.2743;0.4533;0.8419;25.834922
1283;12023;0.0003;-0.2747;0.4537;0.8384;25.834923
1283;12024;0.0003;-0.2748;0.4536;0.8364;25.834924
1283;12025;0.0003;-0.2748;0.4532;0.8304;25.834925
1283;12026;0.0003;-0.2744;0.4522;0.8258;25.834926
1283;12027;0.0003;-0.2742;0.4515;0.8299;25.834927
1283;12028;0.0003;-0.2745;0.4518;0.8419;25.834928
1283;12029;0.0003;-0.2749;0.4521;0.8500;25.834929
1283;12030;0.0003;-0.2752;0.4524;0.8540;25.834930
1283;12031;0.0003;-0.2751;0.4518;0.8560;25.834931
1283;12032;0.0003;-0.2747;0.4509;0.8540;25.834932
1283;12033;0.0003;-0.2750;0.4510;0.8500;25.834933
1283;12034;0.0003;-0.2754;0.4515;0.8520;25.834934
1283;12035;0.0003;-0.2756;0.4515;0.8500;25.834935
1283;12036;0.0003;-0.2758;0.4514;0.8419;25.834936
1283;12037;0.0003;-0.2758;0.4512;0.8359;25.834937
1283;12038;0.0003;-0.2760;0.4511;0.8339;25.834938
1283;12039;0.0003;-0.2761;0.4510;0.8299;25.834939
1283;12040;0.0003;-0.2767;0.4516;0.8218;25.834940
1283;12041;0.0003;-0.2772;0.4522;0.8184;25.834941
1283;12042;0.0003;-0.2774;0.4522;0.8224;25.834942
1283;12043;0.0003;-0.2778;0.4525;0.8204;25.834943
1283;12044;0.0003;-0.2780;0.4526;0.8044;25.834944
1283;12045;0.0003;-0.2776;0.4516;0.7944;25.834945
1283;12046;0.0003;-0.2771;0.4505;0.7957;25.834946
1283;12047;0.0003;-0.2766;0.4493;0.7957;25.834947
1283;12048;0.0003;-0.2770;0.4497;0.7937;25.834948
1283;12049;0.0003;-0.2775;0.4502;0.7937;25.834949
1283;12050;0.0003;-0.2778;0.4504;0.7917;25.834950
1283;12051;0.0003;-0.2781;0.4504;0.7877;25.834951
1283;12052;0.0003;-0.2779;0.4500;0.7857;25.834952
1283;12053;0.0003;-0.2781;0.4499;0.7877;25.834953
1283;12054;0.0003;-0.2784;0.4502;0.7897;25.834954
1283;12055;0.0003;-0.2785;0.4499;0.7977;25.834955
1283;12056;0.0003;-0.2785;0.4496;0.8017;25.834956
1283;12057;0.0003;-0.2782;0.4489;0.7997;25.834957
1283;12058;0.0003;-0.2783;0.4487;0.7977;25.834958
1283;12059;0.0003;-0.2784;0.4486;0.7957;25.834959
1283;12060;0.0003;-0.2783;0.4482;0.8037;25.834960
1283;12061;0.0003;-0.2785;0.4481;0.8118;25.834961
1283;12062;0.0003;-0.2786;0.4480;0.8078;25.834962
1283;12063;0.0003;-0.2791;0.4485;0.8017;25.834963
1283;12064;0.0003;-0.2795;0.4487;0.7997;25.834964
1283;12065;0.0003;-0.2793;0.4482;0.8078;25.834965
1283;12066;0.0003;-0.2793;0.4478;0.8118;25.834966
1283;12067;0.0003;-0.2795;0.4479;0.8078;25.834967
1283;12068;0.0003;-0.2798;0.4480;0.8058;25.834968
1283;12069;0.0003;-0.2800;0.4481;0.8098;25.834969
1283;12070;0.0003;-0.2803;0.4482;0.8138;25.834970
1283;12071;0.0003;-0.2806;0.4484;0.8138;25.834971
1283;12072;0.0003;-0.2804;0.4477;0.8017;25.834972
1283;12073;0.0003;-0.2801;0.4470;0.7917;25.834973
1283;12074;0.0003;-0.2801;0.4467;0.7897;25.834974
1283;12075;0.0003;-0.2801;0.4464;0.7877;25.834975
1283;12076;0.0003;-0.2805;0.4468;0.7897;25.834976
1283;12077;0.0003;-0.2807;0.4467;0.7877;25.834977
1283;12078;0.0003;-0.2804;0.4460;0.7877;25.834978
1283;12079;0.0003;-0.2808;0.4463;0.7877;25.834979
1283;12080;0.0003;-0.2809;0.4462;0.7917;25.834980
1283;12081;0.0003;-0.2808;0.4457;0.7937;25.834981
1283;12082;0.0003;-0.2807;0.4452;0.7877;25.834982
1283;12083;0.0003;-0.2811;0.4456;0.7796;25.834983
1283;12084;0.0003;-0.2816;0.4461;0.7796;25.834984
1283;12085;0.0003;-0.2816;0.4458;0.7776;25.834985
1283;12086;0.0003;-0.2818;0.4457;0.7696;25.834986
1283;12087;0.0003;-0.2818;0.4454;0.7676;25.834987
1283;12088;0.0003;-0.2819;0.4453;0.7716;25.834988
1283;12089;0.0003;-0.2823;0.4456;0.7736;25.834989
1283;12090;0.0003;-0.2823;0.4453;0.7756;25.834990
1283;12091;0.0003;-0.2823;0.4451;0.7756;25.834991
1283;12092;0.0003;-0.2825;0.4450;0.7736;25.834992
1283;12093;0.0003;-0.2824;0.4446;0.7756;25.834993
1283;12094;0.0003;-0.2826;0.4446;0.7837;25.834994
1283;12095;0.0003;-0.2826;0.4443;0.7897;25.834995
1283;12096;0.0003;-0.2828;0.4444;0.7877;25.834996
1283;12097;0.0003;-0.2828;0.4439;0.7837;25.834997
1283;12098;0.0003;-0.2825;0.4433;0.7857;25.834998
1283;12099;0.0003;-0.2832;0.4439;0.7917;25.834999
1283;12100;0.0003;-0.2839;0.4449;0.7897;25.835000
1283;12101;0.0003;-0.2842;0.4449;0.7796;25.835001
1283;12102;0.0003;-0.2842;0.4447;0.7776;25.835002
1283;12103;0.0003;-0.2842;0.4444;0.7837;25.835003
1283;12104;0.0003;-0.2843;0.4443;0.7937;25.835004
1283;12105;0.0003;-0.2846;0.4444;0.7937;25.835005
1283;12106;0.0003;-0.2850;0.4448;0.7857;25.835006
1283;12107;0.0003;-0.2851;0.4447;0.7816;25.835007
1283;12108;0.0003;-0.2849;0.4439;0.7776;25.835008
1283;12109;0.0003;-0.2847;0.4433;0.7736;25.835009
1283;12110;0.0003;-0.2845;0.4428;0.7736;25.835010
1283;12111;0.0003;-0.2844;0.4423;0.7696;25.835011
1283;12112;0.0003;-0.2843;0.4419;0.7656;25.835012
1283;12113;0.0003;-0.2842;0.4414;0.7676;25.835013
1283;12114;0.0003;-0.2843;0.4413;0.7736;25.835014
1283;12115;0.0003;-0.2844;0.4412;0.7736;25.835015
1283;12116;0.0003;-0.2847;0.4414;0.7736;25.835016
1283;12117;0.0003;-0.2852;0.4418;0.7756;25.835017
1283;12118;0.0003;-0.2852;0.4415;0.7736;25.835018
1283;12119;0.0003;-0.2856;0.4418;0.7636;25.835019
1283;12120;0.0003;-0.2863;0.4425;0.7555;25.835020
1283;12121;0.0003;-0.2870;0.4434;0.7555;25.835021
1283;12122;0.0003;-0.2875;0.4439;0.7656;25.835022
1283;12123;0.0003;-0.2870;0.4427;0.7716;25.835023
1283;12124;0.0003;-0.2860;0.4410;0.7716;25.835024
1283;12125;0.0003;-0.2859;0.4405;0.7736;25.835025
1283;12126;0.0003;-0.2862;0.4407;0.7776;25.835026
1283;12127;0.0003;-0.2868;0.4413;0.7796;25.835027
1283;12128;0.0003;-0.2871;0.4414;0.7736;25.835028
1283;12129;0.0003;-0.2870;0.4410;0.7656;25.835029
1283;12130;0.0003;-0.2869;0.4405;0.7636;25.835030
1283;12131;0.0003;-0.2869;0.4402;0.7716;25.835031
1283;12132;0.0003;-0.2875;0.4409;0.7756;25.835032
1283;12133;0.0003;-0.2880;0.4414;0.7716;25.835033
1283;12134;0.0003;-0.2878;0.4407;0.7656;25.835034
1283;12135;0.0003;-0.2874;0.4399;0.7696;25.835035
1283;12136;0.0003;-0.2874;0.4395;0.7736;25.835036
1283;12137;0.0003;-0.2879;0.4400;0.7736;25.835037
1283;12138;0.0003;-0.2883;0.4404;0.7716;25.835038
1283;12139;0.0003;-0.2887;0.4407;0.7716;25.835039
1283;12140;0.0003;-0.2888;0.4405;0.7837;25.835040
1283;12141;0.0003;-0.2883;0.4395;0.7917;25.835041
1283;12142;0.0003;-0.2882;0.4390;0.7897;25.835042
1283;12143;0.0003;-0.2884;0.4390;0.7877;25.835043
1283;12144;0.0003;-0.2883;0.4385;0.7897;25.835044
1283;12145;0.0003;-0.2887;0.4388;0.7897;25.835045
1283;12146;0.0003;-0.2890;0.4391;0.7857;25.835046
1283;12147;0.0003;-0.2893;0.4391;0.7897;25.835047
1283;12148;0.0003;-0.2893;0.4389;0.7857;25.835048
1283;12149;0.0003;-0.2893;0.4386;0.7776;25.835049
1283;12150;0.0003;-0.2898;0.4390;0.7756;25.835050
1283;12151;0.0003;-0.2900;0.4390;0.7816;25.835051
1283;12152;0.0003;-0.2897;0.4384;0.7877;25.835052
1283;12153;0.0003;-0.2893;0.4374;0.7837;25.835053
1283;12154;0.0003;-0.2893;0.4372;0.7796;25.835054
1283;12155;0.0003;-0.2896;0.4373;0.7796;25.835055
1283;12156;0.0003;-0.2898;0.4373;0.7736;25.835056
1283;12157;0.0003;-0.2906;0.4383;0.7736;25.835057
1283;12158;0.0003;-0.2913;0.4389;0.7776;25.835058
1283;12159;0.0003;-0.2909;0.4381;0.7716;25.835059
1283;12160;0.0003;-0.2903;0.4369;0.7736;25.835060
1283;12161;0.0003;-0.2903;0.4366;0.7796;25.835061
1283;12162;0.0003;-0.2909;0.4372;0.7837;25.835062
1283;12163;0.0003;-0.2917;0.4381;0.7837;25.835063
1283;12164;0.0003;-0.2917;0.4378;0.7796;25.835064
1283;12165;0.0003;-0.2915;0.4372;0.7796;25.835065
1283;12166;0.0003;-0.2916;0.4371;0.7756;25.835066
1283;12167;0.0003;-0.2919;0.4372;0.7696;25.835067
1283;12168;0.0003;-0.2918;0.4368;0.7696;25.835068
1283;12169;0.0003;-0.2913;0.4358;0.7716;25.835069
1283;12170;0.0003;-0.2910;0.4350;0.7736;25.835070
1283;12171;0.0003;-0.2911;0.4349;0.7756;25.835071
1283;12172;0.0003;-0.2919;0.4358;0.7756;25.835072
1283;12173;0.0003;-0.2928;0.4368;0.7756;25.835073
1283;12174;0.0003;-0.2930;0.4369;0.7796;25.835074
1283;12175;0.0003;-0.2929;0.4365;0.7877;25.835075
1283;12176;0.0003;-0.2928;0.4360;0.7937;25.835076
1283;12177;0.0003;-0.2922;0.4348;0.7937;25.835077
1283;12178;0.0003;-0.2923;0.4347;0.7897;25.835078
1283;12179;0.0003;-0.2926;0.4348;0.7877;25.835079
1283;12180;0.0003;-0.2930;0.4351;0.7897;25.835080
1283;12181;0.0003;-0.2932;0.4352;0.7957;25.835081
1283;12182;0.0003;-0.2931;0.4347;0.8017;25.835082
1283;12183;0.0003;-0.2936;0.4352;0.8058;25.835083
1283;12184;0.0003;-0.2941;0.4357;0.8037;25.835084
1283;12185;0.0003;-0.2944;0.4357;0.8017;25.835085
1283;12186;0.0003;-0.2945;0.4356;0.8017;25.835086
1283;12187;0.0003;-0.2944;0.4352;0.7997;25.835087
1283;12188;0.0003;-0.2943;0.4347;0.8017;25.835088
1283;12189;0.0003;-0.2939;0.4339;0.8058;25.835089
1283;12190;0.0003;-0.2939;0.4335;0.8098;25.835090
1283;12191;0.0003;-0.2944;0.4341;0.8078;25.835091
1283;12192;0.0003;-0.2948;0.4344;0.8118;25.835092
1283;12193;0.0003;-0.2949;0.4343;0.8158;25.835093
1283;12194;0.0003;-0.2952;0.4343;0.8138;25.835094
1283;12195;0.0003;-0.2954;0.4343;0.8118;25.835095
1283;12196;0.0003;-0.2956;0.4344;0.8118;25.835096
1283;12197;0.0003;-0.2956;0.4341;0.8178;25.835097
1283;12198;0.0003;-0.2957;0.4340;0.8319;25.835098
1283;12199;0.0003;-0.2956;0.4336;0.8299;25.835099
1283;12200;0.0003;-0.2956;0.4332;0.8218;25.835100
1283;12201;0.0003;-0.2958;0.4332;0.8198;25.835101
1283;12202;0.0003;-0.2959;0.4331;0.8178;25.835102
1283;12203;0.0003;-0.2959;0.4328;0.8158;25.835103
1283;12204;0.0003;-0.2957;0.4323;0.8138;25.835104
1283;12205;0.0003;-0.2955;0.4317;0.8178;25.835105
1283;12206;0.0003;-0.2960;0.4322;0.8198;25.835106
1283;12207;0.0003;-0.2963;0.4323;0.8118;25.835107
1283;12208;0.0003;-0.2964;0.4322;0.8058;25.835108
1283;12209;0.0003;-0.2964;0.4318;0.8037;25.835109
1283;12210;0.0003;-0.2964;0.4316;0.8078;25.835110
1283;12211;0.0003;-0.2969;0.4321;0.8078;25.835111
1283;12212;0.0003;-0.2968;0.4316;0.8058;25.835112
1283;12213;0.0003;-0.2971;0.4317;0.8138;25.835113
1283;12214;0.0003;-0.2975;0.4320;0.8178;25.835114
1283;12215;0.0003;-0.2979;0.4323;0.8178;25.835115
1283;12216;0.0003;-0.2984;0.4328;0.8178;25.835116
1283;12217;0.0003;-0.2981;0.4321;0.8158;25.835117
1283;12218;0.0003;-0.2980;0.4317;0.8238;25.835118
1283;12219;0.0003;-0.2985;0.4321;0.8218;25.835119
1283;12220;0.0003;-0.2986;0.4320;0.8138;25.835120
1283;12221;0.0003;-0.2984;0.4314;0.8138;25.835121
1283;12222;0.0003;-0.2987;0.4315;0.8238;25.835122
1283;12223;0.0003;-0.2990;0.4317;0.8299;25.835123
1283;12224;0.0003;-0.2992;0.4317;0.8359;25.835124
1283;12225;0.0003;-0.2994;0.4316;0.8459;25.835125
1283;12226;0.0003;-0.2993;0.4313;0.8520;25.835126
1283;12227;0.0003;-0.2992;0.4308;0.8500;25.835127
1283;12228;0.0003;-0.2995;0.4309;0.8480;25.835128
1283;12229;0.0003;-0.3001;0.4316;0.8399;25.835129
1283;12230;0.0003;-0.3000;0.4311;0.8279;25.835130
1283;12231;0.0003;-0.2997;0.4304;0.8258;25.835131
1283;12232;0.0003;-0.2994;0.4297;0.8339;25.835132
1283;12233;0.0003;-0.2996;0.4297;0.8439;25.835133
1283;12234;0.0003;-0.3005;0.4308;0.8480;25.835134
1283;12235;0.0003;-0.3005;0.4304;0.8459;25.835135
1283;12236;0.0003;-0.3002;0.4298;0.8359;25.835136
1283;12237;0.0003;-0.3001;0.4294;0.8279;25.835137
1283;12238;0.0003;-0.3002;0.4292;0.8279;25.835138
1283;12239;0.0003;-0.3001;0.4288;0.8319;25.835139
1283;12240;0.0003;-0.3001;0.4284;0.8339;25.835140
1283;12241;0.0003;-0.3004;0.4286;0.8319;25.835141
1283;12242;0.0003;-0.3004;0.4283;0.8279;25.835142
1283;12243;0.0003;-0.3005;0.4281;0.8319;25.835143
1283;12244;0.0003;-0.3008;0.4283;0.8419;25.835144
1283;12245;0.0003;-0.3011;0.4285;0.8520;25.835145
1283;12246;0.0003;-0.3013;0.4285;0.8600;25.835146
1283;12247;0.0003;-0.3014;0.4283;0.8620;25.835147
1283;12248;0.0003;-0.3016;0.4283;0.8600;25.835148
1283;12249;0.0003;-0.3020;0.4286;0.8580;25.835149
1283;12250;0.0003;-0.3018;0.4281;0.8580;25.835150
1283;12251;0.0003;-0.3017;0.4276;0.8620;25.835151
1283;12252;0.0003;-0.3017;0.4274;0.8540;25.835152
1283;12253;0.0003;-0.3018;0.4273;0.8480;25.835153
1283;12254;0.0003;-0.3024;0.4278;0.8439;25.835154
1283;12255;0.0003;-0.3023;0.4274;0.8439;25.835155
1283;12256;0.0003;-0.3022;0.4269;0.8439;25.835156
1283;12257;0.0003;-0.3022;0.4267;0.8459;25.835157
1283;12258;0.0003;-0.3025;0.4268;0.8520;25.835158
1283;12259;0.0003;-0.3030;0.4273;0.8580;25.835159
1283;12260;0.0003;-0.3036;0.4278;0.8560;25.835160
1283;12261;0.0003;-0.3037;0.4277;0.8560;25.835161
1283;12262;0.0003;-0.3040;0.4278;0.8459;25.835162
1283;12263;0.0003;-0.3037;0.4271;0.8359;25.835163
1283;12264;0.0003;-0.3033;0.4263;0.8319;25.835164
1283;12265;0.0003;-0.3031;0.4258;0.8258;25.835165
1283;12266;0.0003;-0.3038;0.4264;0.8218;25.835166
1283;12267;0.0003;-0.3046;0.4273;0.8238;25.835167
1283;12268;0.0003;-0.3046;0.4270;0.8279;25.835168
1283;12269;0.0003;-0.3045;0.4265;0.8359;25.835169
1283;12270;0.0003;-0.3043;0.4260;0.8379;25.835170
1283;12271;0.0003;-0.3042;0.4256;0.8359;25.835171
1283;12272;0.0003;-0.3047;0.4260;0.8359;25.835172
1283;12273;0.0003;-0.3048;0.4259;0.8379;25.835173
1283;12274;0.0003;-0.3047;0.4255;0.8299;25.835174
1283;12275;0.0003;-0.3047;0.4252;0.8198;25.835175
1283;12276;0.0003;-0.3050;0.4253;0.8158;25.835176
1283;12277;0.0003;-0.3056;0.4260;0.8218;25.835177
1283;12278;0.0003;-0.3056;0.4257;0.8279;25.835178
1283;12279;0.0003;-0.3055;0.4252;0.8319;25.835179
1283;12280;0.0003;-0.3056;0.4251;0.8359;25.835180
1283;12281;0.0003;-0.3059;0.4253;0.8319;25.835181
1283;12282;0.0003;-0.3060;0.4252;0.8218;25.835182
1283;12283;0.0003;-0.3058;0.4245;0.8198;25.835183
1283;12284;0.0003;-0.3057;0.4242;0.8238;25.835184
1283;12285;0.0003;-0.3059;0.4242;0.8279;25.835185
1283;12286;0.0003;-0.3063;0.4244;0.8258;25.835186
1283;12287;0.0003;-0.3065;0.4245;0.8218;25.835187
1283;12288;0.0003;-0.3064;0.4240;0.8198;25.835188
1283;12289;0.0003;-0.3065;0.4239;0.8258;25.835189
1283;12290;0.0003;-0.3068;0.4240;0.8359;25.835190
1283;12291;0.0003;-0.3066;0.4235;0.8379;25.835191
1283;12292;0.0003;-0.3068;0.4234;0.8339;25.835192
1283;12293;0.0003;-0.3071;0.4236;0.8258;25.835193
1283;12294;0.0003;-0.3071;0.4234;0.8218;25.835194
1283;12295;0.0003;-0.3073;0.4233;0.8238;25.835195
1283;12296;0.0003;-0.3076;0.4234;0.8279;25.835196
1283;12297;0.0003;-0.3079;0.4237;0.8339;25.835197
1283;12298;0.0003;-0.3079;0.4234;0.8339;25.835198
1283;12299;0.0003;-0.3080;0.4232;0.8359;25.835199
1283;12300;0.0003;-0.3080;0.4229;0.8399;25.835200
1283;12301;0.0003;-0.3076;0.4222;0.8399;25.835201
1283;12302;0.0003;-0.3076;0.4219;0.8419;25.835202
1283;12303;0.0003;-0.3082;0.4224;0.8439;25.835203
1283;12304;0.0003;-0.3087;0.4228;0.8419;25.835204
1283;12305;0.0003;-0.3087;0.4226;0.8379;25.835205
1283;12306;0.0003;-0.3082;0.4215;0.8359;25.835206
1283;12307;0.0003;-0.3082;0.4213;0.8399;25.835207
1283;12308;0.0003;-0.3087;0.4217;0.8359;25.835208
1283;12309;0.0003;-0.3090;0.4218;0.8258;25.835209
1283;12310;0.0003;-0.3090;0.4216;0.8198;25.835210
1283;12311;0.0003;-0.3090;0.4213;0.8218;25.835211
1283;12312;0.0003;-0.3095;0.4218;0.8238;25.835212
1283;12313;0.0003;-0.3101;0.4222;0.8198;25.835213
1283;12314;0.0003;-0.3099;0.4217;0.8158;25.835214
1283;12315;0.0003;-0.3097;0.4212;0.8158;25.835215
1283;12316;0.0003;-0.3099;0.4211;0.8138;25.835216
1283;12317;0.0003;-0.3103;0.4215;0.8118;25.835217
1283;12318;0.0003;-0.3105;0.4215;0.8098;25.835218
1283;12319;0.0003;-0.3103;0.4209;0.8138;25.835219
1283;12320;0.0003;-0.3100;0.4202;0.8238;25.835220
1283;12321;0.0003;-0.3098;0.4197;0.8218;25.835221
1283;12322;0.0003;-0.3101;0.4198;0.8118;25.835222
1283;12323;0.0003;-0.3108;0.4205;0.8037;25.835223
1283;12324;0.0003;-0.3110;0.4205;0.8017;25.835224
1283;12325;0.0003;-0.3112;0.4204;0.8037;25.835225
1283;12326;0.0003;-0.3112;0.4202;0.8058;25.835226
1283;12327;0.0003;-0.3112;0.4199;0.8058;25.835227
1283;12328;0.0003;-0.3115;0.4202;0.8017;25.835228
1283;12329;0.0003;-0.3117;0.4201;0.7977;25.835229
1283;12330;0.0003;-0.3118;0.4200;0.7977;25.835230
1283;12331;0.0003;-0.3114;0.4192;0.7997;25.835231
1283;12332;0.0003;-0.3110;0.4183;0.8078;25.835232
1283;12333;0.0003;-0.3110;0.4181;0.8118;25.835233
1283;12334;0.0003;-0.3115;0.4185;0.8118;25.835234
1283;12335;0.0003;-0.3121;0.4190;0.8138;25.835235
1283;12336;0.0003;-0.3123;0.4191;0.8098;25.835236
1283;12337;0.0003;-0.3125;0.4190;0.8037;25.835237
1283;12338;0.0003;-0.3124;0.4186;0.8037;25.835238
1283;12339;0.0003;-0.3126;0.4186;0.8078;25.835239
1283;12340;0.0003;-0.3131;0.4190;0.8098;25.835240
1283;12341;0.0003;-0.3131;0.4188;0.8017;25.835241
1283;12342;0.0003;-0.3128;0.4181;0.7877;25.835242
1283;12343;0.0003;-0.3134;0.4186;0.7837;25.835243
1283;12344;0.0003;-0.3139;0.4190;0.7877;25.835244
1283;12345;0.0003;-0.3138;0.4186;0.7977;25.835245
1283;12346;0.0003;-0.3136;0.4181;0.7997;25.835246
1283;12347;0.0003;-0.3136;0.4178;0.7957;25.835247
1283;12348;0.0003;-0.3136;0.4175;0.7937;25.835248
1283;12349;0.0003;-0.3134;0.4170;0.7917;25.835249
1283;12350;0.0003;-0.3135;0.4169;0.7937;25.835250
1283;12351;0.0003;-0.3141;0.4175;0.7917;25.835251
1283;12352;0.0003;-0.3145;0.4177;0.7857;25.835252
1283;12353;0.0003;-0.3149;0.4180;0.7857;25.835253
1283;12354;0.0003;-0.3151;0.4179;0.7937;25.835254
1283;12355;0.0003;-0.3155;0.4182;0.8017;25.835255
1283;12356;0.0003;-0.3157;0.4183;0.8078;25.835256
1283;12357;0.0003;-0.3154;0.4176;0.8178;25.835257
1283;12358;0.0003;-0.3154;0.4173;0.8258;25.835258
1283;12359;0.0003;-0.3153;0.4169;0.8258;25.835259
1283;12360;0.0003;-0.3157;0.4171;0.8258;25.835260
1283;12361;0.0003;-0.3164;0.4178;0.8258;25.835261
1283;12362;0.0003;-0.3166;0.4178;0.8299;25.835262
1283;12363;0.0003;-0.3165;0.4174;0.8359;25.835263
1283;12364;0.0003;-0.3163;0.4169;0.8419;25.835264
1283;12365;0.0003;-0.3162;0.4164;0.8459;25.835265
1283;12366;0.0003;-0.3165;0.4166;0.8459;25.835266
1283;12367;0.0003;-0.3165;0.4164;0.8459;25.835267
1283;12368;0.0003;-0.3163;0.4158;0.8480;25.835268
1283;12369;0.0003;-0.3164;0.4156;0.8560;25.835269
1283;12370;0.0003;-0.3163;0.4152;0.8640;25.835270
1283;12371;0.0003;-0.3163;0.4150;0.8701;25.835271
1283;12372;0.0003;-0.3163;0.4148;0.8580;25.835272
1283;12373;0.0003;-0.3166;0.4149;0.8480;25.835273
1283;12374;0.0003;-0.3173;0.4156;0.8500;25.835274
1283;12375;0.0003;-0.3173;0.4153;0.8560;25.835275
1283;12376;0.0003;-0.3171;0.4148;0.8580;25.835276
1283;12377;0.0003;-0.3168;0.4142;0.8540;25.835277
1283;12378;0.0003;-0.3171;0.4142;0.8540;25.835278
1283;12379;0.0003;-0.3177;0.4148;0.8520;25.835279
1283;12380;0.0003;-0.3178;0.4147;0.8439;25.835280
1283;12381;0.0003;-0.3178;0.4143;0.8379;25.835281
1283;12382;0.0003;-0.3175;0.4137;0.8339;25.835282
1283;12383;0.0003;-0.3179;0.4140;0.8339;25.835283
1283;12384;0.0003;-0.3186;0.4146;0.8319;25.835284
1283;12385;0.0003;-0.3183;0.4139;0.8299;25.835285
1283;12386;0.0003;-0.3179;0.4131;0.8299;25.835286
1283;12387;0.0003;-0.3179;0.4129;0.8299;25.835287
1283;12388;0.0003;-0.3184;0.4133;0.8359;25.835288
1283;12389;0.0003;-0.3191;0.4139;0.8379;25.835289
1283;12390;0.0003;-0.3192;0.4138;0.8379;25.835290
1283;12391;0.0003;-0.3194;0.4137;0.8399;25.835291
1283;12392;0.0003;-0.3198;0.4140;0.8359;25.835292
1283;12393;0.0003;-0.3199;0.4139;0.8299;25.835293
1283;12394;0.0003;-0.3202;0.4140;0.8279;25.835294
1283;12395;0.0003;-0.3201;0.4137;0.8258;25.835295
1283;12396;0.0003;-0.3199;0.4131;0.8279;25.835296
1283;12397;0.0003;-0.3199;0.4129;0.8339;25.835297
1283;12398;0.0003;-0.3201;0.4129;0.8439;25.835298
1283;12399;0.0003;-0.3206;0.4133;0.8459;25.835299
1283;12400;0.0003;-0.3205;0.4129;0.8399;25.835300
1283;12401;0.0003;-0.3204;0.4125;0.8339;25.835301
1283;12402;0.0003;-0.3206;0.4124;0.8279;25.835302
1283;12403;0.0003;-0.3207;0.4123;0.8299;25.835303
1283;12404;0.0003;-0.3210;0.4125;0.8379;25.835304
1283;12405;0.0003;-0.3212;0.4125;0.8419;25.835305
1283;12406;0.0003;-0.3213;0.4123;0.8359;25.835306
1283;12407;0.0003;-0.3217;0.4126;0.8299;25.835307
1283;12408;0.0003;-0.3218;0.4124;0.8279;25.835308
1283;12409;0.0003;-0.3217;0.4121;0.8339;25.835309
1283;12410;0.0003;-0.3219;0.4120;0.8359;25.835310
1283;12411;0.0003;-0.3219;0.4118;0.8279;25.835311
1283;12412;0.0003;-0.3217;0.4113;0.8218;25.835312
1283;12413;0.0003;-0.3215;0.4108;0.8198;25.835313
1283;12414;0.0003;-0.3216;0.4107;0.8138;25.835314
1283;12415;0.0003;-0.3218;0.4106;0.8078;25.835315
1283;12416;0.0003;-0.3221;0.4107;0.8078;25.835316
1283;12417;0.0003;-0.3225;0.4110;0.8098;25.835317
1283;12418;0.0003;-0.3224;0.4107;0.8098;25.835318
1283;12419;0.0003;-0.3223;0.4103;0.8078;25.835319
1283;12420;0.0003;-0.3223;0.4099;0.8078;25.835320
1283;12421;0.0003;-0.3224;0.4098;0.8118;25.835321
1283;12422;0.0003;-0.3230;0.4103;0.8158;25.835322
1283;12423;0.0003;-0.3231;0.4102;0.8218;25.835323
1283;12424;0.0003;-0.3233;0.4103;0.8339;25.835324
1283;12425;0.0003;-0.3233;0.4100;0.8339;25.835325
1283;12426;0.0003;-0.3235;0.4099;0.8258;25.835326
1283;12427;0.0003;-0.3239;0.4102;0.8198;25.835327
1283;12428;0.0003;-0.3240;0.4101;0.8238;25.835328
1283;12429;0.0003;-0.3240;0.4098;0.8299;25.835329
1283;12430;0.0003;-0.3240;0.4095;0.8319;25.835330
1283;12431;0.0003;-0.3241;0.4094;0.8339;25.835331
1283;12432;0.0003;-0.3244;0.4095;0.8279;25.835332
1283;12433;0.0003;-0.3247;0.4096;0.8218;25.835333
1283;12434;0.0003;-0.3247;0.4093;0.8238;25.835334
1283;12435;0.0003;-0.3247;0.4092;0.8238;25.835335
1283;12436;0.0003;-0.3249;0.4091;0.8238;25.835336
1283;12437;0.0003;-0.3250;0.4090;0.8198;25.835337
1283;12438;0.0003;-0.3250;0.4087;0.8238;25.835338
1283;12439;0.0003;-0.3250;0.4084;0.8279;25.835339
1283;12440;0.0003;-0.3252;0.4085;0.8319;25.835340
1283;12441;0.0003;-0.3252;0.4082;0.8299;25.835341
1283;12442;0.0003;-0.3255;0.4083;0.8279;25.835342
1283;12443;0.0003;-0.3256;0.4082;0.8299;25.835343
1283;12444;0.0003;-0.3259;0.4083;0.8359;25.835344
1283;12445;0.0003;-0.3265;0.4088;0.8419;25.835345
1283;12446;0.0003;-0.3264;0.4085;0.8379;25.835346
1283;12447;0.0003;-0.3262;0.4080;0.8399;25.835347
1283;12448;0.0003;-0.3260;0.4074;0.8500;25.835348
1283;12449;0.0003;-0.3259;0.4071;0.8600;25.835349
1283;12450;0.0003;-0.3262;0.4071;0.8600;25.835350
1283;12451;0.0003;-0.3259;0.4065;0.8680;25.835351
1283;12452;0.0003;-0.3262;0.4066;0.8761;25.835352
1283;12453;0.0003;-0.3272;0.4076;0.8640;25.835353
1283;12454;0.0003;-0.3274;0.4076;0.8580;25.835354
1283;12455;0.0003;-0.3273;0.4072;0.8600;25.835355
1283;12456;0.0003;-0.3272;0.4069;0.8620;25.835356
1283;12457;0.0003;-0.3269;0.4063;0.8600;25.835357
1283;12458;0.0003;-0.3268;0.4058;0.8560;25.835358
1283;12459;0.0003;-0.3270;0.4059;0.8540;25.835359
1283;12460;0.0003;-0.3274;0.4061;0.8580;25.835360
1283;12461;0.0003;-0.3273;0.4057;0.8600;25.835361
1283;12462;0.0003;-0.3271;0.4052;0.8660;25.835362
1283;12463;0.0003;-0.3274;0.4053;0.8680;25.835363
1283;12464;0.0003;-0.3278;0.4056;0.8620;25.835364
1283;12465;0.0003;-0.3278;0.4053;0.8600;25.835365
1283;12466;0.0003;-0.3278;0.4050;0.8600;25.835366
1283;12467;0.0003;-0.3282;0.4052;0.8580;25.835367
1283;12468;0.0003;-0.3288;0.4058;0.8580;25.835368
1283;12469;0.0003;-0.3290;0.4058;0.8580;25.835369
1283;12470;0.0003;-0.3295;0.4062;0.8580;25.835370
1283;12471;0.0003;-0.3293;0.4056;0.8540;25.835371
1283;12472;0.0003;-0.3286;0.4046;0.8600;25.835372
1283;12473;0.0003;-0.3285;0.4041;0.8620;25.835373
1283;12474;0.0003;-0.3282;0.4035;0.8560;25.835374
1283;12475;0.0003;-0.3285;0.4036;0.8520;25.835375
1283;12476;0.0003;-0.3287;0.4036;0.8600;25.835376
1283;12477;0.0003;-0.3291;0.4039;0.8701;25.835377
1283;12478;0.0003;-0.3297;0.4043;0.8721;25.835378
1283;12479;0.0003;-0.3296;0.4040;0.8721;25.835379
1283;12480;0.0003;-0.3295;0.4036;0.8741;25.835380
1283;12481;0.0003;-0.3296;0.4035;0.8741;25.835381
1283;12482;0.0003;-0.3300;0.4037;0.8801;25.835382
1283;12483;0.0003;-0.3306;0.4042;0.8861;25.835383
1283;12484;0.0003;-0.3308;0.4042;0.8841;25.835384
1283;12485;0.0003;-0.3309;0.4041;0.8821;25.835385
1283;12486;0.0003;-0.3313;0.4043;0.8781;25.835386
1283;12487;0.0003;-0.3311;0.4038;0.8781;25.835387
1283;12488;0.0003;-0.3312;0.4037;0.8781;25.835388
1283;12489;0.0003;-0.3311;0.4033;0.8741;25.835389
1283;12490;0.0003;-0.3311;0.4031;0.8741;25.835390
1283;12491;0.0003;-0.3309;0.4025;0.8721;25.835391
1283;12492;0.0003;-0.3309;0.4023;0.8721;25.835392
1283;12493;0.0003;-0.3318;0.4032;0.8761;25.835393
1283;12494;0.0003;-0.3321;0.4033;0.8781;25.835394
1283;12495;0.0003;-0.3323;0.4032;0.8821;25.835395
1283;12496;0.0003;-0.3325;0.4032;0.8841;25.835396
1283;12497;0.0003;-0.3322;0.4026;0.8901;25.835397
1283;12498;0.0003;-0.3323;0.4025;0.8962;25.835398
1283;12499;0.0003;-0.3326;0.4025;0.8922;25.835399
1283;12500;0.0003;-0.3324;0.4021;0.8821;25.835400
1283;12501;0.0003;-0.3325;0.4020;0.8741;25.835401
1283;12502;0.0003;-0.3325;0.4017;0.8741;25.835402
1283;12503;0.0003;-0.3325;0.4014;0.8721;25.835403
1283;12504;0.0003;-0.3326;0.4013;0.8680;25.835404
1283;12505;0.0003;-0.3326;0.4011;0.8701;25.835405
1283;12506;0.0003;-0.3331;0.4014;0.8761;25.835406
1283;12507;0.0003;-0.3336;0.4017;0.8761;25.835407
1283;12508;0.0003;-0.3336;0.4015;0.8741;25.835408
1283;12509;0.0003;-0.3330;0.4005;0.8701;25.835409
1283;12510;0.0003;-0.3335;0.4009;0.8761;25.835410
1283;12511;0.0003;-0.3344;0.4017;0.8801;25.835411
1283;12512;0.0003;-0.3344;0.4014;0.8761;25.835412
1283;12513;0.0003;-0.3340;0.4007;0.8761;25.835413
1283;12514;0.0003;-0.3335;0.3999;0.8781;25.835414
1283;12515;0.0003;-0.3335;0.3997;0.8801;25.835415
1283;12516;0.0003;-0.3343;0.4004;0.8801;25.835416
1283;12517;0.0003;-0.3350;0.4009;0.8841;25.835417
1283;12518;0.0003;-0.3358;0.4017;0.8901;25.835418
1283;12519;0.0003;-0.3359;0.4016;0.8881;25.835419
1283;12520;0.0003;-0.3353;0.4006;0.8801;25.835420
1283;12521;0.0003;-0.3350;0.3999;0.8761;25.835421
1283;12522;0.0003;-0.3348;0.3995;0.8741;25.835422
1283;12523;0.0003;-0.3350;0.3994;0.8821;25.835423
1283;12524;0.0003;-0.3355;0.3998;0.8821;25.835424
1283;12525;0.0003;-0.3355;0.3996;0.8741;25.835425
1283;12526;0.0003;-0.3354;0.3992;0.8721;25.835426
1283;12527;0.0003;-0.3352;0.3987;0.8781;25.835427
1283;12528;0.0003;-0.3356;0.3989;0.8821;25.835428
1283;12529;0.0003;-0.3360;0.3992;0.8781;25.835429
1283;12530;0.0003;-0.3363;0.3992;0.8721;25.835430
1283;12531;0.0003;-0.3367;0.3995;0.8801;25.835431
1283;12532;0.0003;-0.3366;0.3992;0.8861;25.835432
1283;12533;0.0003;-0.3363;0.3985;0.8821;25.835433
1283;12534;0.0003;-0.3367;0.3988;0.8801;25.835434
1283;12535;0.0003;-0.3371;0.3990;0.8781;25.835435
1283;12536;0.0003;-0.3368;0.3984;0.8741;25.835436
1283;12537;0.0003;-0.3363;0.3976;0.8640;25.835437
1283;12538;0.0003;-0.3365;0.3975;0.8540;25.835438
1283;12539;0.0003;-0.3369;0.3978;0.8480;25.835439
1283;12540;0.0003;-0.3369;0.3975;0.8480;25.835440
1283;12541;0.0003;-0.3373;0.3977;0.8399;25.835441
1283;12542;0.0003;-0.3375;0.3977;0.8319;25.835442
1283;12543;0.0003;-0.3377;0.3976;0.8299;25.835443
1283;12544;0.0003;-0.3376;0.3974;0.8359;25.835444
1283;12545;0.0003;-0.3373;0.3967;0.8419;25.835445
1283;12546;0.0003;-0.3374;0.3967;0.8419;25.835446
1283;12547;0.0003;-0.3381;0.3972;0.8359;25.835447
1283;12548;0.0003;-0.3383;0.3972;0.8379;25.835448
1283;12549;0.0003;-0.3384;0.3970;0.8439;25.835449
1283;12550;0.0003;-0.3385;0.3969;0.8459;25.835450
1283;12551;0.0003;-0.3385;0.3967;0.8480;25.835451
1283;12552;0.0003;-0.3386;0.3965;0.8459;25.835452
1283;12553;0.0003;-0.3387;0.3965;0.8439;25.835453
1283;12554;0.0003;-0.3390;0.3965;0.8439;25.835454
1283;12555;0.0003;-0.3394;0.3968;0.8359;25.835455
1283;12556;0.0003;-0.3396;0.3967;0.8299;25.835456
1283;12557;0.0003;-0.3392;0.3960;0.8279;25.835457
1283;12558;0.0003;-0.3389;0.3954;0.8238;25.835458
1283;12559;0.0003;-0.3393;0.3957;0.8258;25.835459
1283;12560;0.0003;-0.3395;0.3956;0.8319;25.835460
1283;12561;0.0003;-0.3393;0.3952;0.8339;25.835461
1283;12562;0.0003;-0.3394;0.3950;0.8379;25.835462
1283;12563;0.0003;-0.3392;0.3946;0.8399;25.835463
1283;12564;0.0003;-0.3397;0.3948;0.8399;25.835464
1283;12565;0.0003;-0.3401;0.3950;0.8339;25.835465
1283;12566;0.0003;-0.3404;0.3953;0.8319;25.835466
1283;12567;0.0003;-0.3408;0.3954;0.8279;25.835467
1283;12568;0.0003;-0.3411;0.3956;0.8279;25.835468
1283;12569;0.0003;-0.3415;0.3957;0.8339;25.835469
1283;12570;0.0003;-0.3416;0.3956;0.8419;25.835470
1283;12571;0.0003;-0.3418;0.3956;0.8439;25.835471
1283;12572;0.0003;-0.3423;0.3959;0.8419;25.835472
1283;12573;0.0003;-0.3424;0.3958;0.8419;25.835473
1283;12574;0.0003;-0.3424;0.3955;0.8439;25.835474
1283;12575;0.0003;-0.3426;0.3956;0.8399;25.835475
1283;12576;0.0003;-0.3421;0.3947;0.8399;25.835476
1283;12577;0.0003;-0.3418;0.3942;0.8399;25.835477
1283;12578;0.0003;-0.3420;0.3941;0.8359;25.835478
1283;12579;0.0003;-0.3422;0.3941;0.8379;25.835479
1283;12580;0.0003;-0.3422;0.3939;0.8439;25.835480
1283;12581;0.0003;-0.3424;0.3939;0.8439;25.835481
1283;12582;0.0003;-0.3425;0.3936;0.8359;25.835482
1283;12583;0.0003;-0.3421;0.3930;0.8279;25.835483
1283;12584;0.0003;-0.3426;0.3934;0.8238;25.835484
1283;12585;0.0003;-0.3434;0.3940;0.8178;25.835485
1283;12586;0.0003;-0.3438;0.3942;0.8138;25.835486
1283;12587;0.0003;-0.3438;0.3940;0.8178;25.835487
1283;12588;0.0003;-0.3434;0.3933;0.8138;25.835488
1283;12589;0.0003;-0.3434;0.3931;0.8058;25.835489
1283;12590;0.0002;-0.3440;0.3935;0.8058;25.835490
1283;12591;0.0002;-0.3439;0.3931;0.8098;25.835491
1283;12592;0.0002;-0.3436;0.3926;0.8078;25.835492
1283;12593;0.0002;-0.3437;0.3924;0.8037;25.835493
1283;12594;0.0002;-0.3437;0.3922;0.8058;25.835494
1283;12595;0.0002;-0.3440;0.3923;0.8158;25.835495
1283;12596;0.0002;-0.3441;0.3922;0.8299;25.835496
1283;12597;0.0002;-0.3443;0.3921;0.8419;25.835497
1283;12598;0.0002;-0.3446;0.3923;0.8480;25.835498
1283;12599;0.0002;-0.3451;0.3925;0.8459;25.835499
1283;12600;0.0002;-0.3452;0.3924;0.8439;25.835500
1283;12601;0.0002;-0.3447;0.3916;0.8439;25.835501
1283;12602;0.0002;-0.3447;0.3913;0.8459;25.835502
1283;12603;0.0002;-0.3450;0.3914;0.8560;25.835503
1283;12604;0.0002;-0.3450;0.3912;0.8680;25.835504
1283;12605;0.0002;-0.3451;0.3911;0.8721;25.835505
1283;12606;0.0002;-0.3451;0.3909;0.8701;25.835506
1283;12607;0.0002;-0.3457;0.3913;0.8701;25.835507
1283;12608;0.0002;-0.3465;0.3919;0.8640;25.835508
1283;12609;0.0002;-0.3466;0.3918;0.8560;25.835509
1283;12610;0.0002;-0.3462;0.3911;0.8520;25.835510
1283;12611;0.0002;-0.3457;0.3904;0.8500;25.835511
1283;12612;0.0002;-0.3460;0.3905;0.8459;25.835512
1283;12613;0.0002;-0.3462;0.3904;0.8480;25.835513
1283;12614;0.0002;-0.3462;0.3902;0.8480;25.835514
1283;12615;0.0002;-0.3465;0.3903;0.8419;25.835515
1283;12616;0.0002;-0.3470;0.3906;0.8359;25.835516
1283;12617;0.0002;-0.3471;0.3905;0.8419;25.835517
1283;12618;0.0002;-0.3472;0.3904;0.8419;25.835518
1283;12619;0.0002;-0.3474;0.3903;0.8379;25.835519
1283;12620;0.0002;-0.3479;0.3906;0.8359;25.835520
1283;12621;0.0002;-0.3482;0.3907;0.8399;25.835521
1283;12622;0.0002;-0.3483;0.3906;0.8379;25.835522
1283;12623;0.0002;-0.3482;0.3903;0.8319;25.835523
1283;12624;0.0002;-0.3481;0.3899;0.8299;25.835524
1283;12625;0.0002;-0.3485;0.3901;0.8339;25.835525
1283;12626;0.0002;-0.3482;0.3895;0.8319;25.835526
1283;12627;0.0002;-0.3481;0.3892;0.8299;25.835527
1283;12628;0.0002;-0.3481;0.3889;0.8299;25.835528
1283;12629;0.0002;-0.3482;0.3888;0.8339;25.835529
1283;12630;0.0002;-0.3489;0.3894;0.8379;25.835530
1283;12631;0.0002;-0.3490;0.3893;0.8379;25.835531
1283;12632;0.0002;-0.3490;0.3890;0.8399;25.835532
1283;12633;0.0002;-0.3494;0.3892;0.8459;25.835533
1283;12634;0.0002;-0.3494;0.3889;0.8520;25.835534
1283;12635;0.0002;-0.3494;0.3887;0.8560;25.835535
1283;12636;0.0002;-0.3492;0.3882;0.8560;25.835536
1283;12637;0.0002;-0.3488;0.3876;0.8560;25.835537
1283;12638;0.0002;-0.3493;0.3879;0.8560;25.835538
1283;12639;0.0002;-0.3498;0.3881;0.8500;25.835539
1283;12640;0.0002;-0.3503;0.3885;0.8540;25.835540
1283;12641;0.0002;-0.3505;0.3884;0.8600;25.835541
1283;12642;0.0002;-0.3500;0.3877;0.8660;25.835542
1283;12643;0.0002;-0.3494;0.3868;0.8660;25.835543
1283;12644;0.0002;-0.3494;0.3865;0.8660;25.835544
1283;12645;0.0002;-0.3499;0.3869;0.8660;25.835545
1283;12646;0.0002;-0.3505;0.3873;0.8540;25.835546
1283;12647;0.0002;-0.3504;0.3869;0.8399;25.835547
1283;12648;0.0002;-0.3503;0.3866;0.8419;25.835548
1283;12649;0.0002;-0.3509;0.3870;0.8459;25.835549
1283;12650;0.0002;-0.3513;0.3872;0.8480;25.835550
1283;12651;0.0002;-0.3519;0.3876;0.8399;25.835551
1283;12652;0.0002;-0.3517;0.3872;0.8359;25.835552
1283;12653;0.0002;-0.3515;0.3868;0.8379;25.835553
1283;12654;0.0002;-0.3518;0.3868;0.8399;25.835554
1283;12655;0.0002;-0.3516;0.3863;0.8359;25.835555
1283;12656;0.0002;-0.3514;0.3859;0.8339;25.835556
1283;12657;0.0002;-0.3515;0.3858;0.8279;25.835557
1283;12658;0.0002;-0.3519;0.3860;0.8319;25.835558
1283;12659;0.0002;-0.3524;0.3863;0.8359;25.835559
1283;12660;0.0002;-0.3528;0.3865;0.8379;25.835560
1283;12661;0.0002;-0.3528;0.3862;0.8379;25.835561
1283;12662;0.0002;-0.3519;0.3850;0.8439;25.835562
1283;12663;0.0002;-0.3518;0.3847;0.8500;25.835563
1283;12664;0.0002;-0.3522;0.3849;0.8459;25.835564
1283;12665;0.0002;-0.3528;0.3852;0.8379;25.835565
1283;12666;0.0002;-0.3531;0.3854;0.8299;25.835566
1283;12667;0.0002;-0.3531;0.3851;0.8258;25.835567
1283;12668;0.0002;-0.3535;0.3853;0.8299;25.835568
1283;12669;0.0002;-0.3537;0.3853;0.8339;25.835569
1283;12670;0.0002;-0.3531;0.3844;0.8299;25.835570
1283;12671;0.0002;-0.3530;0.3841;0.8319;25.835571
1283;12672;0.0002;-0.3533;0.3842;0.8339;25.835572
1283;12673;0.0002;-0.3537;0.3844;0.8258;25.835573
1283;12674;0.0002;-0.3542;0.3846;0.8198;25.835574
1283;12675;0.0002;-0.3539;0.3842;0.8178;25.835575
1283;12676;0.0002;-0.3536;0.3835;0.8198;25.835576
1283;12677;0.0002;-0.3536;0.3833;0.8198;25.835577
1283;12678;0.0002;-0.3543;0.3838;0.8198;25.835578
1283;12679;0.0002;-0.3547;0.3841;0.8198;25.835579
1283;12680;0.0002;-0.3546;0.3837;0.8198;25.835580
1283;12681;0.0002;-0.3542;0.3831;0.8158;25.835581
1283;12682;0.0002;-0.3539;0.3824;0.8118;25.835582
1283;12683;0.0002;-0.3539;0.3822;0.8138;25.835583
1283;12684;0.0002;-0.3547;0.3829;0.8178;25.835584
1283;12685;0.0002;-0.3551;0.3831;0.8198;25.835585
1283;12686;0.0002;-0.3554;0.3832;0.8279;25.835586
1283;12687;0.0002;-0.3554;0.3829;0.8359;25.835587
1283;12688;0.0002;-0.3555;0.3828;0.8359;25.835588
1283;12689;0.0002;-0.3557;0.3827;0.8339;25.835589
1283;12690;0.0002;-0.3557;0.3825;0.8379;25.835590
1283;12691;0.0002;-0.3560;0.3826;0.8480;25.835591
1283;12692;0.0002;-0.3559;0.3823;0.8500;25.835592
1283;12693;0.0002;-0.3561;0.3822;0.8480;25.835593
1283;12694;0.0002;-0.3564;0.3823;0.8439;25.835594
1283;12695;0.0002;-0.3568;0.3825;0.8439;25.835595
1283;12696;0.0002;-0.3570;0.3825;0.8419;25.835596
1283;12697;0.0002;-0.3567;0.3820;0.8359;25.835597
1283;12698;0.0002;-0.3564;0.3814;0.8379;25.835598
1283;12699;0.0002;-0.3568;0.3816;0.8419;25.835599
1283;12700;0.0002;-0.3569;0.3815;0.8419;25.835600
1283;12701;0.0002;-0.3572;0.3815;0.8419;25.835601
1283;12702;0.0002;-0.3576;0.3817;0.8399;25.835602
1283;12703;0.0002;-0.3577;0.3816;0.8399;25.835603
1283;12704;0.0002;-0.3578;0.3815;0.8399;25.835604
1283;12705;0.0002;-0.3573;0.3807;0.8359;25.835605
1283;12706;0.0002;-0.3575;0.3806;0.8319;25.835606
1283;12707;0.0002;-0.3582;0.3812;0.8279;25.835607
1283;12708;0.0002;-0.3585;0.3813;0.8359;25.835608
1283;12709;0.0002;-0.3590;0.3815;0.8439;25.835609
1283;12710;0.0002;-0.3587;0.3811;0.8480;25.835610
1283;12711;0.0002;-0.3586;0.3807;0.8439;25.835611
1283;12712;0.0002;-0.3586;0.3805;0.8379;25.835612
1283;12713;0.0002;-0.3583;0.3799;0.8459;25.835613
1283;12714;0.0002;-0.3587;0.3801;0.8560;25.835614
1283;12715;0.0002;-0.3591;0.3803;0.8500;25.835615
1283;12716;0.0002;-0.3588;0.3797;0.8439;25.835616
1283;12717;0.0002;-0.3589;0.3796;0.8419;25.835617
1283;12718;0.0002;-0.3592;0.3797;0.8359;25.835618
1283;12719;0.0002;-0.3597;0.3799;0.8279;25.835619
1283;12720;0.0002;-0.3600;0.3801;0.8218;25.835620
1283;12721;0.0002;-0.3597;0.3795;0.8258;25.835621
1283;12722;0.0002;-0.3595;0.3791;0.8258;25.835622
1283;12723;0.0002;-0.3596;0.3790;0.8238;25.835623
1283;12724;0.0002;-0.3599;0.3790;0.8299;25.835624
1283;12725;0.0002;-0.3600;0.3789;0.8339;25.835625
1283;12726;0.0002;-0.3601;0.3788;0.8319;25.835626
1283;12727;0.0002;-0.3606;0.3790;0.8319;25.835627
1283;12728;0.0002;-0.3604;0.3786;0.8299;25.835628
1283;12729;0.0002;-0.3605;0.3785;0.8258;25.835629
1283;12730;0.0002;-0.3609;0.3787;0.8218;25.835630
1283;12731;0.0002;-0.3610;0.3785;0.8238;25.835631
1283;12732;0.0002;-0.3607;0.3780;0.8258;25.835632
1283;12733;0.0002;-0.3603;0.3774;0.8279;25.835633
1283;12734;0.0002;-0.3612;0.3780;0.8258;25.835634
1283;12735;0.0002;-0.3619;0.3786;0.8258;25.835635
1283;12736;0.0002;-0.3616;0.3780;0.8299;25.835636
1283;12737;0.0002;-0.3612;0.3773;0.8279;25.835637
1283;12738;0.0002;-0.3613;0.3772;0.8218;25.835638
1283;12739;0.0002;-0.3623;0.3780;0.8238;25.835639
1283;12740;0.0002;-0.3628;0.3784;0.8319;25.835640
1283;12741;0.0002;-0.3626;0.3779;0.8399;25.835641
1283;12742;0.0002;-0.3627;0.3778;0.8459;25.835642
1283;12743;0.0002;-0.3626;0.3774;0.8500;25.835643
1283;12744;0.0002;-0.3623;0.3769;0.8480;25.835644
1283;12745;0.0002;-0.3625;0.3768;0.8439;25.835645
1283;12746;0.0002;-0.3622;0.3764;0.8439;25.835646
1283;12747;0.0002;-0.3626;0.3765;0.8540;25.835647
1283;12748;0.0002;-0.3632;0.3769;0.8580;25.835648
1283;12749;0.0002;-0.3633;0.3767;0.8520;25.835649
1283;12750;0.0002;-0.3635;0.3768;0.8480;25.835650
1283;12751;0.0002;-0.3636;0.3767;0.8500;25.835651
1283;12752;0.0002;-0.3638;0.3765;0.8459;25.835652
1283;12753;0.0002;-0.3639;0.3764;0.8379;25.835653
1283;12754;0.0002;-0.3639;0.3762;0.8359;25.835654
1283;12755;0.0002;-0.3643;0.3764;0.8339;25.835655
1283;12756;0.0002;-0.3646;0.3765;0.8279;25.835656
1283;12757;0.0002;-0.3645;0.3762;0.8218;25.835657
1283;12758;0.0002;-0.3649;0.3764;0.8198;25.835658
1283;12759;0.0002;-0.3652;0.3764;0.8178;25.835659
1283;12760;0.0002;-0.3649;0.3759;0.8158;25.835660
1283;12761;0.0002;-0.3645;0.3753;0.8037;25.835661
1283;12762;0.0002;-0.3646;0.3751;0.8017;25.835662
1283;12763;0.0002;-0.3645;0.3748;0.8037;25.835663
1283;12764;0.0002;-0.3644;0.3744;0.8118;25.835664
1283;12765;0.0002;-0.3648;0.3746;0.8198;25.835665
1283;12766;0.0002;-0.3651;0.3747;0.8178;25.835666
1283;12767;0.0002;-0.3656;0.3750;0.8178;25.835667
1283;12768;0.0002;-0.3661;0.3753;0.8138;25.835668
1283;12769;0.0002;-0.3662;0.3751;0.8118;25.835669
1283;12770;0.0002;-0.3663;0.3750;0.8118;25.835670
1283;12771;0.0002;-0.3661;0.3746;0.8138;25.835671
1283;12772;0.0002;-0.3661;0.3743;0.8158;25.835672
1283;12773;0.0002;-0.3662;0.3742;0.8138;25.835673
1283;12774;0.0002;-0.3662;0.3739;0.8037;25.835674
1283;12775;0.0002;-0.3663;0.3738;0.7977;25.835675
1283;12776;0.0002;-0.3664;0.3737;0.7997;25.835676
1283;12777;0.0002;-0.3666;0.3737;0.8017;25.835677
1283;12778;0.0002;-0.3670;0.3738;0.8098;25.835678
1283;12779;0.0002;-0.3669;0.3735;0.8138;25.835679
1283;12780;0.0002;-0.3670;0.3734;0.8138;25.835680
1283;12781;0.0002;-0.3671;0.3733;0.8118;25.835681
1283;12782;0.0002;-0.3673;0.3733;0.8178;25.835682
1283;12783;0.0002;-0.3677;0.3734;0.8299;25.835683
1283;12784;0.0002;-0.3676;0.3732;0.8339;25.835684
1283;12785;0.0002;-0.3680;0.3733;0.8238;25.835685
1283;12786;0.0002;-0.3680;0.3731;0.8118;25.835686
1283;12787;0.0002;-0.3678;0.3726;0.8078;25.835687
1283;12788;0.0002;-0.3679;0.3725;0.8138;25.835688
1283;12789;0.0002;-0.3682;0.3725;0.8279;25.835689
1283;12790;0.0002;-0.3688;0.3729;0.8399;25.835690
1283;12791;0.0002;-0.3691;0.3730;0.8439;25.835691
1283;12792;0.0002;-0.3690;0.3727;0.8379;25.835692
1283;12793;0.0002;-0.3687;0.3721;0.8339;25.835693
1283;12794;0.0002;-0.3682;0.3715;0.8399;25.835694
1283;12795;0.0002;-0.3686;0.3716;0.8480;25.835695
1283;12796;0.0002;-0.3692;0.3720;0.8520;25.835696
1283;12797;0.0002;-0.3694;0.3720;0.8540;25.835697
1283;12798;0.0002;-0.3692;0.3716;0.8500;25.835698
1283;12799;0.0002;-0.3691;0.3713;0.8419;25.835699
1283;12800;0.0002;-0.3693;0.3711;0.8359;25.835700
1283;12801;0.0002;-0.3696;0.3713;0.8238;25.835701
1283;12802;0.0002;-0.3697;0.3711;0.8178;25.835702
1283;12803;0.0002;-0.3697;0.3710;0.8238;25.835703
1283;12804;0.0002;-0.3699;0.3709;0.8279;25.835704
1283;12805;0.0002;-0.3707;0.3714;0.8238;25.835705
1283;12806;0.0002;-0.3709;0.3715;0.8178;25.835706
1283;12807;0.0002;-0.3703;0.3706;0.8118;25.835707
1283;12808;0.0002;-0.3705;0.3706;0.8118;25.835708
1283;12809;0.0002;-0.3713;0.3711;0.8118;25.835709
1283;12810;0.0002;-0.3715;0.3712;0.8118;25.835710
1283;12811;0.0002;-0.3714;0.3707;0.8078;25.835711
1283;12812;0.0002;-0.3708;0.3699;0.8037;25.835712
1283;12813;0.0002;-0.3710;0.3699;0.8058;25.835713
1283;12814;0.0002;-0.3716;0.3703;0.8058;25.835714
1283;12815;0.0002;-0.3722;0.3706;0.8017;25.835715
1283;12816;0.0002;-0.3723;0.3705;0.7997;25.835716
1283;12817;0.0002;-0.3719;0.3699;0.8017;25.835717
1283;12818;0.0002;-0.3722;0.3699;0.8058;25.835718
1283;12819;0.0002;-0.3721;0.3696;0.8098;25.835719
1283;12820;0.0002;-0.3717;0.3691;0.8078;25.835720
1283;12821;0.0002;-0.3721;0.3693;0.8078;25.835721
1283;12822;0.0002;-0.3723;0.3691;0.8158;25.835722
1283;12823;0.0002;-0.3720;0.3687;0.8258;25.835723
1283;12824;0.0002;-0.3720;0.3684;0.8299;25.835724
1283;12825;0.0002;-0.3723;0.3685;0.8319;25.835725
1283;12826;0.0002;-0.3729;0.3688;0.8319;25.835726
1283;12827;0.0002;-0.3727;0.3684;0.8319;25.835727
1283;12828;0.0002;-0.3726;0.3681;0.8359;25.835728
1283;12829;0.0002;-0.3730;0.3684;0.8399;25.835729
1283;12830;0.0002;-0.3733;0.3684;0.8379;25.835730
1283;12831;0.0002;-0.3730;0.3678;0.8299;25.835731
1283;12832;0.0002;-0.3730;0.3677;0.8238;25.835732
1283;12833;0.0002;-0.3737;0.3681;0.8279;25.835733
1283;12834;0.0002;-0.3748;0.3689;0.8258;25.835734
1283;12835;0.0002;-0.3747;0.3686;0.8138;25.835735
1283;12836;0.0002;-0.3745;0.3682;0.8058;25.835736
1283;12837;0.0002;-0.3741;0.3676;0.7997;25.835737
1283;12838;0.0002;-0.3742;0.3675;0.7997;25.835738
1283;12839;0.0002;-0.3750;0.3680;0.7977;25.835739
1283;12840;0.0002;-0.3753;0.3681;0.7937;25.835740
1283;12841;0.0002;-0.3753;0.3678;0.7937;25.835741
1283;12842;0.0002;-0.3749;0.3672;0.7877;25.835742
1283;12843;0.0002;-0.3746;0.3667;0.7857;25.835743
1283;12844;0.0002;-0.3747;0.3666;0.7937;25.835744
1283;12845;0.0002;-0.3747;0.3664;0.7997;25.835745
1283;12846;0.0002;-0.3750;0.3664;0.8017;25.835746
1283;12847;0.0002;-0.3754;0.3666;0.7997;25.835747
1283;12848;0.0002;-0.3759;0.3669;0.8017;25.835748
1283;12849;0.0002;-0.3760;0.3667;0.8058;25.835749
1283;12850;0.0002;-0.3756;0.3661;0.8098;25.835750
1283;12851;0.0002;-0.3757;0.3660;0.8138;25.835751
1283;12852;0.0002;-0.3758;0.3658;0.8098;25.835752
1283;12853;0.0002;-0.3759;0.3657;0.8037;25.835753
1283;12854;0.0002;-0.3762;0.3658;0.8017;25.835754
1283;12855;0.0002;-0.3761;0.3655;0.8017;25.835755
1283;12856;0.0002;-0.3763;0.3654;0.8058;25.835756
1283;12857;0.0002;-0.3764;0.3653;0.8017;25.835757
1283;12858;0.0002;-0.3765;0.3652;0.7997;25.835758
1283;12859;0.0002;-0.3769;0.3654;0.8037;25.835759
1283;12860;0.0002;-0.3773;0.3655;0.8058;25.835760
1283;12861;0.0002;-0.3774;0.3654;0.8017;25.835761
1283;12862;0.0002;-0.3773;0.3650;0.8017;25.835762
1283;12863;0.0002;-0.3770;0.3646;0.8037;25.835763
1283;12864;0.0002;-0.3777;0.3650;0.8058;25.835764
1283;12865;0.0002;-0.3777;0.3648;0.7937;25.835765
1283;12866;0.0002;-0.3769;0.3638;0.7877;25.835766
1283;12867;0.0002;-0.3775;0.3641;0.7877;25.835767
1283;12868;0.0002;-0.3781;0.3645;0.7897;25.835768
1283;12869;0.0002;-0.3786;0.3647;0.7937;25.835769
1283;12870;0.0002;-0.3787;0.3646;0.7957;25.835770
1283;12871;0.0002;-0.3783;0.3640;0.8017;25.835771
1283;12872;0.0002;-0.3782;0.3637;0.8078;25.835772
1283;12873;0.0002;-0.3785;0.3638;0.8098;25.835773
1283;12874;0.0002;-0.3785;0.3635;0.8058;25.835774
1283;12875;0.0002;-0.3784;0.3632;0.8017;25.835775
1283;12876;0.0002;-0.3782;0.3628;0.7997;25.835776
1283;12877;0.0002;-0.3784;0.3628;0.8017;25.835777
1283;12878;0.0002;-0.3783;0.3624;0.7997;25.835778
1283;12879;0.0002;-0.3780;0.3620;0.7957;25.835779
1283;12880;0.0002;-0.3785;0.3622;0.7957;25.835780
1283;12881;0.0002;-0.3792;0.3627;0.7977;25.835781
1283;12882;0.0002;-0.3803;0.3635;0.8017;25.835782
1283;12883;0.0002;-0.3805;0.3634;0.8037;25.835783
1283;12884;0.0002;-0.3802;0.3630;0.8078;25.835784
1283;12885;0.0002;-0.3800;0.3626;0.8098;25.835785
1283;12886;0.0002;-0.3796;0.3620;0.8138;25.835786
1283;12887;0.0002;-0.3797;0.3618;0.8098;25.835787
1283;12888;0.0002;-0.3798;0.3617;0.8058;25.835788
1283;12889;0.0002;-0.3804;0.3620;0.8037;25.835789
1283;12890;0.0002;-0.3807;0.3621;0.8037;25.835790
1283;12891;0.0002;-0.3806;0.3618;0.7997;25.835791
1283;12892;0.0002;-0.3811;0.3620;0.7977;25.835792
1283;12893;0.0002;-0.3815;0.3622;0.7957;25.835793
1283;12894;0.0002;-0.3813;0.3618;0.7937;25.835794
1283;12895;0.0002;-0.3813;0.3615;0.7917;25.835795
1283;12896;0.0002;-0.3813;0.3613;0.7937;25.835796
1283;12897;0.0002;-0.3817;0.3614;0.7957;25.835797
1283;12898;0.0002;-0.3815;0.3610;0.7897;25.835798
1283;12899;0.0002;-0.3817;0.3611;0.7857;25.835799
1283;12900;0.0002;-0.3823;0.3614;0.7897;25.835800
1283;12901;0.0002;-0.3821;0.3610;0.7937;25.835801
1283;12902;0.0002;-0.3822;0.3609;0.7977;25.835802
1283;12903;0.0002;-0.3827;0.3611;0.7937;25.835803
1283;12904;0.0002;-0.3827;0.3609;0.7977;25.835804
1283;12905;0.0002;-0.3829;0.3608;0.8058;25.835805
1283;12906;0.0002;-0.3827;0.3604;0.8058;25.835806
1283;12907;0.0002;-0.3829;0.3604;0.8058;25.835807
1283;12908;0.0002;-0.3832;0.3604;0.8078;25.835808
1283;12909;0.0002;-0.3833;0.3603;0.8118;25.835809
1283;12910;0.0002;-0.3836;0.3604;0.8098;25.835810
1283;12911;0.0002;-0.3837;0.3603;0.8058;25.835811
1283;12912;0.0002;-0.3837;0.3600;0.8058;25.835812
1283;12913;0.0002;-0.3841;0.3602;0.8037;25.835813
1283;12914;0.0002;-0.3841;0.3599;0.8078;25.835814
1283;12915;0.0002;-0.3838;0.3595;0.8158;25.835815
1283;12916;0.0002;-0.3835;0.3589;0.8158;25.835816
1283;12917;0.0002;-0.3842;0.3594;0.8158;25.835817
1283;12918;0.0002;-0.3850;0.3599;0.8138;25.835818
1283;12919;0.0002;-0.3854;0.3601;0.8098;25.835819
1283;12920;0.0002;-0.3855;0.3600;0.8078;25.835820
1283;12921;0.0002;-0.3847;0.3590;0.8058;25.835821
1283;12922;0.0002;-0.3846;0.3586;0.8078;25.835822
1283;12923;0.0002;-0.3849;0.3587;0.8098;25.835823
1283;12924;0.0002;-0.3845;0.3581;0.8078;25.835824
1283;12925;0.0002;-0.3842;0.3577;0.8017;25.835825
1283;12926;0.0002;-0.3846;0.3578;0.7957;25.835826
1283;12927;0.0002;-0.3855;0.3584;0.7937;25.835827
1283;12928;0.0002;-0.3863;0.3589;0.7937;25.835828
1283;12929;0.0002;-0.3860;0.3584;0.7957;25.835829
1283;12930;0.0002;-0.3856;0.3578;0.7977;25.835830
1283;12931;0.0002;-0.3854;0.3574;0.8017;25.835831
1283;12932;0.0002;-0.3860;0.3578;0.8017;25.835832
1283;12933;0.0002;-0.3865;0.3580;0.8058;25.835833
1283;12934;0.0002;-0.3863;0.3576;0.8078;25.835834
1283;12935;0.0002;-0.3862;0.3572;0.8078;25.835835
1283;12936;0.0002;-0.3863;0.3571;0.8098;25.835836
1283;12937;0.0002;-0.3864;0.3571;0.8138;25.835837
1283;12938;0.0002;-0.3868;0.3572;0.8198;25.835838
1283;12939;0.0002;-0.3872;0.3573;0.8258;25.835839
1283;12940;0.0002;-0.3876;0.3575;0.8299;25.835840
1283;12941;0.0002;-0.3874;0.3571;0.8279;25.835841
1283;12942;0.0002;-0.3871;0.3566;0.8238;25.835842
1283;12943;0.0002;-0.3873;0.3565;0.8178;25.835843
1283;12944;0.0002;-0.3870;0.3560;0.8098;25.835844
1283;12945;0.0002;-0.3872;0.3561;0.8098;25.835845
1283;12946;0.0002;-0.3879;0.3565;0.8098;25.835846
1283;12947;0.0002;-0.3882;0.3565;0.8037;25.835847
1283;12948;0.0002;-0.3880;0.3560;0.7977;25.835848
1283;12949;0.0002;-0.3879;0.3558;0.7997;25.835849
1283;12950;0.0002;-0.3884;0.3560;0.8058;25.835850
1283;12951;0.0002;-0.3886;0.3560;0.8098;25.835851
1283;12952;0.0002;-0.3882;0.3554;0.8078;25.835852
1283;12953;0.0002;-0.3881;0.3551;0.8037;25.835853
1283;12954;0.0002;-0.3882;0.3550;0.7937;25.835854
1283;12955;0.0002;-0.3886;0.3551;0.7937;25.835855
1283;12956;0.0002;-0.3887;0.3550;0.7977;25.835856
1283;12957;0.0002;-0.3888;0.3548;0.7997;25.835857
1283;12958;0.0002;-0.3896;0.3553;0.8037;25.835858
1283;12959;0.0002;-0.3899;0.3554;0.8058;25.835859
1283;12960;0.0002;-0.3896;0.3549;0.8118;25.835860
1283;12961;0.0002;-0.3895;0.3546;0.8198;25.835861
1283;12962;0.0002;-0.3898;0.3547;0.8198;25.835862
1283;12963;0.0002;-0.3903;0.3549;0.8178;25.835863
1283;12964;0.0002;-0.3900;0.3545;0.8198;25.835864
1283;12965;0.0002;-0.3902;0.3543;0.8299;25.835865
1283;12966;0.0002;-0.3906;0.3545;0.8379;25.835866
1283;12967;0.0002;-0.3905;0.3542;0.8459;25.835867
1283;12968;0.0002;-0.3905;0.3540;0.8520;25.835868
1283;12969;0.0002;-0.3901;0.3534;0.8459;25.835869
1283;12970;0.0002;-0.3902;0.3533;0.8399;25.835870
1283;12971;0.0002;-0.3907;0.3535;0.8339;25.835871
1283;12972;0.0002;-0.3911;0.3536;0.8319;25.835872
1283;12973;0.0002;-0.3913;0.3537;0.8379;25.835873
1283;12974;0.0002;-0.3911;0.3533;0.8379;25.835874
1283;12975;0.0002;-0.3915;0.3534;0.8339;25.835875
1283;12976;0.0002;-0.3922;0.3538;0.8279;25.835876
1283;12977;0.0002;-0.3924;0.3537;0.8258;25.835877
1283;12978;0.0002;-0.3921;0.3533;0.8258;25.835878
1283;12979;0.0002;-0.3915;0.3525;0.8258;25.835879
1283;12980;0.0002;-0.3916;0.3524;0.8218;25.835880
1283;12981;0.0002;-0.3926;0.3530;0.8178;25.835881
1283;12982;0.0002;-0.3925;0.3528;0.8078;25.835882
1283;12983;0.0002;-0.3925;0.3525;0.8078;25.835883
1283;12984;0.0002;-0.3929;0.3527;0.8058;25.835884
1283;12985;0.0002;-0.3929;0.3524;0.8017;25.835885
1283;12986;0.0002;-0.3926;0.3520;0.7997;25.835886
1283;12987;0.0002;-0.3926;0.3517;0.7997;25.835887
1283;12988;0.0002;-0.3928;0.3517;0.7997;25.835888
1283;12989;0.0002;-0.3933;0.3519;0.7977;25.835889
1283;12990;0.0002;-0.3935;0.3519;0.7937;25.835890
1283;12991;0.0002;-0.3935;0.3517;0.7917;25.835891
1283;12992;0.0002;-0.3929;0.3510;0.7917;25.835892
1283;12993;0.0002;-0.3927;0.3505;0.7917;25.835893
1283;12994;0.0002;-0.3933;0.3508;0.7897;25.835894
1283;12995;0.0002;-0.3938;0.3511;0.7897;25.835895
1283;12996;0.0002;-0.3943;0.3513;0.7937;25.835896
1283;12997;0.0002;-0.3943;0.3511;0.7917;25.835897
1283;12998;0.0002;-0.3943;0.3508;0.7877;25.835898
1283;12999;0.0002;-0.3947;0.3511;0.7917;25.835899
1283;13000;0.0002;-0.3951;0.3512;0.7917;25.835900
1283;13001;0.0002;-0.3951;0.3510;0.7877;25.835901
1283;13002;0.0002;-0.3948;0.3505;0.7877;25.835902
1283;13003;0.0002;-0.3946;0.3501;0.7957;25.835903
1283;13004;0.0002;-0.3952;0.3504;0.7977;25.835904
1283;13005;0.0002;-0.3949;0.3499;0.7937;25.835905
1283;13006;0.0002;-0.3946;0.3494;0.7957;25.835906
1283;13007;0.0002;-0.3951;0.3496;0.7897;25.835907
1283;13008;0.0002;-0.3953;0.3496;0.7857;25.835908
1283;13009;0.0002;-0.3954;0.3495;0.7837;25.835909
1283;13010;0.0002;-0.3952;0.3491;0.7796;25.835910
1283;13011;0.0002;-0.3955;0.3491;0.7816;25.835911
1283;13012;0.0002;-0.3963;0.3496;0.7877;25.835912
1283;13013;0.0002;-0.3962;0.3493;0.7917;25.835913
1283;13014;0.0002;-0.3961;0.3490;0.7917;25.835914
1283;13015;0.0002;-0.3964;0.3490;0.7857;25.835915
1283;13016;0.0002;-0.3966;0.3490;0.7796;25.835916
1283;13017;0.0002;-0.3972;0.3493;0.7776;25.835917
1283;13018;0.0002;-0.3971;0.3490;0.7837;25.835918
1283;13019;0.0002;-0.3969;0.3486;0.7917;25.835919
1283;13020;0.0002;-0.3971;0.3486;0.7877;25.835920
1283;13021;0.0002;-0.3974;0.3486;0.7816;25.835921
1283;13022;0.0002;-0.3975;0.3485;0.7796;25.835922
1283;13023;0.0002;-0.3975;0.3483;0.7816;25.835923
1283;13024;0.0002;-0.3979;0.3484;0.7877;25.835924
1283;13025;0.0002;-0.3978;0.3482;0.7837;25.835925
1283;13026;0.0002;-0.3974;0.3476;0.7776;25.835926
1283;13027;0.0002;-0.3974;0.3473;0.7756;25.835927
1283;13028;0.0002;-0.3978;0.3475;0.7756;25.835928
1283;13029;0.0002;-0.3984;0.3478;0.7736;25.835929
1283;13030;0.0002;-0.3985;0.3477;0.7736;25.835930
1283;13031;0.0002;-0.3982;0.3471;0.7756;25.835931
1283;13032;0.0002;-0.3984;0.3472;0.7796;25.835932
1283;13033;0.0002;-0.3988;0.3473;0.7796;25.835933
1283;13034;0.0002;-0.3989;0.3472;0.7857;25.835934
1283;13035;0.0002;-0.3991;0.3471;0.7957;25.835935
1283;13036;0.0002;-0.3994;0.3471;0.7997;25.835936
1283;13037;0.0002;-0.3999;0.3473;0.7957;25.835937
1283;13038;0.0002;-0.4000;0.3472;0.7937;25.835938
1283;13039;0.0002;-0.4000;0.3470;0.7977;25.835939
1283;13040;0.0002;-0.3998;0.3467;0.7997;25.835940
1283;13041;0.0002;-0.3997;0.3463;0.7957;25.835941
1283;13042;0.0002;-0.3998;0.3462;0.7917;25.835942
1283;13043;0.0002;-0.3997;0.3460;0.7917;25.835943
1283;13044;0.0002;-0.4000;0.3460;0.7937;25.835944
1283;13045;0.0002;-0.4002;0.3459;0.7897;25.835945
1283;13046;0.0002;-0.3999;0.3454;0.7796;25.835946
1283;13047;0.0002;-0.4004;0.3457;0.7796;25.835947
1283;13048;0.0002;-0.4010;0.3460;0.7837;25.835948
1283;13049;0.0002;-0.4014;0.3461;0.7824;25.835949
1283;13050;0.0002;-0.4012;0.3457;0.7857;25.835950
1283;13051;0.0002;-0.4010;0.3453;0.7837;25.835951
1283;13052;0.0002;-0.4015;0.3455;0.7816;25.835952
1283;13053;0.0002;-0.4017;0.3455;0.7816;25.835953
1283;13054;0.0002;-0.4014;0.3451;0.7837;25.835954
1283;13055;0.0002;-0.4014;0.3448;0.7857;25.835955
1283;13056;0.0002;-0.4016;0.3448;0.7816;25.835956
1283;13057;0.0002;-0.4020;0.3449;0.7756;25.835957
1283;13058;0.0002;-0.4020;0.3447;0.7716;25.835958
1283;13059;0.0002;-0.4018;0.3443;0.7716;25.835959
1283;13060;0.0002;-0.4018;0.3441;0.7736;25.835960
1283;13061;0.0002;-0.4020;0.3441;0.7696;25.835961
1283;13062;0.0002;-0.4017;0.3436;0.7656;25.835962
1283;13063;0.0002;-0.4015;0.3432;0.7676;25.835963
1283;13064;0.0002;-0.4016;0.3430;0.7696;25.835964
1283;13065;0.0002;-0.4024;0.3436;0.7716;25.835965
1283;13066;0.0002;-0.4029;0.3438;0.7736;25.835966
1283;13067;0.0002;-0.4030;0.3437;0.7716;25.835967
1283;13068;0.0002;-0.4029;0.3433;0.7716;25.835968
1283;13069;0.0002;-0.4029;0.3431;0.7776;25.835969
1283;13070;0.0002;-0.4030;0.3429;0.7796;25.835970
1283;13071;0.0002;-0.4025;0.3424;0.7756;25.835971
1283;13072;0.0002;-0.4028;0.3424;0.7756;25.835972
1283;13073;0.0002;-0.4036;0.3428;0.7736;25.835973
1283;13074;0.0002;-0.4042;0.3432;0.7644;25.835974
1283;13075;0.0002;-0.4043;0.3430;0.7644;25.835975
1283;13076;0.0002;-0.4040;0.3425;0.7696;25.835976
1283;13077;0.0002;-0.4045;0.3428;0.7764;25.835977
1283;13078;0.0002;-0.4050;0.3430;0.7804;25.835978
1283;13079;0.0002;-0.4048;0.3425;0.7764;25.835979
1283;13080;0.0002;-0.4049;0.3424;0.7704;25.835980
1283;13081;0.0002;-0.4050;0.3423;0.7644;25.835981
1283;13082;0.0002;-0.4048;0.3419;0.7676;25.835982
1283;13083;0.0002;-0.4049;0.3418;0.7716;25.835983
1283;13084;0.0002;-0.4055;0.3421;0.7704;25.835984
1283;13085;0.0002;-0.4059;0.3422;0.7724;25.835985
1283;13086;0.0002;-0.4050;0.3413;0.7716;25.835986
1283;13087;0.0002;-0.4042;0.3404;0.7736;25.835987
1283;13088;0.0002;-0.4043;0.3403;0.7796;25.835988
1283;13089;0.0002;-0.4048;0.3405;0.7837;25.835989
1283;13090;0.0002;-0.4056;0.3409;0.7796;25.835990
1283;13091;0.0002;-0.4062;0.3412;0.7664;25.835991
1283;13092;0.0002;-0.4064;0.3411;0.7624;25.835992
1283;13093;0.0002;-0.4068;0.3413;0.7644;25.835993
1283;13094;0.0002;-0.4070;0.3413;0.7564;25.835994
1283;13095;0.0002;-0.4070;0.3410;0.7484;25.835995
1283;13096;0.0002;-0.4066;0.3405;0.7444;25.835996
1283;13097;0.0002;-0.4062;0.3399;0.7455;25.835997
1283;13098;0.0002;-0.4065;0.3399;0.7495;25.835998
1283;13099;0.0002;-0.4067;0.3399;0.7444;25.835999
1283;13100;0.0002;-0.4068;0.3398;0.7444;25.836000
1283;13101;0.0002;-0.4071;0.3399;0.7444;25.836001
1283;13102;0.0002;-0.4072;0.3397;0.7444;25.836002
1283;13103;0.0002;-0.4073;0.3396;0.7444;25.836003
1283;13104;0.0002;-0.4071;0.3392;0.7374;25.836004
1283;13105;0.0002;-0.4069;0.3389;0.7314;25.836005
1283;13106;0.0002;-0.4073;0.3389;0.7314;25.836006
1283;13107;0.0002;-0.4074;0.3388;0.7354;25.836007
1283;13108;0.0002;-0.4076;0.3388;0.7404;25.836008
1283;13109;0.0002;-0.4077;0.3387;0.7384;25.836009
1283;13110;0.0002;-0.4078;0.3386;0.7384;25.836010
1283;13111;0.0002;-0.4081;0.3385;0.7484;25.836011
1283;13112;0.0002;-0.4082;0.3384;0.7604;25.836012
1283;13113;0.0002;-0.4084;0.3384;0.7704;25.836013
1283;13114;0.0002;-0.4087;0.3384;0.7764;25.836014
1283;13115;0.0002;-0.4091;0.3385;0.7804;25.836015
1283;13116;0.0002;-0.4099;0.3390;0.7804;25.836016
1283;13117;0.0002;-0.4100;0.3389;0.7884;25.836017
1283;13118;0.0002;-0.4098;0.3384;0.7964;25.836018
1283;13119;0.0002;-0.4097;0.3382;0.7984;25.836019
1283;13120;0.0002;-0.4103;0.3384;0.7964;25.836020
1283;13121;0.0002;-0.4106;0.3385;0.7964;25.836021
1283;13122;0.0002;-0.4103;0.3381;0.7944;25.836022
1283;13123;0.0002;-0.4106;0.3381;0.7964;25.836023
1283;13124;0.0002;-0.4107;0.3379;0.7964;25.836024
1283;13125;0.0002;-0.4099;0.3371;0.8004;25.836025
1283;13126;0.0002;-0.4104;0.3372;0.8044;25.836026
1283;13127;0.0002;-0.4108;0.3374;0.8024;25.836027
1283;13128;0.0002;-0.4106;0.3371;0.8024;25.836028
1283;13129;0.0002;-0.4102;0.3365;0.8004;25.836029
1283;13130;0.0002;-0.4101;0.3362;0.8004;25.836030
1283;13131;0.0002;-0.4107;0.3365;0.8064;25.836031
1283;13132;0.0002;-0.4110;0.3365;0.8104;25.836032
1283;13133;0.0002;-0.4109;0.3362;0.8084;25.836033
1283;13134;0.0002;-0.4116;0.3366;0.7984;25.836034
1283;13135;0.0002;-0.4119;0.3366;0.7944;25.836035
1283;13136;0.0002;-0.4122;0.3366;0.8024;25.836036
1283;13137;0.0002;-0.4120;0.3363;0.8104;25.836037
1283;13138;0.0002;-0.4117;0.3358;0.8124;25.836038
1283;13139;0.0002;-0.4119;0.3358;0.8124;25.836039
1283;13140;0.0002;-0.4122;0.3358;0.8124;25.836040
1283;13141;0.0002;-0.4127;0.3360;0.8144;25.836041
1283;13142;0.0002;-0.4132;0.3362;0.8104;25.836042
1283;13143;0.0002;-0.4137;0.3364;0.8084;25.836043
1283;13144;0.0002;-0.4139;0.3364;0.8064;25.836044
1283;13145;0.0002;-0.4134;0.3357;0.8104;25.836045
1283;13146;0.0002;-0.4134;0.3355;0.8164;25.836046
1283;13147;0.0002;-0.4133;0.3352;0.8184;25.836047
1283;13148;0.0002;-0.4132;0.3350;0.8204;25.836048
1283;13149;0.0002;-0.4135;0.3350;0.8164;25.836049
1283;13150;0.0002;-0.4134;0.3347;0.8084;25.836050
1283;13151;0.0002;-0.4133;0.3344;0.8064;25.836051
1283;13152;0.0002;-0.4129;0.3338;0.8064;25.836052
1283;13153;0.0002;-0.4127;0.3335;0.8044;25.836053
1283;13154;0.0002;-0.4126;0.3332;0.8024;25.836054
1283;13155;0.0002;-0.4127;0.3331;0.8044;25.836055
1283;13156;0.0002;-0.4141;0.3340;0.8044;25.836056
1283;13157;0.0002;-0.4149;0.3344;0.7944;25.836057
1283;13158;0.0002;-0.4148;0.3341;0.7924;25.836058
1283;13159;0.0002;-0.4149;0.3340;0.7964;25.836059
1283;13160;0.0002;-0.4149;0.3338;0.7964;25.836060
1283;13161;0.0002;-0.4147;0.3334;0.7904;25.836061
1283;13162;0.0002;-0.4146;0.3331;0.7804;25.836062
1283;13163;0.0002;-0.4142;0.3326;0.7764;25.836063
1283;13164;0.0002;-0.4146;0.3328;0.7764;25.836064
1283;13165;0.0002;-0.4146;0.3325;0.7744;25.836065
1283;13166;0.0002;-0.4147;0.3324;0.7784;25.836066
1283;13167;0.0002;-0.4157;0.3329;0.7784;25.836067
1283;13168;0.0002;-0.4162;0.3331;0.7764;25.836068
1283;13169;0.0002;-0.4161;0.3329;0.7744;25.836069
1283;13170;0.0002;-0.4157;0.3323;0.7724;25.836070
1283;13171;0.0002;-0.4157;0.3322;0.7724;25.836071
1283;13172;0.0002;-0.4164;0.3325;0.7784;25.836072
1283;13173;0.0002;-0.4163;0.3322;0.7884;25.836073
1283;13174;0.0002;-0.4162;0.3319;0.7964;25.836074
1283;13175;0.0002;-0.4162;0.3317;0.7964;25.836075
1283;13176;0.0002;-0.4164;0.3317;0.7984;25.836076
1283;13177;0.0002;-0.4167;0.3317;0.8004;25.836077
1283;13178;0.0002;-0.4170;0.3317;0.8004;25.836078
1283;13179;0.0002;-0.4174;0.3318;0.7984;25.836079
1283;13180;0.0002;-0.4176;0.3318;0.7984;25.836080
1283;13181;0.0002;-0.4177;0.3316;0.7984;25.836081
1283;13182;0.0002;-0.4177;0.3314;0.7984;25.836082
1283;13183;0.0002;-0.4171;0.3308;0.8004;25.836083
1283;13184;0.0002;-0.4169;0.3304;0.8064;25.836084
1283;13185;0.0002;-0.4173;0.3305;0.8044;25.836085
1283;13186;0.0002;-0.4177;0.3306;0.8004;25.836086
1283;13187;0.0002;-0.4182;0.3308;0.8004;25.836087
1283;13188;0.0002;-0.4180;0.3304;0.8004;25.836088
1283;13189;0.0002;-0.4181;0.3303;0.8024;25.836089
1283;13190;0.0002;-0.4186;0.3305;0.8024;25.836090
1283;13191;0.0002;-0.4189;0.3305;0.7964;25.836091
1283;13192;0.0002;-0.4195;0.3308;0.7904;25.836092
1283;13193;0.0002;-0.4198;0.3308;0.7864;25.836093
1283;13194;0.0002;-0.4193;0.3302;0.7864;25.836094
1283;13195;0.0002;-0.4198;0.3304;0.7864;25.836095
1283;13196;0.0002;-0.4198;0.3301;0.7864;25.836096
1283;13197;0.0002;-0.4196;0.3298;0.7844;25.836097
1283;13198;0.0001;-0.4194;0.3294;0.7824;25.836098
1283;13199;0.0001;-0.4191;0.3290;0.7824;25.836099
1283;13200;0.0001;-0.4194;0.3290;0.7844;25.836100
1283;13201;0.0001;-0.4199;0.3292;0.7824;25.836101
1283;13202;0.0001;-0.4205;0.3295;0.7804;25.836102
1283;13203;0.0001;-0.4205;0.3292;0.7744;25.836103
1283;13204;0.0001;-0.4207;0.3292;0.7684;25.836104
1283;13205;0.0001;-0.4210;0.3292;0.7684;25.836105
1283;13206;0.0001;-0.4202;0.3284;0.7664;25.836106
1283;13207;0.0001;-0.4199;0.3280;0.7644;25.836107
1283;13208;0.0001;-0.4204;0.3281;0.7644;25.836108
1283;13209;0.0001;-0.4210;0.3284;0.7684;25.836109
1283;13210;0.0001;-0.4212;0.3283;0.7664;25.836110
1283;13211;0.0001;-0.4205;0.3276;0.7624;25.836111
1283;13212;0.0001;-0.4203;0.3272;0.7624;25.836112
1283;13213;0.0001;-0.4209;0.3275;0.7604;25.836113
1283;13214;0.0001;-0.4219;0.3281;0.7664;25.836114
1283;13215;0.0001;-0.4226;0.3284;0.7804;25.836115
1283;13216;0.0001;-0.4225;0.3281;0.7844;25.836116
1283;13217;0.0001;-0.4224;0.3278;0.7804;25.836117
1283;13218;0.0001;-0.4223;0.3275;0.7784;25.836118
1283;13219;0.0001;-0.4215;0.3267;0.7784;25.836119
1283;13220;0.0001;-0.4216;0.3266;0.7784;25.836120
1283;13221;0.0001;-0.4219;0.3266;0.7764;25.836121
1283;13222;0.0001;-0.4219;0.3264;0.7804;25.836122
1283;13223;0.0001;-0.4221;0.3264;0.7884;25.836123
1283;13224;0.0001;-0.4226;0.3265;0.7944;25.836124
1283;13225;0.0001;-0.4232;0.3268;0.7924;25.836125
1283;13226;0.0001;-0.4227;0.3262;0.7844;25.836126
1283;13227;0.0001;-0.4227;0.3260;0.7884;25.836127
1283;13228;0.0001;-0.4235;0.3264;0.7904;25.836128
1283;13229;0.0001;-0.4238;0.3264;0.7884;25.836129
1283;13230;0.0001;-0.4246;0.3269;0.7884;25.836130
1283;13231;0.0001;-0.4256;0.3274;0.7884;25.836131
1283;13232;0.0001;-0.4258;0.3273;0.7864;25.836132
1283;13233;0.0001;-0.4258;0.3271;0.7804;25.836133
1283;13234;0.0001;-0.4253;0.3266;0.7724;25.836134
1283;13235;0.0001;-0.4251;0.3262;0.7704;25.836135
1283;13236;0.0001;-0.4241;0.3252;0.7704;25.836136
1283;13237;0.0001;-0.4233;0.3244;0.7684;25.836137
1283;13238;0.0001;-0.4236;0.3244;0.7624;25.836138
1283;13239;0.0001;-0.4243;0.3247;0.7584;25.836139
1283;13240;0.0001;-0.4247;0.3248;0.7604;25.836140
1283;13241;0.0001;-0.4248;0.3247;0.7664;25.836141
1283;13242;0.0001;-0.4251;0.3247;0.7684;25.836142
1283;13243;0.0001;-0.4259;0.3252;0.7744;25.836143
1283;13244;0.0001;-0.4260;0.3250;0.7804;25.836144
1283;13245;0.0001;-0.4265;0.3252;0.7824;25.836145
1283;13246;0.0001;-0.4262;0.3248;0.7784;25.836146
1283;13247;0.0001;-0.4258;0.3242;0.7744;25.836147
1283;13248;0.0001;-0.4261;0.3242;0.7764;25.836148
1283;13249;0.0001;-0.4264;0.3242;0.7784;25.836149
1283;13250;0.0001;-0.4266;0.3242;0.7784;25.836150
1283;13251;0.0001;-0.4266;0.3240;0.7744;25.836151
1283;13252;0.0001;-0.4267;0.3239;0.7704;25.836152
1283;13253;0.0001;-0.4271;0.3240;0.7684;25.836153
1283;13254;0.0001;-0.4270;0.3237;0.7604;25.836154
1283;13255;0.0001;-0.4275;0.3239;0.7544;25.836155
1283;13256;0.0001;-0.4279;0.3240;0.7464;25.836156
1283;13257;0.0001;-0.4275;0.3234;0.7424;25.836157
1283;13258;0.0001;-0.4274;0.3232;0.7404;25.836158
1283;13259;0.0001;-0.4275;0.3231;0.7404;25.836159
1283;13260;0.0001;-0.4273;0.3227;0.7424;25.836160
1283;13261;0.0001;-0.4276;0.3227;0.7444;25.836161
1283;13262;0.0001;-0.4272;0.3223;0.7404;25.836162
1283;13263;0.0001;-0.4270;0.3219;0.7444;25.836163
1283;13264;0.0001;-0.4271;0.3217;0.7464;25.836164
1283;13265;0.0001;-0.4272;0.3216;0.7444;25.836165
1283;13266;0.0001;-0.4281;0.3220;0.7444;25.836166
1283;13267;0.0001;-0.4285;0.3221;0.7484;25.836167
1283;13268;0.0001;-0.4290;0.3223;0.7544;25.836168
1283;13269;0.0001;-0.4292;0.3223;0.7544;25.836169
1283;13270;0.0001;-0.4295;0.3223;0.7544;25.836170
1283;13271;0.0001;-0.4294;0.3220;0.7604;25.836171
1283;13272;0.0001;-0.4288;0.3213;0.7624;25.836172
1283;13273;0.0001;-0.4289;0.3212;0.7644;25.836173
1283;13274;0.0001;-0.4293;0.3213;0.7684;25.836174
1283;13275;0.0001;-0.4294;0.3212;0.7704;25.836175
1283;13276;0.0001;-0.4296;0.3211;0.7764;25.836176
1283;13277;0.0001;-0.4297;0.3210;0.7764;25.836177
1283;13278;0.0001;-0.4300;0.3210;0.7744;25.836178
1283;13279;0.0001;-0.4302;0.3210;0.7704;25.836179
1283;13280;0.0001;-0.4307;0.3211;0.7704;25.836180
1283;13281;0.0001;-0.4312;0.3213;0.7744;25.836181
1283;13282;0.0001;-0.4311;0.3210;0.7704;25.836182
1283;13283;0.0001;-0.4310;0.3207;0.7664;25.836183
1283;13284;0.0001;-0.4314;0.3209;0.7644;25.836184
1283;13285;0.0001;-0.4314;0.3206;0.7584;25.836185
1283;13286;0.0001;-0.4316;0.3206;0.7504;25.836186
1283;13287;0.0001;-0.4316;0.3203;0.7444;25.836187
1283;13288;0.0001;-0.4313;0.3199;0.7384;25.836188
1283;13289;0.0001;-0.4312;0.3196;0.7384;25.836189
1283;13290;0.0001;-0.4311;0.3194;0.7364;25.836190
1283;13291;0.0001;-0.4311;0.3191;0.7384;25.836191
1283;13292;0.0001;-0.4315;0.3192;0.7404;25.836192
1283;13293;0.0001;-0.4323;0.3197;0.7404;25.836193
1283;13294;0.0001;-0.4330;0.3199;0.7424;25.836194
1283;13295;0.0001;-0.4326;0.3194;0.7484;25.836195
1283;13296;0.0001;-0.4323;0.3190;0.7484;25.836196
1283;13297;0.0001;-0.4327;0.3191;0.7444;25.836197
1283;13298;0.0001;-0.4329;0.3190;0.7464;25.836198
1283;13299;0.0001;-0.4333;0.3192;0.7564;25.836199
1283;13300;0.0001;-0.4332;0.3189;0.7604;25.836200
1283;13301;0.0001;-0.4333;0.3188;0.7624;25.836201
1283;13302;0.0001;-0.4333;0.3185;0.7624;25.836202
1283;13303;0.0001;-0.4331;0.3182;0.7564;25.836203
1283;13304;0.0001;-0.4331;0.3180;0.7544;25.836204
1283;13305;0.0001;-0.4332;0.3178;0.7544;25.836205
1283;13306;0.0001;-0.4333;0.3177;0.7484;25.836206
1283;13307;0.0001;-0.4337;0.3178;0.7464;25.836207
1283;13308;0.0001;-0.4340;0.3178;0.7524;25.836208
1283;13309;0.0001;-0.4347;0.3181;0.7524;25.836209
1283;13310;0.0001;-0.4351;0.3182;0.7444;25.836210
1283;13311;0.0001;-0.4349;0.3178;0.7404;25.836211
1283;13312;0.0001;-0.4347;0.3175;0.7384;25.836212
1283;13313;0.0001;-0.4339;0.3168;0.7323;25.836213
1283;13314;0.0001;-0.4332;0.3160;0.7283;25.836214
1283;13315;0.0001;-0.4336;0.3161;0.7183;25.836215
1283;13316;0.0001;-0.4346;0.3166;0.7163;25.836216
1283;13317;0.0001;-0.4353;0.3169;0.7143;25.836217
1283;13318;0.0001;-0.4357;0.3170;0.7123;25.836218
1283;13319;0.0001;-0.4364;0.3173;0.7123;25.836219
1283;13320;0.0001;-0.4361;0.3169;0.7123;25.836220
1283;13321;0.0001;-0.4359;0.3165;0.7083;25.836221
1283;13322;0.0001;-0.4365;0.3168;0.7043;25.836222
1283;13323;0.0001;-0.4366;0.3167;0.7023;25.836223
1283;13324;0.0001;-0.4366;0.3164;0.7043;25.836224
1283;13325;0.0001;-0.4370;0.3165;0.7103;25.836225
1283;13326;0.0001;-0.4372;0.3165;0.7123;25.836226
1283;13327;0.0001;-0.4374;0.3164;0.7143;25.836227
1283;13328;0.0001;-0.4374;0.3162;0.7083;25.836228
1283;13329;0.0001;-0.4375;0.3161;0.7103;25.836229
1283;13330;0.0001;-0.4376;0.3160;0.7163;25.836230
1283;13331;0.0001;-0.4370;0.3153;0.7243;25.836231
1283;13332;0.0001;-0.4369;0.3150;0.7263;25.836232
1283;13333;0.0001;-0.4369;0.3148;0.7283;25.836233
1283;13334;0.0001;-0.4371;0.3148;0.7384;25.836234
1283;13335;0.0001;-0.4375;0.3149;0.7424;25.836235
1283;13336;0.0001;-0.4371;0.3143;0.7404;25.836236
1283;13337;0.0001;-0.4368;0.3140;0.7404;25.836237
1283;13338;0.0001;-0.4373;0.3140;0.7384;25.836238
1283;13339;0.0001;-0.4380;0.3144;0.7344;25.836239
1283;13340;0.0001;-0.4383;0.3144;0.7323;25.836240
1283;13341;0.0001;-0.4382;0.3141;0.7263;25.836241
1283;13342;0.0001;-0.4383;0.3140;0.7203;25.836242
1283;13343;0.0001;-0.4383;0.3138;0.7163;25.836243
1283;13344;0.0001;-0.4384;0.3137;0.7183;25.836244
1283;13345;0.0001;-0.4389;0.3138;0.7223;25.836245
1283;13346;0.0001;-0.4392;0.3138;0.7183;25.836246
1283;13347;0.0001;-0.4392;0.3137;0.7183;25.836247
1283;13348;0.0001;-0.4394;0.3136;0.7163;25.836248
1283;13349;0.0001;-0.4395;0.3135;0.7183;25.836249
1283;13350;0.0001;-0.4396;0.3133;0.7203;25.836250
1283;13351;0.0001;-0.4397;0.3132;0.7183;25.836251
1283;13352;0.0001;-0.4398;0.3130;0.7163;25.836252
1283;13353;0.0001;-0.4399;0.3129;0.7163;25.836253
1283;13354;0.0001;-0.4405;0.3131;0.7177;25.836254
1283;13355;0.0001;-0.4408;0.3132;0.7236;25.836255
1283;13356;0.0001;-0.4408;0.3129;0.7316;25.836256
1283;13357;0.0001;-0.4409;0.3128;0.7356;25.836257
1283;13358;0.0001;-0.4410;0.3127;0.7296;25.836258
1283;13359;0.0001;-0.4410;0.3124;0.7276;25.836259
1283;13360;0.0001;-0.4408;0.3121;0.7316;25.836260
1283;13361;0.0001;-0.4406;0.3118;0.7404;25.836261
1283;13362;0.0001;-0.4415;0.3122;0.7436;25.836262
1283;13363;0.0001;-0.4422;0.3125;0.7496;25.836263
1283;13364;0.0001;-0.4422;0.3123;0.7575;25.836264
1283;13365;0.0001;-0.4420;0.3119;0.7595;25.836265
1283;13366;0.0001;-0.4413;0.3113;0.7496;25.836266
1283;13367;0.0001;-0.4412;0.3110;0.7464;25.836267
1283;13368;0.0001;-0.4419;0.3112;0.7456;25.836268
1283;13369;0.0001;-0.4422;0.3113;0.7476;25.836269
1283;13370;0.0001;-0.4424;0.3112;0.7476;25.836270
1283;13371;0.0001;-0.4422;0.3109;0.7476;25.836271
1283;13372;0.0001;-0.4423;0.3107;0.7535;25.836272
1283;13373;0.0001;-0.4426;0.3107;0.7555;25.836273
1283;13374;0.0001;-0.4428;0.3107;0.7555;25.836274
1283;13375;0.0001;-0.4437;0.3111;0.7535;25.836275
1283;13376;0.0001;-0.4439;0.3111;0.7476;25.836276
1283;13377;0.0001;-0.4437;0.3107;0.7456;25.836277
1283;13378;0.0001;-0.4435;0.3104;0.7515;25.836278
1283;13379;0.0001;-0.4430;0.3098;0.7575;25.836279
1283;13380;0.0001;-0.4427;0.3094;0.7555;25.836280
1283;13381;0.0001;-0.4429;0.3093;0.7535;25.836281
1283;13382;0.0001;-0.4432;0.3094;0.7535;25.836282
1283;13383;0.0001;-0.4438;0.3096;0.7535;25.836283
1283;13384;0.0001;-0.4441;0.3096;0.7515;25.836284
1283;13385;0.0001;-0.4437;0.3091;0.7515;25.836285
1283;13386;0.0001;-0.4431;0.3084;0.7584;25.836286
1283;13387;0.0001;-0.4432;0.3083;0.7604;25.836287
1283;13388;0.0001;-0.4442;0.3088;0.7595;25.836288
1283;13389;0.0001;-0.4446;0.3089;0.7575;25.836289
1283;13390;0.0001;-0.4449;0.3089;0.7595;25.836290
1283;13391;0.0001;-0.4453;0.3090;0.7555;25.836291
1283;13392;0.0001;-0.4453;0.3088;0.7535;25.836292
1283;13393;0.0001;-0.4455;0.3088;0.7515;25.836293
1283;13394;0.0001;-0.4456;0.3086;0.7476;25.836294
1283;13395;0.0001;-0.4457;0.3085;0.7496;25.836295
1283;13396;0.0001;-0.4461;0.3085;0.7515;25.836296
1283;13397;0.0001;-0.4460;0.3083;0.7555;25.836297
1283;13398;0.0001;-0.4463;0.3082;0.7595;25.836298
1283;13399;0.0001;-0.4458;0.3077;0.7575;25.836299
1283;13400;0.0001;-0.4456;0.3074;0.7535;25.836300
1283;13401;0.0001;-0.4460;0.3074;0.7535;25.836301
1283;13402;0.0001;-0.4461;0.3073;0.7535;25.836302
1283;13403;0.0001;-0.4465;0.3074;0.7535;25.836303
1283;13404;0.0001;-0.4466;0.3072;0.7496;25.836304
1283;13405;0.0001;-0.4469;0.3073;0.7396;25.836305
1283;13406;0.0001;-0.4473;0.3074;0.7316;25.836306
1283;13407;0.0001;-0.4475;0.3073;0.7276;25.836307
1283;13408;0.0001;-0.4472;0.3069;0.7236;25.836308
1283;13409;0.0001;-0.4466;0.3062;0.7196;25.836309
1283;13410;0.0001;-0.4462;0.3058;0.7177;25.836310
1283;13411;0.0001;-0.4463;0.3057;0.7137;25.836311
1283;13412;0.0001;-0.4464;0.3055;0.7117;25.836312
1283;13413;0.0001;-0.4473;0.3059;0.7117;25.836313
1283;13414;0.0001;-0.4481;0.3063;0.7117;25.836314
1283;13415;0.0001;-0.4483;0.3062;0.7137;25.836315
1283;13416;0.0001;-0.4484;0.3060;0.7137;25.836316
1283;13417;0.0001;-0.4482;0.3057;0.7077;25.836317
1283;13418;0.0001;-0.4481;0.3055;0.7037;25.836318
1283;13419;0.0001;-0.4480;0.3052;0.7017;25.836319
1283;13420;0.0001;-0.4482;0.3051;0.7017;25.836320
1283;13421;0.0001;-0.4486;0.3052;0.7057;25.836321
1283;13422;0.0001;-0.4483;0.3048;0.7077;25.836322
1283;13423;0.0001;-0.4489;0.3050;0.7117;25.836323
1283;13424;0.0001;-0.4493;0.3051;0.7097;25.836324
1283;13425;0.0001;-0.4494;0.3049;0.7117;25.836325
1283;13426;0.0001;-0.4498;0.3050;0.7177;25.836326
1283;13427;0.0001;-0.4496;0.3046;0.7256;25.836327
1283;13428;0.0001;-0.4489;0.3040;0.7396;25.836328
1283;13429;0.0001;-0.4501;0.3046;0.7496;25.836329
1283;13430;0.0001;-0.4513;0.3052;0.7515;25.836330
1283;13431;0.0001;-0.4515;0.3051;0.7555;25.836331
1283;13432;0.0001;-0.4508;0.3045;0.7575;25.836332
1283;13433;0.0001;-0.4499;0.3036;0.7535;25.836333
1283;13434;0.0001;-0.4500;0.3035;0.7535;25.836334
1283;13435;0.0001;-0.4507;0.3038;0.7595;25.836335
1283;13436;0.0001;-0.4514;0.3041;0.7655;25.836336
1283;13437;0.0001;-0.4512;0.3038;0.7635;25.836337
1283;13438;0.0001;-0.4502;0.3028;0.7635;25.836338
1283;13439;0.0001;-0.4501;0.3026;0.7615;25.836339
1283;13440;0.0001;-0.4509;0.3029;0.7615;25.836340
1283;13441;0.0001;-0.4516;0.3032;0.7635;25.836341
1283;13442;0.0001;-0.4519;0.3032;0.7595;25.836342
1283;13443;0.0001;-0.4515;0.3027;0.7515;25.836343
1283;13444;0.0001;-0.4517;0.3027;0.7476;25.836344
1283;13445;0.0001;-0.4526;0.3030;0.7456;25.836345
1283;13446;0.0001;-0.4532;0.3033;0.7456;25.836346
1283;13447;0.0001;-0.4532;0.3030;0.7456;25.836347
1283;13448;0.0001;-0.4523;0.3022;0.7456;25.836348
1283;13449;0.0001;-0.4518;0.3017;0.7396;25.836349
1283;13450;0.0001;-0.4517;0.3015;0.7276;25.836350
1283;13451;0.0001;-0.4522;0.3016;0.7196;25.836351
1283;13452;0.0001;-0.4525;0.3016;0.7216;25.836352
1283;13453;0.0001;-0.4523;0.3013;0.7236;25.836353
1283;13454;0.0001;-0.4524;0.3011;0.7196;25.836354
1283;13455;0.0001;-0.4531;0.3014;0.7077;25.836355
1283;13456;0.0001;-0.4534;0.3014;0.7017;25.836356
1283;13457;0.0001;-0.4535;0.3013;0.6997;25.836357
1283;13458;0.0001;-0.4534;0.3010;0.7057;25.836358
1283;13459;0.0001;-0.4539;0.3011;0.7097;25.836359
1283;13460;0.0001;-0.4540;0.3009;0.7117;25.836360
1283;13461;0.0001;-0.4537;0.3006;0.7117;25.836361
1283;13462;0.0001;-0.4540;0.3006;0.7077;25.836362
1283;13463;0.0001;-0.4541;0.3004;0.7097;25.836363
1283;13464;0.0001;-0.4546;0.3005;0.7097;25.836364
1283;13465;0.0001;-0.4556;0.3010;0.7057;25.836365
1283;13466;0.0001;-0.4557;0.3009;0.7077;25.836366
1283;13467;0.0001;-0.4553;0.3005;0.7097;25.836367
1283;13468;0.0001;-0.4549;0.3000;0.7117;25.836368
1283;13469;0.0001;-0.4548;0.2997;0.7177;25.836369
1283;13470;0.0001;-0.4550;0.2997;0.7276;25.836370
1283;13471;0.0001;-0.4556;0.2998;0.7356;25.836371
1283;13472;0.0001;-0.4562;0.3001;0.7376;25.836372
1283;13473;0.0001;-0.4561;0.2997;0.7356;25.836373
1283;13474;0.0001;-0.4558;0.2994;0.7356;25.836374
1283;13475;0.0001;-0.4556;0.2990;0.7336;25.836375
1283;13476;0.0001;-0.4556;0.2988;0.7316;25.836376
1283;13477;0.0001;-0.4563;0.2991;0.7276;25.836377
1283;13478;0.0001;-0.4566;0.2991;0.7236;25.836378
1283;13479;0.0001;-0.4569;0.2991;0.7216;25.836379
1283;13480;0.0001;-0.4568;0.2988;0.7157;25.836380
1283;13481;0.0001;-0.4569;0.2987;0.7097;25.836381
1283;13482;0.0001;-0.4577;0.2990;0.6997;25.836382
1283;13483;0.0001;-0.4582;0.2991;0.6937;25.836383
1283;13484;0.0001;-0.4582;0.2990;0.6937;25.836384
1283;13485;0.0001;-0.4580;0.2986;0.6957;25.836385
1283;13486;0.0001;-0.4578;0.2983;0.7017;25.836386
1283;13487;0.0001;-0.4585;0.2986;0.7037;25.836387
1283;13488;0.0001;-0.4587;0.2985;0.6997;25.836388
1283;13489;0.0001;-0.4585;0.2982;0.7017;25.836389
1283;13490;0.0001;-0.4583;0.2978;0.7077;25.836390
1283;13491;0.0001;-0.4581;0.2975;0.7117;25.836391
1283;13492;0.0001;-0.4579;0.2971;0.7117;25.836392
1283;13493;0.0001;-0.4576;0.2967;0.7117;25.836393
1283;13494;0.0001;-0.4580;0.2968;0.7097;25.836394
1283;13495;0.0001;-0.4583;0.2968;0.7117;25.836395
1283;13496;0.0001;-0.4588;0.2969;0.7117;25.836396
1283;13497;0.0001;-0.4599;0.2974;0.7137;25.836397
1283;13498;0.0001;-0.4600;0.2973;0.7137;25.836398
1283;13499;0.0001;-0.4599;0.2970;0.7157;25.836399
1283;13500;0.0001;-0.4601;0.2970;0.7196;25.836400
1283;13501;0.0001;-0.4601;0.2967;0.7216;25.836401
1283;13502;0.0001;-0.4603;0.2967;0.7236;25.836402
1283;13503;0.0001;-0.4607;0.2967;0.7296;25.836403
1283;13504;0.0001;-0.4609;0.2967;0.7316;25.836404
1283;13505;0.0001;-0.4612;0.2967;0.7296;25.836405
1283;13506;0.0001;-0.4607;0.2961;0.7296;25.836406
1283;13507;0.0001;-0.4602;0.2956;0.7316;25.836407
1283;13508;0.0001;-0.4605;0.2956;0.7336;25.836408
1283;13509;0.0001;-0.4606;0.2955;0.7316;25.836409
1283;13510;0.0001;-0.4609;0.2955;0.7256;25.836410
1283;13511;0.0001;-0.4610;0.2953;0.7216;25.836411
1283;13512;0.0001;-0.4614;0.2954;0.7256;25.836412
1283;13513;0.0001;-0.4613;0.2952;0.7316;25.836413
1283;13514;0.0001;-0.4608;0.2946;0.7316;25.836414
1283;13515;0.0001;-0.4611;0.2946;0.7316;25.836415
1283;13516;0.0001;-0.4616;0.2947;0.7316;25.836416
1283;13517;0.0001;-0.4621;0.2949;0.7336;25.836417
1283;13518;0.0001;-0.4622;0.2947;0.7356;25.836418
1283;13519;0.0001;-0.4620;0.2944;0.7416;25.836419
1283;13520;0.0001;-0.4621;0.2943;0.7496;25.836420
1283;13521;0.0001;-0.4620;0.2940;0.7535;25.836421
1283;13522;0.0001;-0.4620;0.2938;0.7535;25.836422
1283;13523;0.0001;-0.4625;0.2939;0.7555;25.836423
1283;13524;0.0001;-0.4631;0.2941;0.7575;25.836424
1283;13525;0.0001;-0.4630;0.2938;0.7575;25.836425
1283;13526;0.0001;-0.4627;0.2934;0.7535;25.836426
1283;13527;0.0001;-0.4628;0.2933;0.7535;25.836427
1283;13528;0.0001;-0.4628;0.2931;0.7535;25.836428
1283;13529;0.0001;-0.4630;0.2930;0.7515;25.836429
1283;13530;0.0001;-0.4639;0.2934;0.7476;25.836430
1283;13531;0.0001;-0.4644;0.2935;0.7416;25.836431
1283;13532;0.0001;-0.4640;0.2931;0.7356;25.836432
1283;13533;0.0001;-0.4633;0.2924;0.7296;25.836433
1283;13534;0.0001;-0.4634;0.2923;0.7236;25.836434
1283;13535;0.0001;-0.4641;0.2926;0.7256;25.836435
1283;13536;0.0001;-0.4647;0.2927;0.7296;25.836436
1283;13537;0.0001;-0.4647;0.2925;0.7236;25.836437
1283;13538;0.0001;-0.4649;0.2925;0.7196;25.836438
1283;13539;0.0001;-0.4651;0.2924;0.7236;25.836439
1283;13540;0.0001;-0.4655;0.2924;0.7276;25.836440
1283;13541;0.0001;-0.4656;0.2923;0.7256;25.836441
1283;13542;0.0001;-0.4654;0.2919;0.7316;25.836442
1283;13543;0.0001;-0.4656;0.2919;0.7356;25.836443
1283;13544;0.0001;-0.4659;0.2919;0.7336;25.836444
1283;13545;0.0001;-0.4660;0.2917;0.7336;25.836445
1283;13546;0.0001;-0.4653;0.2911;0.7336;25.836446
1283;13547;0.0001;-0.4651;0.2908;0.7276;25.836447
1283;13548;0.0001;-0.4661;0.2912;0.7256;25.836448
1283;13549;0.0001;-0.4665;0.2912;0.7236;25.836449
1283;13550;0.0001;-0.4658;0.2906;0.7236;25.836450
1283;13551;0.0001;-0.4656;0.2903;0.7236;25.836451
1283;13552;0.0001;-0.4662;0.2905;0.7177;25.836452
1283;13553;0.0001;-0.4663;0.2903;0.7077;25.836453
1283;13554;0.0001;-0.4662;0.2901;0.7077;25.836454
1283;13555;0.0001;-0.4661;0.2898;0.7117;25.836455
1283;13556;0.0001;-0.4666;0.2899;0.7037;25.836456
1283;13557;0.0001;-0.4672;0.2901;0.6977;25.836457
1283;13558;0.0001;-0.4673;0.2900;0.6957;25.836458
1283;13559;0.0001;-0.4672;0.2897;0.6917;25.836459
1283;13560;0.0001;-0.4682;0.2901;0.6851;25.836460
1283;13561;0.0001;-0.4683;0.2900;0.6832;25.836461
1283;13562;0.0001;-0.4677;0.2894;0.6858;25.836462
1283;13563;0.0001;-0.4677;0.2893;0.6897;25.836463
1283;13564;0.0001;-0.4677;0.2890;0.6858;25.836464
1283;13565;0.0001;-0.4679;0.2890;0.6818;25.836465
1283;13566;0.0001;-0.4681;0.2889;0.6832;25.836466
1283;13567;0.0001;-0.4685;0.2890;0.6851;25.836467
1283;13568;0.0001;-0.4688;0.2889;0.6931;25.836468
1283;13569;0.0001;-0.4689;0.2888;0.7010;25.836469
1283;13570;0.0001;-0.4690;0.2886;0.7070;25.836470
1283;13571;0.0001;-0.4692;0.2886;0.7110;25.836471
1283;13572;0.0001;-0.4690;0.2882;0.7149;25.836472
1283;13573;0.0001;-0.4687;0.2879;0.7189;25.836473
1283;13574;0.0001;-0.4690;0.2878;0.7149;25.836474
1283;13575;0.0001;-0.4692;0.2878;0.7129;25.836475
1283;13576;0.0001;-0.4697;0.2879;0.7149;25.836476
1283;13577;0.0001;-0.4694;0.2875;0.7189;25.836477
1283;13578;0.0001;-0.4693;0.2873;0.7229;25.836478
1283;13579;0.0001;-0.4696;0.2872;0.7249;25.836479
1283;13580;0.0001;-0.4704;0.2875;0.7229;25.836480
1283;13581;0.0001;-0.4716;0.2880;0.7249;25.836481
1283;13582;0.0001;-0.4715;0.2878;0.7268;25.836482
1283;13583;0.0001;-0.4710;0.2873;0.7308;25.836483
1283;13584;0.0001;-0.4708;0.2869;0.7407;25.836484
1283;13585;0.0001;-0.4711;0.2870;0.7427;25.836485
1283;13586;0.0001;-0.4714;0.2869;0.7348;25.836486
1283;13587;0.0001;-0.4712;0.2866;0.7268;25.836487
1283;13588;0.0001;-0.4714;0.2865;0.7209;25.836488
1283;13589;0.0001;-0.4718;0.2866;0.7189;25.836489
1283;13590;0.0001;-0.4715;0.2862;0.7169;25.836490
1283;13591;0.0001;-0.4716;0.2861;0.7189;25.836491
1283;13592;0.0001;-0.4718;0.2860;0.7209;25.836492
1283;13593;0.0001;-0.4718;0.2858;0.7249;25.836493
1283;13594;0.0001;-0.4719;0.2857;0.7249;25.836494
1283;13595;0.0001;-0.4724;0.2857;0.7189;25.836495
1283;13596;0.0001;-0.4732;0.2861;0.7209;25.836496
1283;13597;0.0001;-0.4739;0.2863;0.7229;25.836497
1283;13598;0.0001;-0.4737;0.2859;0.7288;25.836498
1283;13599;0.0001;-0.4737;0.2858;0.7427;25.836499
1283;13600;0.0001;-0.4736;0.2855;0.7467;25.836500
1283;13601;0.0001;-0.4735;0.2852;0.7427;25.836501
1283;13602;0.0001;-0.4732;0.2849;0.7368;25.836502
1283;13603;0.0001;-0.4725;0.2842;0.7308;25.836503
1283;13604;0.0001;-0.4733;0.2845;0.7288;25.836504
1283;13605;0.0001;-0.4743;0.2849;0.7288;25.836505
1283;13606;0.0001;-0.4747;0.2850;0.7328;25.836506
1283;13607;0.0001;-0.4746;0.2847;0.7348;25.836507
1283;13608;0.0001;-0.4741;0.2842;0.7348;25.836508
1283;13609;0.0001;-0.4744;0.2842;0.7328;25.836509
1283;13610;0.0001;-0.4751;0.2844;0.7268;25.836510
1283;13611;0.0001;-0.4751;0.2842;0.7249;25.836511
1283;13612;0.0001;-0.4749;0.2839;0.7209;25.836512
1283;13613;0.0001;-0.4744;0.2834;0.7189;25.836513
1283;13614;0.0001;-0.4749;0.2835;0.7209;25.836514
1283;13615;0.0001;-0.4757;0.2838;0.7209;25.836515
1283;13616;0.0001;-0.4760;0.2837;0.7209;25.836516
1283;13617;0.0001;-0.4762;0.2837;0.7209;25.836517
1283;13618;0.0001;-0.4760;0.2834;0.7209;25.836518
1283;13619;0.0001;-0.4763;0.2833;0.7169;25.836519
1283;13620;0.0001;-0.4766;0.2833;0.7110;25.836520
1283;13621;0.0001;-0.4767;0.2832;0.7050;25.836521
1283;13622;0.0001;-0.4767;0.2830;0.7070;25.836522
1283;13623;0.0001;-0.4764;0.2826;0.7110;25.836523
1283;13624;0.0001;-0.4767;0.2826;0.7169;25.836524
1283;13625;0.0001;-0.4770;0.2825;0.7169;25.836525
1283;13626;0.0001;-0.4769;0.2823;0.7149;25.836526
1283;13627;0.0001;-0.4771;0.2822;0.7149;25.836527
1283;13628;0.0001;-0.4776;0.2824;0.7189;25.836528
1283;13629;0.0001;-0.4779;0.2823;0.7229;25.836529
1283;13630;0.0001;-0.4778;0.2821;0.7268;25.836530
1283;13631;0.0001;-0.4773;0.2816;0.7288;25.836531
1283;13632;0.0001;-0.4768;0.2811;0.7268;25.836532
1283;13633;0.0001;-0.4769;0.2809;0.7288;25.836533
1283;13634;0.0001;-0.4774;0.2810;0.7308;25.836534
1283;13635;0.0001;-0.4776;0.2810;0.7328;25.836535
1283;13636;0.0001;-0.4777;0.2808;0.7328;25.836536
1283;13637;0.0001;-0.4776;0.2806;0.7328;25.836537
1283;13638;0.0001;-0.4776;0.2803;0.7268;25.836538
1283;13639;0.0001;-0.4776;0.2802;0.7288;25.836539
1283;13640;0.0001;-0.4781;0.2802;0.7308;25.836540
1283;13641;0.0001;-0.4786;0.2804;0.7308;25.836541
1283;13642;0.0001;-0.4791;0.2804;0.7328;25.836542
1283;13643;0.0001;-0.4792;0.2803;0.7368;25.836543
1283;13644;0.0001;-0.4790;0.2800;0.7368;25.836544
1283;13645;0.0001;-0.4791;0.2799;0.7308;25.836545
1283;13646;0.0001;-0.4790;0.2796;0.7229;25.836546
1283;13647;0.0001;-0.4802;0.2801;0.7209;25.836547
1283;13648;0.0001;-0.4810;0.2804;0.7189;25.836548
1283;13649;0.0001;-0.4811;0.2802;0.7229;25.836549
1283;13650;0.0001;-0.4807;0.2798;0.7229;25.836550
1283;13651;0.0001;-0.4799;0.2791;0.7229;25.836551
1283;13652;0.0001;-0.4800;0.2790;0.7189;25.836552
1283;13653;0.0001;-0.4807;0.2792;0.7129;25.836553
1283;13654;0.0001;-0.4817;0.2796;0.7110;25.836554
1283;13655;0.0001;-0.4818;0.2794;0.7149;25.836555
1283;13656;0.0001;-0.4810;0.2788;0.7149;25.836556
1283;13657;0.0001;-0.4806;0.2783;0.7149;25.836557
1283;13658;0.0001;-0.4807;0.2782;0.7149;25.836558
1283;13659;0.0001;-0.4809;0.2782;0.7169;25.836559
1283;13660;0.0001;-0.4820;0.2785;0.7209;25.836560
1283;13661;0.0001;-0.4825;0.2787;0.7189;25.836561
1283;13662;0.0001;-0.4826;0.2785;0.7189;25.836562
1283;13663;0.0001;-0.4823;0.2782;0.7149;25.836563
1283;13664;0.0001;-0.4819;0.2778;0.7129;25.836564
1283;13665;0.0001;-0.4819;0.2775;0.7129;25.836565
1283;13666;0.0001;-0.4819;0.2773;0.7090;25.836566
1283;13667;0.0001;-0.4820;0.2772;0.7050;25.836567
1283;13668;0.0001;-0.4825;0.2773;0.6990;25.836568
1283;13669;0.0001;-0.4822;0.2769;0.6971;25.836569
1283;13670;0.0001;-0.4818;0.2765;0.7030;25.836570
1283;13671;0.0001;-0.4816;0.2762;0.7050;25.836571
1283;13672;0.0001;-0.4820;0.2762;0.7030;25.836572
1283;13673;0.0001;-0.4825;0.2763;0.6971;25.836573
1283;13674;0.0001;-0.4825;0.2761;0.6971;25.836574
1283;13675;0.0001;-0.4832;0.2763;0.7010;25.836575
1283;13676;0.0001;-0.4836;0.2763;0.7030;25.836576
1283;13677;0.0001;-0.4834;0.2760;0.7090;25.836577
1283;13678;0.0001;-0.4836;0.2759;0.7149;25.836578
1283;13679;0.0001;-0.4843;0.2761;0.7189;25.836579
1283;13680;0.0001;-0.4847;0.2762;0.7229;25.836580
1283;13681;0.0001;-0.4844;0.2758;0.7169;25.836581
1283;13682;0.0001;-0.4847;0.2758;0.7149;25.836582
1283;13683;0.0001;-0.4848;0.2756;0.7149;25.836583
1283;13684;0.0001;-0.4842;0.2751;0.7149;25.836584
1283;13685;0.0001;-0.4845;0.2751;0.7129;25.836585
1283;13686;0.0001;-0.4848;0.2750;0.7090;25.836586
1283;13687;0.0001;-0.4845;0.2747;0.7129;25.836587
1283;13688;0.0001;-0.4843;0.2744;0.7189;25.836588
1283;13689;0.0001;-0.4850;0.2746;0.7169;25.836589
1283;13690;0.0001;-0.4863;0.2751;0.7209;25.836590
1283;13691;0.0001;-0.4870;0.2754;0.7229;25.836591
1283;13692;0.0001;-0.4873;0.2753;0.7229;25.836592
1283;13693;0.0001;-0.4871;0.2750;0.7229;25.836593
1283;13694;0.0001;-0.4865;0.2745;0.7209;25.836594
1283;13695;0.0001;-0.4864;0.2742;0.7149;25.836595
1283;13696;0.0001;-0.4862;0.2739;0.7050;25.836596
1283;13697;0.0001;-0.4857;0.2734;0.7010;25.836597
1283;13698;0.0001;-0.4862;0.2735;0.6990;25.836598
1283;13699;0.0001;-0.4867;0.2736;0.6931;25.836599
1283;13700;0.0001;-0.4866;0.2734;0.6911;25.836600
1283;13701;0.0001;-0.4872;0.2735;0.6871;25.836601
1283;13702;0.0000;-0.4878;0.2736;0.6871;25.836602
1283;13703;0.0000;-0.4877;0.2733;0.6911;25.836603
1283;13704;0.0000;-0.4871;0.2729;0.6971;25.836604
1283;13705;0.0000;-0.4872;0.2727;0.7030;25.836605
1283;13706;0.0000;-0.4878;0.2728;0.7050;25.836606
1283;13707;0.0000;-0.4880;0.2728;0.7050;25.836607
1283;13708;0.0000;-0.4884;0.2728;0.7070;25.836608
1283;13709;0.0000;-0.4884;0.2726;0.7030;25.836609
1283;13710;0.0000;-0.4883;0.2723;0.7030;25.836610
1283;13711;0.0000;-0.4886;0.2723;0.7090;25.836611
1283;13712;0.0000;-0.4888;0.2722;0.7149;25.836612
1283;13713;0.0000;-0.4888;0.2721;0.7129;25.836613
1283;13714;0.0000;-0.4891;0.2720;0.7090;25.836614
1283;13715;0.0000;-0.4894;0.2719;0.7050;25.836615
1283;13716;0.0000;-0.4895;0.2718;0.6990;25.836616
1283;13717;0.0000;-0.4897;0.2717;0.6920;25.836617
1283;13718;0.0000;-0.4904;0.2719;0.6940;25.836618
1283;13719;0.0000;-0.4903;0.2717;0.6979;25.836619
1283;13720;0.0000;-0.4900;0.2713;0.6979;25.836620
1283;13721;0.0000;-0.4901;0.2711;0.6920;25.836621
1283;13722;0.0000;-0.4895;0.2706;0.6891;25.836622
1283;13723;0.0000;-0.4894;0.2704;0.6891;25.836623
1283;13724;0.0000;-0.4899;0.2705;0.6851;25.836624
1283;13725;0.0000;-0.4899;0.2702;0.6832;25.836625
1283;13726;0.0000;-0.4901;0.2702;0.6851;25.836626
1283;13727;0.0000;-0.4910;0.2705;0.6801;25.836627
1283;13728;0.0000;-0.4917;0.2707;0.6782;25.836628
1283;13729;0.0000;-0.4913;0.2703;0.6762;25.836629
1283;13730;0.0000;-0.4904;0.2696;0.6752;25.836630
1283;13731;0.0000;-0.4907;0.2695;0.6712;25.836631
1283;13732;0.0000;-0.4906;0.2693;0.6653;25.836632
1283;13733;0.0000;-0.4907;0.2691;0.6633;25.836633
1283;13734;0.0000;-0.4911;0.2692;0.6623;25.836634
1283;13735;0.0000;-0.4909;0.2688;0.6653;25.836635
1283;13736;0.0000;-0.4911;0.2688;0.6673;25.836636
1283;13737;0.0000;-0.4920;0.2691;0.6623;25.836637
1283;13738;0.0000;-0.4923;0.2690;0.6643;25.836638
1283;13739;0.0000;-0.4930;0.2693;0.6663;25.836639
1283;13740;0.0000;-0.4930;0.2690;0.6623;25.836640
1283;13741;0.0000;-0.4929;0.2688;0.6643;25.836641
1283;13742;0.0000;-0.4926;0.2684;0.6643;25.836642
1283;13743;0.0000;-0.4921;0.2680;0.6643;25.836643
1283;13744;0.0000;-0.4926;0.2680;0.6683;25.836644
1283;13745;0.0000;-0.4934;0.2683;0.6702;25.836645
1283;13746;0.0000;-0.4941;0.2685;0.6722;25.836646
1283;13747;0.0000;-0.4943;0.2684;0.6782;25.836647
1283;13748;0.0000;-0.4943;0.2682;0.6841;25.836648
1283;13749;0.0000;-0.4945;0.2680;0.6940;25.836649
1283;13750;0.0000;-0.4939;0.2676;0.7039;25.836650
1283;13751;0.0000;-0.4938;0.2673;0.7137;25.836651
1283;13752;0.0000;-0.4941;0.2673;0.7137;25.836652
1283;13753;0.0000;-0.4945;0.2673;0.7078;25.836653
1283;13754;0.0000;-0.4948;0.2673;0.7098;25.836654
1283;13755;0.0000;-0.4947;0.2670;0.7118;25.836655
1283;13756;0.0000;-0.4942;0.2665;0.7177;25.836656
1283;13757;0.0000;-0.4941;0.2663;0.7177;25.836657
1283;13758;0.0000;-0.4942;0.2661;0.7157;25.836658
1283;13759;0.0000;-0.4948;0.2663;0.7157;25.836659
1283;13760;0.0000;-0.4953;0.2663;0.7157;25.836660
1283;13761;0.0000;-0.4954;0.2662;0.7177;25.836661
1283;13762;0.0000;-0.4955;0.2660;0.7157;25.836662
1283;13763;0.0000;-0.4949;0.2656;0.7137;25.836663
1283;13764;0.0000;-0.4948;0.2653;0.7177;25.836664
1283;13765;0.0000;-0.4953;0.2654;0.7177;25.836665
1283;13766;0.0000;-0.4964;0.2658;0.7177;25.836666
1283;13767;0.0000;-0.4967;0.2658;0.7157;25.836667
1283;13768;0.0000;-0.4966;0.2655;0.7118;25.836668
1283;13769;0.0000;-0.4967;0.2653;0.7118;25.836669
1283;13770;0.0000;-0.4968;0.2652;0.7118;25.836670
1283;13771;0.0000;-0.4966;0.2649;0.7118;25.836671
1283;13772;0.0000;-0.4971;0.2650;0.7078;25.836672
1283;13773;0.0000;-0.4977;0.2651;0.7039;25.836673
1283;13774;0.0000;-0.4981;0.2651;0.7019;25.836674
1283;13775;0.0000;-0.4984;0.2650;0.6979;25.836675
1283;13776;0.0000;-0.4983;0.2648;0.6900;25.836676
1283;13777;0.0000;-0.4977;0.2643;0.6841;25.836677
1283;13778;0.0000;-0.4976;0.2641;0.6782;25.836678
1283;13779;0.0000;-0.4982;0.2641;0.6782;25.836679
1283;13780;0.0000;-0.4986;0.2642;0.6742;25.836680
1283;13781;0.0000;-0.4988;0.2641;0.6663;25.836681
1283;13782;0.0000;-0.4995;0.2643;0.6564;25.836682
1283;13783;0.0000;-0.4991;0.2639;0.6505;25.836683
1283;13784;0.0000;-0.4989;0.2636;0.6544;25.836684
1283;13785;0.0000;-0.4996;0.2637;0.6584;25.836685
1283;13786;0.0000;-0.4993;0.2634;0.6604;25.836686
1283;13787;0.0000;-0.4990;0.2630;0.6623;25.836687
1283;13788;0.0000;-0.4984;0.2625;0.6604;25.836688
1283;13789;0.0000;-0.4983;0.2623;0.6623;25.836689
1283;13790;0.0000;-0.4994;0.2627;0.6643;25.836690
1283;13791;0.0000;-0.4999;0.2627;0.6604;25.836691
1283;13792;0.0000;-0.5005;0.2629;0.6584;25.836692
1283;13793;0.0000;-0.5007;0.2628;0.6584;25.836693
1283;13794;0.0000;-0.5008;0.2626;0.6604;25.836694
1283;13795;0.0000;-0.5010;0.2625;0.6623;25.836695
1283;13796;0.0000;-0.5009;0.2623;0.6643;25.836696
1283;13797;0.0000;-0.5016;0.2624;0.6702;25.836697
1283;13798;0.0000;-0.5023;0.2626;0.6742;25.836698
1283;13799;0.0000;-0.5023;0.2624;0.6782;25.836699
1283;13800;0.0000;-0.5025;0.2623;0.6821;25.836700
1283;13801;0.0000;-0.5028;0.2623;0.6841;25.836701
1283;13802;0.0000;-0.5022;0.2618;0.6861;25.836702
1283;13803;0.0000;-0.5014;0.2612;0.6880;25.836703
1283;13804;0.0000;-0.5015;0.2610;0.6900;25.836704
1283;13805;0.0000;-0.5025;0.2613;0.6880;25.836705
1283;13806;0.0000;-0.5025;0.2612;0.6861;25.836706
1283;13807;0.0000;-0.5022;0.2608;0.6880;25.836707
1283;13808;0.0000;-0.5024;0.2607;0.6880;25.836708
1283;13809;0.0000;-0.5030;0.2608;0.6861;25.836709
1283;13810;0.0000;-0.5033;0.2608;0.6821;25.836710
1283;13811;0.0000;-0.5031;0.2605;0.6821;25.836711
1283;13812;0.0000;-0.5028;0.2601;0.6841;25.836712
1283;13813;0.0000;-0.5029;0.2600;0.6782;25.836713
1283;13814;0.0000;-0.5030;0.2598;0.6722;25.836714
1283;13815;0.0000;-0.5030;0.2597;0.6762;25.836715
1283;13816;0.0000;-0.5031;0.2595;0.6782;25.836716
1283;13817;0.0000;-0.5038;0.2597;0.6801;25.836717
1283;13818;0.0000;-0.5039;0.2596;0.6782;25.836718
1283;13819;0.0000;-0.5033;0.2590;0.6722;25.836719
1283;13820;0.0000;-0.5030;0.2587;0.6663;25.836720
1283;13821;0.0000;-0.5035;0.2587;0.6584;25.836721
1283;13822;0.0000;-0.5038;0.2587;0.6544;25.836722
1283;13823;0.0000;-0.5041;0.2586;0.6584;25.836723
1283;13824;0.0000;-0.5037;0.2583;0.6564;25.836724
1283;13825;0.0000;-0.5034;0.2579;0.6564;25.836725
1283;13826;0.0000;-0.5039;0.2580;0.6604;25.836726
1283;13827;0.0000;-0.5046;0.2581;0.6663;25.836727
1283;13828;0.0000;-0.5051;0.2582;0.6663;25.836728
1283;13829;0.0000;-0.5052;0.2580;0.6663;25.836729
1283;13830;0.0000;-0.5052;0.2579;0.6683;25.836730
1283;13831;0.0000;-0.5058;0.2579;0.6702;25.836731
1283;13832;0.0000;-0.5062;0.2580;0.6742;25.836732
1283;13833;0.0000;-0.5063;0.2578;0.6762;25.836733
1283;13834;0.0000;-0.5060;0.2575;0.6801;25.836734
1283;13835;0.0000;-0.5064;0.2575;0.6861;25.836735
1283;13836;0.0000;-0.5072;0.2577;0.6861;25.836736
1283;13837;0.0000;-0.5079;0.2578;0.6841;25.836737
1283;13838;0.0000;-0.5078;0.2576;0.6821;25.836738
1283;13839;0.0000;-0.5069;0.2569;0.6801;25.836739
1283;13840;0.0000;-0.5067;0.2566;0.6801;25.836740
1283;13841;0.0000;-0.5069;0.2566;0.6841;25.836741
1283;13842;0.0000;-0.5066;0.2562;0.6900;25.836742
1283;13843;0.0000;-0.5067;0.2561;0.6940;25.836743
1283;13844;0.0000;-0.5074;0.2562;0.6861;25.836744
1283;13845;0.0000;-0.5079;0.2562;0.6821;25.836745
1283;13846;0.0000;-0.5079;0.2561;0.6801;25.836746
1283;13847;0.0000;-0.5077;0.2558;0.6762;25.836747
1283;13848;0.0000;-0.5073;0.2554;0.6782;25.836748
1283;13849;0.0000;-0.5074;0.2552;0.6801;25.836749
1283;13850;0.0000;-0.5077;0.2552;0.6841;25.836750
1283;13851;0.0000;-0.5084;0.2554;0.6920;25.836751
1283;13852;0.0000;-0.5089;0.2554;0.6940;25.836752
1283;13853;0.0000;-0.5089;0.2552;0.6979;25.836753
1283;13854;0.0000;-0.5088;0.2550;0.6999;25.836754
1283;13855;0.0000;-0.5089;0.2548;0.7039;25.836755
1283;13856;0.0000;-0.5096;0.2550;0.7039;25.836756
1283;13857;0.0000;-0.5097;0.2548;0.7039;25.836757
1283;13858;0.0000;-0.5103;0.2550;0.7027;25.836758
1283;13859;0.0000;-0.5111;0.2552;0.6987;25.836759
1283;13860;0.0000;-0.5112;0.2550;0.6948;25.836760
1283;13861;0.0000;-0.5108;0.2546;0.6889;25.836761
1283;13862;0.0000;-0.5105;0.2542;0.6790;25.836762
1283;13863;0.0000;-0.5099;0.2538;0.6821;25.836763
1283;13864;0.0000;-0.5100;0.2536;0.6782;25.836764
1283;13865;0.0000;-0.5105;0.2537;0.6751;25.836765
1283;13866;0.0000;-0.5106;0.2535;0.6810;25.836766
1283;13867;0.0000;-0.5105;0.2533;0.6841;25.836767
1283;13868;0.0000;-0.5104;0.2530;0.6801;25.836768
1283;13869;0.0000;-0.5102;0.2527;0.6702;25.836769
1283;13870;0.0000;-0.5104;0.2527;0.6663;25.836770
1283;13871;0.0000;-0.5114;0.2530;0.6633;25.836771
1283;13872;0.0000;-0.5114;0.2528;0.6594;25.836772
1283;13873;0.0000;-0.5108;0.2522;0.6564;25.836773
1283;13874;0.0000;-0.5108;0.2521;0.6564;25.836774
1283;13875;0.0000;-0.5115;0.2522;0.6594;25.836775
1283;13876;0.0000;-0.5124;0.2525;0.6653;25.836776
1283;13877;0.0000;-0.5129;0.2525;0.6653;25.836777
1283;13878;0.0000;-0.5129;0.2523;0.6653;25.836778
1283;13879;0.0000;-0.5130;0.2522;0.6653;25.836779
1283;13880;0.0000;-0.5127;0.2518;0.6633;25.836780
1283;13881;0.0000;-0.5124;0.2515;0.6594;25.836781
1283;13882;0.0000;-0.5118;0.2510;0.6574;25.836782
1283;13883;0.0000;-0.5114;0.2506;0.6643;25.836783
1283;13884;0.0000;-0.5123;0.2509;0.6633;25.836784
1283;13885;0.0000;-0.5131;0.2511;0.6633;25.836785
1283;13886;0.0000;-0.5137;0.2512;0.6633;25.836786
1283;13887;0.0000;-0.5138;0.2510;0.6613;25.836787
1283;13888;0.0000;-0.5143;0.2511;0.6574;25.836788
1283;13889;0.0000;-0.5149;0.2511;0.6535;25.836789
1283;13890;0.0000;-0.5147;0.2508;0.6554;25.836790
1283;13891;0.0000;-0.5148;0.2507;0.6653;25.836791
1283;13892;0.0000;-0.5153;0.2508;0.6712;25.836792
1283;13893;0.0000;-0.5156;0.2507;0.6712;25.836793
1283;13894;0.0000;-0.5157;0.2506;0.6672;25.836794
1283;13895;0.0000;-0.5157;0.2504;0.6633;25.836795
1283;13896;0.0000;-0.5158;0.2502;0.6653;25.836796
1283;13897;0.0000;-0.5153;0.2498;0.6672;25.836797
1283;13898;0.0000;-0.5147;0.2493;0.6653;25.836798
1283;13899;0.0000;-0.5152;0.2493;0.6633;25.836799
1283;13900;0.0000;-0.5162;0.2496;0.6594;25.836800
1283;13901;0.0000;-0.5168;0.2497;0.6613;25.836801
1283;13902;0.0000;-0.5171;0.2497;0.6613;25.836802
1283;13903;0.0000;-0.5170;0.2494;0.6554;25.836803
1283;13904;0.0000;-0.5166;0.2491;0.6574;25.836804
1283;13905;0.0000;-0.5165;0.2488;0.6633;25.836805
1283;13906;0.0000;-0.5162;0.2485;0.6692;25.836806
1283;13907;0.0000;-0.5166;0.2485;0.6712;25.836807
1283;13908;0.0000;-0.5168;0.2484;0.6672;25.836808
1283;13909;0.0000;-0.5169;0.2482;0.6672;25.836809
1283;13910;0.0000;-0.5165;0.2478;0.6653;25.836810
1283;13911;0.0000;-0.5164;0.2476;0.6672;25.836811
1283;13912;0.0000;-0.5168;0.2476;0.6653;25.836812
1283;13913;0.0000;-0.5165;0.2473;0.6633;25.836813
1283;13914;0.0000;-0.5168;0.2472;0.6633;25.836814
1283;13915;0.0000;-0.5178;0.2475;0.6554;25.836815
1283;13916;0.0000;-0.5186;0.2476;0.6535;25.836816
1283;13917;0.0000;-0.5189;0.2476;0.6515;25.836817
1283;13918;0.0000;-0.5187;0.2473;0.6456;25.836818
1283;13919;0.0000;-0.5188;0.2472;0.6456;25.836819
1283;13920;0.0000;-0.5189;0.2470;0.6495;25.836820
1283;13921;0.0000;-0.5189;0.2468;0.6475;25.836821
1283;13922;0.0000;-0.5190;0.2467;0.6357;25.836822
1283;13923;0.0000;-0.5187;0.2464;0.6279;25.836823
1283;13924;0.0000;-0.5192;0.2464;0.6298;25.836824
1283;13925;0.0000;-0.5201;0.2466;0.6338;25.836825
1283;13926;0.0000;-0.5201;0.2464;0.6357;25.836826
1283;13927;0.0000;-0.5205;0.2464;0.6338;25.836827
1283;13928;0.0000;-0.5204;0.2462;0.6338;25.836828
1283;13929;0.0000;-0.5204;0.2460;0.6397;25.836829
1283;13930;0.0000;-0.5211;0.2461;0.6436;25.836830
1283;13931;0.0000;-0.5210;0.2458;0.6456;25.836831
1283;13932;0.0000;-0.5207;0.2455;0.6456;25.836832
1283;13933;0.0000;-0.5207;0.2453;0.6436;25.836833
1283;13934;0.0000;-0.5208;0.2452;0.6416;25.836834
1283;13935;0.0000;-0.5217;0.2454;0.6416;25.836835
1283;13936;0.0000;-0.5222;0.2455;0.6456;25.836836
1283;13937;0.0000;-0.5225;0.2454;0.6495;25.836837
1283;13938;0.0000;-0.5224;0.2451;0.6475;25.836838
1283;13939;0.0000;-0.5225;0.2450;0.6456;25.836839
1283;13940;0.0000;-0.5221;0.2446;0.6436;25.836840
1283;13941;0.0000;-0.5215;0.2442;0.6416;25.836841
1283;13942;0.0000;-0.5220;0.2442;0.6357;25.836842
1283;13943;0.0000;-0.5228;0.2444;0.6259;25.836843
1283;13944;0.0000;-0.5234;0.2444;0.6220;25.836844
1283;13945;0.0000;-0.5229;0.2440;0.6220;25.836845
1283;13946;0.0000;-0.5224;0.2436;0.6279;25.836846
1283;13947;0.0000;-0.5234;0.2439;0.6377;25.836847
1283;13948;0.0000;-0.5237;0.2438;0.6416;25.836848
1283;13949;0.0000;-0.5236;0.2436;0.6475;25.836849
1283;13950;0.0000;-0.5238;0.2435;0.6554;25.836850
1283;13951;0.0000;-0.5236;0.2431;0.6633;25.836851
1283;13952;0.0000;-0.5234;0.2429;0.6692;25.836852
1283;13953;0.0000;-0.5241;0.2430;0.6692;25.836853
1283;13954;0.0000;-0.5241;0.2428;0.6731;25.836854
1283;13955;0.0000;-0.5242;0.2427;0.6790;25.836855
1283;13956;0.0000;-0.5244;0.2426;0.6771;25.836856
1283;13957;0.0000;-0.5244;0.2424;0.6751;25.836857
1283;13958;0.0000;-0.5247;0.2423;0.6712;25.836858
1283;13959;0.0000;-0.5251;0.2423;0.6712;25.836859
1283;13960;0.0000;-0.5253;0.2422;0.6731;25.836860
1283;13961;0.0000;-0.5249;0.2419;0.6692;25.836861
1283;13962;0.0000;-0.5248;0.2416;0.6712;25.836862
1283;13963;0.0000;-0.5255;0.2417;0.6712;25.836863
1283;13964;0.0000;-0.5266;0.2420;0.6751;25.836864
1283;13965;0.0000;-0.5269;0.2419;0.6790;25.836865
1283;13966;0.0000;-0.5264;0.2415;0.6771;25.836866
1283;13967;0.0000;-0.5264;0.2413;0.6830;25.836867
1283;13968;0.0000;-0.5259;0.2409;0.6908;25.836868
1283;13969;0.0000;-0.5257;0.2406;0.7007;25.836869
1283;13970;0.0000;-0.5266;0.2408;0.7105;25.836870
1283;13971;0.0000;-0.5269;0.2408;0.7086;25.836871
1283;13972;0.0000;-0.5267;0.2405;0.7046;25.836872
1283;13973;0.0000;-0.5266;0.2403;0.7007;25.836873
1283;13974;0.0000;-0.5263;0.2400;0.7007;25.836874
1283;13975;0.0000;-0.5264;0.2398;0.7027;25.836875
1283;13976;0.0000;-0.5268;0.2398;0.7007;25.836876
1283;13977;0.0000;-0.5274;0.2398;0.6928;25.836877
1283;13978;0.0000;-0.5276;0.2398;0.6849;25.836878
1283;13979;0.0000;-0.5273;0.2394;0.6869;25.836879
1283;13980;0.0000;-0.5270;0.2391;0.6948;25.836880
1283;13981;0.0000;-0.5270;0.2389;0.6928;25.836881
1283;13982;0.0000;-0.5273;0.2388;0.6908;25.836882
1283;13983;0.0000;-0.5278;0.2389;0.6889;25.836883
1283;13984;0.0000;-0.5283;0.2389;0.6869;25.836884
1283;13985;0.0000;-0.5286;0.2388;0.6842;25.836885
1283;13986;0.0000;-0.5287;0.2387;0.6822;25.836886
1283;13987;0.0000;-0.5287;0.2385;0.6861;25.836887
1283;13988;0.0000;-0.5290;0.2384;0.6900;25.836888
1283;13989;0.0000;-0.5293;0.2384;0.6900;25.836889
1283;13990;0.0000;-0.5290;0.2380;0.6881;25.836890
1283;13991;0.0000;-0.5289;0.2378;0.6889;25.836891
1283;13992;0.0000;-0.5291;0.2377;0.6842;25.836892
1283;13993;0.0000;-0.5302;0.2380;0.6802;25.836893
1283;13994;0.0000;-0.5309;0.2381;0.6783;25.836894
1283;13995;0.0000;-0.5306;0.2378;0.6842;25.836895
1283;13996;0.0000;-0.5302;0.2374;0.6920;25.836896
1283;13997;0.0000;-0.5307;0.2374;0.6959;25.836897
1283;13998;0.0000;-0.5315;0.2376;0.6940;25.836898
1283;13999;0.0000;-0.5319;0.2376;0.6881;25.836899
1283;14000;0.0000;-0.5315;0.2372;0.6861;25.836900
1283;14001;0.0000;-0.5312;0.2369;0.6822;25.836901
1283;14002;0.0000;-0.5317;0.2369;0.6802;25.836902
1283;14003;0.0000;-0.5318;0.2368;0.6861;25.836903
1283;14004;0.0000;-0.5316;0.2365;0.6920;25.836904
1283;14005;0.0000;-0.5315;0.2362;0.6940;25.836905
1283;14006;0.0000;-0.5320;0.2362;0.6900;25.836906
1283;14007;0.0000;-0.5321;0.2361;0.6900;25.836907
1283;14008;0.0000;-0.5316;0.2357;0.6979;25.836908
1283;14009;0.0000;-0.5320;0.2357;0.6979;25.836909
1283;14010;0.0000;-0.5327;0.2358;0.6940;25.836910
1283;14011;0.0000;-0.5324;0.2355;0.6881;25.836911
1283;14012;0.0000;-0.5322;0.2352;0.6822;25.836912
1283;14013;0.0000;-0.5334;0.2355;0.6802;25.836913
1283;14014;0.0000;-0.5339;0.2355;0.6763;25.836914
1283;14015;0.0000;-0.5335;0.2352;0.6763;25.836915
1283;14016;0.0000;-0.5340;0.2352;0.6744;25.836916
1283;14017;0.0000;-0.5345;0.2352;0.6744;25.836917
1283;14018;0.0000;-0.5344;0.2349;0.6744;25.836918
1283;14019;0.0000;-0.5343;0.2347;0.6744;25.836919
1283;14020;0.0000;-0.5345;0.2346;0.6763;25.836920
1283;14021;0.0000;-0.5343;0.2343;0.6763;25.836921
1283;14022;0.0000;-0.5342;0.2341;0.6744;25.836922
1283;14023;0.0000;-0.5343;0.2339;0.6783;25.836923
1283;14024;0.0000;-0.5344;0.2338;0.6802;25.836924
1283;14025;0.0000;-0.5342;0.2335;0.6802;25.836925
1283;14026;0.0000;-0.5351;0.2337;0.6802;25.836926
1283;14027;0.0000;-0.5357;0.2338;0.6783;25.836927
1283;14028;0.0000;-0.5349;0.2333;0.6744;25.836928
1283;14029;0.0000;-0.5343;0.2328;0.6724;25.836929
1283;14030;0.0000;-0.5343;0.2326;0.6704;25.836930
1283;14031;0.0000;-0.5353;0.2328;0.6685;25.836931
1283;14032;0.0000;-0.5367;0.2332;0.6606;25.836932
1283;14033;0.0000;-0.5373;0.2333;0.6587;25.836933
1283;14034;0.0000;-0.5372;0.2330;0.6567;25.836934
1283;14035;0.0000;-0.5371;0.2328;0.6508;25.836935
1283;14036;0.0000;-0.5373;0.2327;0.6508;25.836936
1283;14037;0.0000;-0.5370;0.2324;0.6548;25.836937
1283;14038;0.0000;-0.5366;0.2320;0.6606;25.836938
1283;14039;0.0000;-0.5371;0.2320;0.6606;25.836939
1283;14040;0.0000;-0.5372;0.2319;0.6626;25.836940
1283;14041;0.0000;-0.5375;0.2318;0.6685;25.836941
1283;14042;0.0000;-0.5379;0.2318;0.6685;25.836942
1283;14043;0.0000;-0.5385;0.2319;0.6665;25.836943
1283;14044;0.0000;-0.5382;0.2315;0.6626;25.836944
1283;14045;0.0000;-0.5384;0.2314;0.6626;25.836945
1283;14046;0.0000;-0.5382;0.2311;0.6665;25.836946
1283;14047;0.0000;-0.5377;0.2307;0.6646;25.836947
1283;14048;0.0000;-0.5377;0.2306;0.6646;25.836948
1283;14049;0.0000;-0.5379;0.2304;0.6685;25.836949
1283;14050;0.0000;-0.5379;0.2302;0.6685;25.836950
1283;14051;0.0000;-0.5380;0.2301;0.6704;25.836951
1283;14052;0.0000;-0.5383;0.2300;0.6724;25.836952
1283;14053;0.0000;-0.5387;0.2300;0.6763;25.836953
1283;14054;0.0000;-0.5399;0.2303;0.6763;25.836954
1283;14055;0.0000;-0.5408;0.2305;0.6704;25.836955
1283;14056;0.0000;-0.5410;0.2304;0.6724;25.836956
1283;14057;0.0000;-0.5410;0.2302;0.6783;25.836957
1283;14058;0.0000;-0.5404;0.2297;0.6763;25.836958
1283;14059;0.0000;-0.5396;0.2292;0.6704;25.836959
1283;14060;0.0000;-0.5392;0.2288;0.6685;25.836960
1283;14061;0.0000;-0.5402;0.2291;0.6685;25.836961
1283;14062;0.0000;-0.5416;0.2294;0.6665;25.836962
1283;14063;0.0000;-0.5423;0.2295;0.6626;25.836963
1283;14064;0.0000;-0.5425;0.2295;0.6567;25.836964
1283;14065;0.0000;-0.5428;0.2294;0.6508;25.836965
1283;14066;0.0000;-0.5428;0.2292;0.6489;25.836966
1283;14067;0.0000;-0.5423;0.2288;0.6450;25.836967
1283;14068;0.0000;-0.5418;0.2284;0.6450;25.836968
1283;14069;0.0000;-0.5420;0.2283;0.6469;25.836969
1283;14070;0.0000;-0.5423;0.2282;0.6450;25.836970
1283;14071;0.0000;-0.5424;0.2280;0.6410;25.836971
1283;14072;0.0000;-0.5423;0.2278;0.6430;25.836972
1283;14073;0.0000;-0.5425;0.2277;0.6469;25.836973
1283;14074;0.0000;-0.5424;0.2275;0.6489;25.836974
1283;14075;0.0000;-0.5422;0.2271;0.6489;25.836975
1283;14076;0.0000;-0.5423;0.2270;0.6508;25.836976
1283;14077;0.0000;-0.5423;0.2268;0.6567;25.836977
1283;14078;0.0000;-0.5417;0.2264;0.6606;25.836978
1283;14079;0.0000;-0.5416;0.2262;0.6626;25.836979
1283;14080;0.0000;-0.5428;0.2265;0.6567;25.836980
1283;14081;0.0000;-0.5437;0.2266;0.6508;25.836981
1283;14082;0.0000;-0.5438;0.2265;0.6528;25.836982
1283;14083;0.0000;-0.5437;0.2262;0.6528;25.836983
1283;14084;0.0000;-0.5439;0.2261;0.6528;25.836984
1283;14085;0.0000;-0.5438;0.2259;0.6469;25.836985
1283;14086;0.0000;-0.5434;0.2255;0.6469;25.836986
1283;14087;0.0000;-0.5435;0.2254;0.6548;25.836987
1283;14088;0.0000;-0.5437;0.2253;0.6567;25.836988
1283;14089;0.0000;-0.5438;0.2251;0.6587;25.836989
1283;14090;0.0000;-0.5437;0.2249;0.6587;25.836990
1283;14091;0.0000;-0.5442;0.2249;0.6626;25.836991
1283;14092;0.0000;-0.5451;0.2251;0.6646;25.836992
1283;14093;0.0000;-0.5457;0.2251;0.6634;25.836993
1283;14094;0.0000;-0.5461;0.2251;0.6673;25.836994
1283;14095;0.0000;-0.5462;0.2249;0.6732;25.836995
1283;14096;0.0000;-0.5459;0.2246;0.6771;25.836996
1283;14097;0.0000;-0.5457;0.2243;0.6842;25.836997
1283;14098;0.0000;-0.5453;0.2240;0.6842;25.836998
1283;14099;0.0000;-0.5460;0.2240;0.6771;25.836999
1283;14100;0.0000;-0.5467;0.2241;0.6771;25.837000
1283;14101;0.0000;-0.5470;0.2241;0.6790;25.837001
1283;14102;0.0000;-0.5475;0.2241;0.6829;25.837002
1283;14103;0.0000;-0.5475;0.2239;0.6790;25.837003
1283;14104;0.0000;-0.5471;0.2235;0.6771;25.837004
1283;14105;0.0000;-0.5470;0.2233;0.6751;25.837005
1283;14106;0.0000;-0.5471;0.2231;0.6693;25.837006
1283;14107;0.0000;-0.5476;0.2232;0.6712;25.837007
1283;14108;0.0000;-0.5484;0.2232;0.6693;25.837008
1283;14109;0.0000;-0.5484;0.2231;0.6673;25.837009
1283;14110;0.0000;-0.5481;0.2227;0.6654;25.837010
1283;14111;0.0000;-0.5481;0.2226;0.6673;25.837011
1283;14112;0.0000;-0.5480;0.2223;0.6634;25.837012
1283;14113;0.0000;-0.5480;0.2221;0.6576;25.837013
1283;14114;0.0000;-0.5479;0.2219;0.6595;25.837014
1283;14115;0.0000;-0.5486;0.2220;0.6712;25.837015
1283;14116;0.0000;-0.5497;0.2222;0.6732;25.837016
1283;14117;0.0000;-0.5496;0.2220;0.6732;25.837017
1283;14118;0.0000;-0.5492;0.2216;0.6771;25.837018
1283;14119;0.0000;-0.5491;0.2214;0.6771;25.837019
1283;14120;0.0000;-0.5492;0.2212;0.6810;25.837020
1283;14121;0.0000;-0.5492;0.2211;0.6790;25.837021
1283;14122;0.0000;-0.5498;0.2211;0.6790;25.837022
1283;14123;0.0000;-0.5510;0.2214;0.6751;25.837023
1283;14124;0.0000;-0.5505;0.2210;0.6732;25.837024
1283;14125;0.0000;-0.5497;0.2204;0.6790;25.837025
1283;14126;0.0000;-0.5498;0.2203;0.6771;25.837026
1283;14127;0.0000;-0.5501;0.2202;0.6732;25.837027
1283;14128;0.0000;-0.5513;0.2205;0.6732;25.837028
1283;14129;0.0000;-0.5522;0.2207;0.6771;25.837029
1283;14130;0.0000;-0.5523;0.2205;0.6751;25.837030
1283;14131;0.0000;-0.5519;0.2202;0.6693;25.837031
1283;14132;0.0000;-0.5508;0.2195;0.6693;25.837032
1283;14133;0.0000;-0.5507;0.2193;0.6693;25.837033
1283;14134;0.0000;-0.5514;0.2194;0.6634;25.837034
1283;14135;-0.0001;-0.5526;0.2197;0.6634;25.837035
1283;14136;-0.0001;-0.5535;0.2198;0.6654;25.837036
1283;14137;-0.0001;-0.5529;0.2194;0.6654;25.837037
1283;14138;-0.0001;-0.5530;0.2192;0.6595;25.837038
1283;14139;-0.0001;-0.5531;0.2191;0.6517;25.837039
1283;14140;-0.0001;-0.5536;0.2191;0.6498;25.837040
1283;14141;-0.0001;-0.5547;0.2193;0.6478;25.837041
1283;14142;-0.0001;-0.5543;0.2189;0.6439;25.837042
1283;14143;-0.0001;-0.5535;0.2184;0.6439;25.837043
1283;14144;-0.0001;-0.5534;0.2182;0.6419;25.837044
1283;14145;-0.0001;-0.5541;0.2183;0.6459;25.837045
1283;14146;-0.0001;-0.5545;0.2183;0.6478;25.837046
1283;14147;-0.0001;-0.5544;0.2180;0.6439;25.837047
1283;14148;-0.0001;-0.5541;0.2177;0.6478;25.837048
1283;14149;-0.0001;-0.5535;0.2173;0.6498;25.837049
1283;14150;-0.0001;-0.5534;0.2170;0.6498;25.837050
1283;14151;-0.0001;-0.5542;0.2171;0.6439;25.837051
1283;14152;-0.0001;-0.5546;0.2171;0.6380;25.837052
1283;14153;-0.0001;-0.5553;0.2172;0.6400;25.837053
1283;14154;-0.0001;-0.5562;0.2174;0.6400;25.837054
1283;14155;-0.0001;-0.5565;0.2173;0.6361;25.837055
1283;14156;-0.0001;-0.5565;0.2171;0.6341;25.837056
1283;14157;-0.0001;-0.5567;0.2169;0.6322;25.837057
1283;14158;-0.0001;-0.5569;0.2168;0.6302;25.837058
1283;14159;-0.0001;-0.5563;0.2164;0.6322;25.837059
1283;14160;-0.0001;-0.5559;0.2161;0.6341;25.837060
1283;14161;-0.0001;-0.5560;0.2159;0.6361;25.837061
1283;14162;-0.0001;-0.5557;0.2156;0.6322;25.837062
1283;14163;-0.0001;-0.5560;0.2155;0.6322;25.837063
1283;14164;-0.0001;-0.5565;0.2155;0.6322;25.837064
1283;14165;-0.0001;-0.5565;0.2153;0.6341;25.837065
1283;14166;-0.0001;-0.5563;0.2150;0.6380;25.837066
1283;14167;-0.0001;-0.5559;0.2147;0.6361;25.837067
1283;14168;-0.0001;-0.5560;0.2145;0.6380;25.837068
1283;14169;-0.0001;-0.5570;0.2147;0.6361;25.837069
1283;14170;-0.0001;-0.5573;0.2146;0.6380;25.837070
1283;14171;-0.0001;-0.5573;0.2144;0.6419;25.837071
1283;14172;-0.0001;-0.5574;0.2143;0.6419;25.837072
1283;14173;-0.0001;-0.5576;0.2142;0.6478;25.837073
1283;14174;-0.0001;-0.5582;0.2142;0.6537;25.837074
1283;14175;-0.0001;-0.5585;0.2141;0.6517;25.837075
1283;14176;-0.0001;-0.5594;0.2143;0.6478;25.837076
1283;14177;-0.0001;-0.5596;0.2141;0.6459;25.837077
1283;14178;-0.0001;-0.5594;0.2138;0.6517;25.837078
1283;14179;-0.0001;-0.5597;0.2138;0.6537;25.837079
1283;14180;-0.0001;-0.5592;0.2134;0.6556;25.837080
1283;14181;-0.0001;-0.5588;0.2131;0.6576;25.837081
1283;14182;-0.0001;-0.5589;0.2129;0.6537;25.837082
1283;14183;-0.0001;-0.5594;0.2129;0.6498;25.837083
1283;14184;-0.0001;-0.5602;0.2130;0.6478;25.837084
1283;14185;-0.0001;-0.5609;0.2131;0.6428;25.837085
1283;14186;-0.0001;-0.5613;0.2130;0.6428;25.837086
1283;14187;-0.0001;-0.5613;0.2128;0.6447;25.837087
1283;14188;-0.0001;-0.5611;0.2126;0.6506;25.837088
1283;14189;-0.0001;-0.5612;0.2124;0.6506;25.837089
1283;14190;-0.0001;-0.5603;0.2118;0.6537;25.837090
1283;14191;-0.0001;-0.5601;0.2116;0.6576;25.837091
1283;14192;-0.0001;-0.5608;0.2117;0.6576;25.837092
1283;14193;-0.0001;-0.5615;0.2117;0.6564;25.837093
1283;14194;-0.0001;-0.5613;0.2115;0.6634;25.837094
1283;14195;-0.0001;-0.5609;0.2111;0.6693;25.837095
1283;14196;-0.0001;-0.5611;0.2110;0.6732;25.837096
1283;14197;-0.0001;-0.5617;0.2110;0.6719;25.837097
1283;14198;-0.0001;-0.5618;0.2108;0.6739;25.837098
1283;14199;-0.0001;-0.5619;0.2106;0.6719;25.837099
1283;14200;-0.0001;-0.5622;0.2106;0.6661;25.837100
1283;14201;-0.0001;-0.5628;0.2106;0.6622;25.837101
1283;14202;-0.0001;-0.5630;0.2105;0.6622;25.837102
1283;14203;-0.0001;-0.5630;0.2103;0.6603;25.837103
1283;14204;-0.0001;-0.5631;0.2102;0.6564;25.837104
1283;14205;-0.0001;-0.5631;0.2099;0.6544;25.837105
1283;14206;-0.0001;-0.5632;0.2098;0.6603;25.837106
1283;14207;-0.0001;-0.5628;0.2095;0.6603;25.837107
1283;14208;-0.0001;-0.5626;0.2092;0.6564;25.837108
1283;14209;-0.0001;-0.5632;0.2092;0.6544;25.837109
1283;14210;-0.0001;-0.5637;0.2092;0.6564;25.837110
1283;14211;-0.0001;-0.5638;0.2090;0.6583;25.837111
1283;14212;-0.0001;-0.5643;0.2090;0.6622;25.837112
1283;14213;-0.0001;-0.5650;0.2091;0.6622;25.837113
1283;14214;-0.0001;-0.5651;0.2089;0.6603;25.837114
1283;14215;-0.0001;-0.5649;0.2086;0.6642;25.837115
1283;14216;-0.0001;-0.5645;0.2083;0.6680;25.837116
1283;14217;-0.0001;-0.5646;0.2081;0.6661;25.837117
1283;14218;-0.0001;-0.5657;0.2083;0.6603;25.837118
1283;14219;-0.0001;-0.5669;0.2086;0.6583;25.837119
1283;14220;-0.0001;-0.5676;0.2087;0.6622;25.837120
1283;14221;-0.0001;-0.5668;0.2082;0.6719;25.837121
1283;14222;-0.0001;-0.5661;0.2077;0.6719;25.837122
1283;14223;-0.0001;-0.5658;0.2074;0.6603;25.837123
1283;14224;-0.0001;-0.5666;0.2075;0.6544;25.837124
1283;14225;-0.0001;-0.5671;0.2075;0.6467;25.837125
1283;14226;-0.0001;-0.5672;0.2073;0.6408;25.837126
1283;14227;-0.0001;-0.5672;0.2071;0.6389;25.837127
1283;14228;-0.0001;-0.5678;0.2072;0.6408;25.837128
1283;14229;-0.0001;-0.5686;0.2072;0.6428;25.837129
1283;14230;-0.0001;-0.5686;0.2071;0.6389;25.837130
1283;14231;-0.0001;-0.5677;0.2065;0.6292;25.837131
1283;14232;-0.0001;-0.5674;0.2062;0.6273;25.837132
1283;14233;-0.0001;-0.5678;0.2062;0.6292;25.837133
1283;14234;-0.0001;-0.5680;0.2060;0.6350;25.837134
1283;14235;-0.0001;-0.5686;0.2061;0.6331;25.837135
1283;14236;-0.0001;-0.5688;0.2059;0.6292;25.837136
1283;14237;-0.0001;-0.5693;0.2059;0.6311;25.837137
1283;14238;-0.0001;-0.5691;0.2057;0.6370;25.837138
1283;14239;-0.0001;-0.5683;0.2052;0.6408;25.837139
1283;14240;-0.0001;-0.5679;0.2048;0.6389;25.837140
1283;14241;-0.0001;-0.5674;0.2045;0.6408;25.837141
1283;14242;-0.0001;-0.5682;0.2045;0.6467;25.837142
1283;14243;-0.0001;-0.5693;0.2047;0.6486;25.837143
1283;14244;-0.0001;-0.5695;0.2046;0.6486;25.837144
1283;14245;-0.0001;-0.5694;0.2044;0.6486;25.837145
1283;14246;-0.0001;-0.5693;0.2041;0.6564;25.837146
1283;14247;-0.0001;-0.5695;0.2040;0.6642;25.837147
1283;14248;-0.0001;-0.5706;0.2042;0.6700;25.837148
1283;14249;-0.0001;-0.5713;0.2043;0.6758;25.837149
1283;14250;-0.0001;-0.5715;0.2041;0.6777;25.837150
1283;14251;-0.0001;-0.5715;0.2039;0.6758;25.837151
1283;14252;-0.0001;-0.5709;0.2035;0.6719;25.837152
1283;14253;-0.0001;-0.5714;0.2035;0.6642;25.837153
1283;14254;-0.0001;-0.5719;0.2035;0.6544;25.837154
1283;14255;-0.0001;-0.5717;0.2032;0.6486;25.837155
1283;14256;-0.0001;-0.5712;0.2028;0.6428;25.837156
1283;14257;-0.0001;-0.5715;0.2027;0.6331;25.837157
1283;14258;-0.0001;-0.5720;0.2027;0.6253;25.837158
1283;14259;-0.0001;-0.5720;0.2025;0.6234;25.837159
1283;14260;-0.0001;-0.5718;0.2023;0.6234;25.837160
1283;14261;-0.0001;-0.5727;0.2024;0.6234;25.837161
1283;14262;-0.0001;-0.5733;0.2024;0.6234;25.837162
1283;14263;-0.0001;-0.5736;0.2023;0.6253;25.837163
1283;14264;-0.0001;-0.5741;0.2023;0.6253;25.837164
1283;14265;-0.0001;-0.5739;0.2020;0.6253;25.837165
1283;14266;-0.0001;-0.5733;0.2016;0.6234;25.837166
1283;14267;-0.0001;-0.5736;0.2015;0.6253;25.837167
1283;14268;-0.0001;-0.5741;0.2015;0.6273;25.837168
1283;14269;-0.0001;-0.5742;0.2013;0.6234;25.837169
1283;14270;-0.0001;-0.5742;0.2012;0.6234;25.837170
1283;14271;-0.0001;-0.5741;0.2009;0.6234;25.837171
1283;14272;-0.0001;-0.5735;0.2005;0.6195;25.837172
1283;14273;-0.0001;-0.5741;0.2005;0.6137;25.837173
1283;14274;-0.0001;-0.5753;0.2008;0.6156;25.837174
1283;14275;-0.0001;-0.5756;0.2006;0.6214;25.837175
1283;14276;-0.0001;-0.5753;0.2003;0.6253;25.837176
1283;14277;-0.0001;-0.5751;0.2000;0.6311;25.837177
1283;14278;-0.0001;-0.5752;0.1999;0.6350;25.837178
1283;14279;-0.0001;-0.5753;0.1997;0.6428;25.837179
1283;14280;-0.0001;-0.5753;0.1995;0.6544;25.837180
1283;14281;-0.0001;-0.5760;0.1996;0.6583;25.837181
1283;14282;-0.0001;-0.5762;0.1995;0.6564;25.837182
1283;14283;-0.0001;-0.5765;0.1994;0.6532;25.837183
1283;14284;-0.0001;-0.5775;0.1995;0.6590;25.837184
1283;14285;-0.0001;-0.5773;0.1993;0.6668;25.837185
1283;14286;-0.0001;-0.5765;0.1988;0.6622;25.837186
1283;14287;-0.0001;-0.5763;0.1985;0.6506;25.837187
1283;14288;-0.0001;-0.5769;0.1985;0.6416;25.837188
1283;14289;-0.0001;-0.5776;0.1986;0.6397;25.837189
1283;14290;-0.0001;-0.5778;0.1984;0.6416;25.837190
1283;14291;-0.0001;-0.5785;0.1985;0.6397;25.837191
1283;14292;-0.0001;-0.5789;0.1984;0.6378;25.837192
1283;14293;-0.0001;-0.5793;0.1984;0.6397;25.837193
1283;14294;-0.0001;-0.5790;0.1980;0.6416;25.837194
1283;14295;-0.0001;-0.5779;0.1975;0.6455;25.837195
1283;14296;-0.0001;-0.5778;0.1973;0.6513;25.837196
1283;14297;-0.0001;-0.5787;0.1974;0.6590;25.837197
1283;14298;-0.0001;-0.5793;0.1973;0.6648;25.837198
1283;14299;-0.0001;-0.5789;0.1970;0.6610;25.837199
1283;14300;-0.0001;-0.5782;0.1966;0.6571;25.837200
1283;14301;-0.0001;-0.5788;0.1966;0.6610;25.837201
1283;14302;-0.0001;-0.5790;0.1965;0.6648;25.837202
1283;14303;-0.0001;-0.5795;0.1964;0.6648;25.837203
1283;14304;-0.0001;-0.5796;0.1963;0.6648;25.837204
1283;14305;-0.0001;-0.5803;0.1963;0.6745;25.837205
1283;14306;-0.0001;-0.5808;0.1963;0.6803;25.837206
1283;14307;-0.0001;-0.5808;0.1961;0.6764;25.837207
1283;14308;-0.0001;-0.5805;0.1958;0.6745;25.837208
1283;14309;-0.0001;-0.5803;0.1955;0.6725;25.837209
1283;14310;-0.0001;-0.5802;0.1953;0.6725;25.837210
1283;14311;-0.0001;-0.5807;0.1952;0.6687;25.837211
1283;14312;-0.0001;-0.5811;0.1952;0.6610;25.837212
1283;14313;-0.0001;-0.5814;0.1951;0.6571;25.837213
1283;14314;-0.0001;-0.5813;0.1948;0.6494;25.837214
1283;14315;-0.0001;-0.5809;0.1945;0.6378;25.837215
1283;14316;-0.0001;-0.5814;0.1945;0.6300;25.837216
1283;14317;-0.0001;-0.5824;0.1946;0.6242;25.837217
1283;14318;-0.0001;-0.5828;0.1946;0.6184;25.837218
1283;14319;-0.0001;-0.5825;0.1943;0.6165;25.837219
1283;14320;-0.0001;-0.5826;0.1941;0.6165;25.837220
1283;14321;-0.0001;-0.5837;0.1943;0.6165;25.837221
1283;14322;-0.0001;-0.5846;0.1944;0.6088;25.837222
1283;14323;-0.0001;-0.5840;0.1939;0.6068;25.837223
1283;14324;-0.0001;-0.5837;0.1937;0.6068;25.837224
1283;14325;-0.0001;-0.5844;0.1937;0.6030;25.837225
1283;14326;-0.0001;-0.5848;0.1937;0.6030;25.837226
1283;14327;-0.0001;-0.5856;0.1937;0.6030;25.837227
1283;14328;-0.0001;-0.5856;0.1935;0.6049;25.837228
1283;14329;-0.0001;-0.5850;0.1931;0.6088;25.837229
1283;14330;-0.0001;-0.5849;0.1929;0.6126;25.837230
1283;14331;-0.0001;-0.5860;0.1930;0.6165;25.837231
1283;14332;-0.0001;-0.5861;0.1929;0.6126;25.837232
1283;14333;-0.0001;-0.5854;0.1925;0.6107;25.837233
1283;14334;-0.0001;-0.5846;0.1920;0.6126;25.837234
1283;14335;-0.0001;-0.5840;0.1916;0.6204;25.837235
1283;14336;-0.0001;-0.5844;0.1915;0.6262;25.837236
1283;14337;-0.0001;-0.5855;0.1917;0.6281;25.837237
1283;14338;-0.0001;-0.5857;0.1915;0.6300;25.837238
1283;14339;-0.0001;-0.5856;0.1913;0.6339;25.837239
1283;14340;-0.0001;-0.5857;0.1911;0.6397;25.837240
1283;14341;-0.0001;-0.5862;0.1911;0.6455;25.837241
1283;14342;-0.0001;-0.5869;0.1912;0.6494;25.837242
1283;14343;-0.0001;-0.5867;0.1909;0.6494;25.837243
1283;14344;-0.0001;-0.5862;0.1905;0.6455;25.837244
1283;14345;-0.0001;-0.5866;0.1904;0.6397;25.837245
1283;14346;-0.0001;-0.5876;0.1906;0.6397;25.837246
1283;14347;-0.0001;-0.5887;0.1907;0.6397;25.837247
1283;14348;-0.0001;-0.5881;0.1903;0.6397;25.837248
1283;14349;-0.0001;-0.5873;0.1899;0.6378;25.837249
1283;14350;-0.0001;-0.5872;0.1897;0.6378;25.837250
1283;14351;-0.0001;-0.5870;0.1894;0.6416;25.837251
1283;14352;-0.0001;-0.5870;0.1892;0.6416;25.837252
1283;14353;-0.0001;-0.5874;0.1891;0.6397;25.837253
1283;14354;-0.0001;-0.5881;0.1891;0.6378;25.837254
1283;14355;-0.0001;-0.5881;0.1890;0.6378;25.837255
1283;14356;-0.0001;-0.5886;0.1889;0.6358;25.837256
1283;14357;-0.0001;-0.5893;0.1889;0.6339;25.837257
1283;14358;-0.0001;-0.5894;0.1887;0.6397;25.837258
1283;14359;-0.0001;-0.5899;0.1887;0.6436;25.837259
1283;14360;-0.0001;-0.5902;0.1886;0.6416;25.837260
1283;14361;-0.0001;-0.5902;0.1884;0.6378;25.837261
1283;14362;-0.0001;-0.5901;0.1882;0.6339;25.837262
1283;14363;-0.0001;-0.5901;0.1880;0.6281;25.837263
1283;14364;-0.0001;-0.5908;0.1880;0.6242;25.837264
1283;14365;-0.0001;-0.5913;0.1880;0.6189;25.837265
1283;14366;-0.0001;-0.5914;0.1878;0.6169;25.837266
1283;14367;-0.0001;-0.5916;0.1877;0.6169;25.837267
1283;14368;-0.0001;-0.5917;0.1875;0.6189;25.837268
1283;14369;-0.0001;-0.5913;0.1872;0.6227;25.837269
1283;14370;-0.0001;-0.5914;0.1870;0.6266;25.837270
1283;14371;-0.0001;-0.5916;0.1869;0.6285;25.837271
1283;14372;-0.0001;-0.5910;0.1865;0.6339;25.837272
1283;14373;-0.0001;-0.5904;0.1861;0.6358;25.837273
1283;14374;-0.0001;-0.5911;0.1861;0.6416;25.837274
1283;14375;-0.0001;-0.5927;0.1864;0.6419;25.837275
1283;14376;-0.0001;-0.5934;0.1865;0.6477;25.837276
1283;14377;-0.0001;-0.5933;0.1862;0.6573;25.837277
1283;14378;-0.0001;-0.5934;0.1861;0.6631;25.837278
1283;14379;-0.0001;-0.5930;0.1857;0.6708;25.837279
1283;14380;-0.0001;-0.5926;0.1854;0.6708;25.837280
1283;14381;-0.0001;-0.5932;0.1854;0.6669;25.837281
1283;14382;-0.0001;-0.5931;0.1852;0.6631;25.837282
1283;14383;-0.0001;-0.5933;0.1850;0.6612;25.837283
1283;14384;-0.0001;-0.5940;0.1850;0.6631;25.837284
1283;14385;-0.0001;-0.5944;0.1850;0.6573;25.837285
1283;14386;-0.0001;-0.5936;0.1845;0.6554;25.837286
1283;14387;-0.0001;-0.5935;0.1843;0.6554;25.837287
1283;14388;-0.0001;-0.5942;0.1843;0.6515;25.837288
1283;14389;-0.0001;-0.5947;0.1842;0.6515;25.837289
1283;14390;-0.0001;-0.5956;0.1843;0.6496;25.837290
1283;14391;-0.0001;-0.5961;0.1843;0.6496;25.837291
1283;14392;-0.0001;-0.5960;0.1840;0.6477;25.837292
1283;14393;-0.0001;-0.5956;0.1837;0.6439;25.837293
1283;14394;-0.0001;-0.5954;0.1835;0.6419;25.837294
1283;14395;-0.0001;-0.5957;0.1833;0.6400;25.837295
1283;14396;-0.0001;-0.5959;0.1832;0.6400;25.837296
1283;14397;-0.0001;-0.5961;0.1831;0.6419;25.837297
1283;14398;-0.0001;-0.5967;0.1831;0.6342;25.837298
1283;14399;-0.0001;-0.5968;0.1829;0.6285;25.837299
1283;14400;-0.0001;-0.5971;0.1828;0.6323;25.837300
1283;14401;-0.0001;-0.5974;0.1827;0.6342;25.837301
1283;14402;-0.0001;-0.5971;0.1824;0.6381;25.837302
1283;14403;-0.0001;-0.5966;0.1820;0.6381;25.837303
1283;14404;-0.0001;-0.5964;0.1818;0.6400;25.837304
1283;14405;-0.0001;-0.5971;0.1818;0.6477;25.837305
1283;14406;-0.0001;-0.5978;0.1818;0.6554;25.837306
1283;14407;-0.0001;-0.5975;0.1815;0.6612;25.837307
1283;14408;-0.0001;-0.5976;0.1813;0.6592;25.837308
1283;14409;-0.0001;-0.5989;0.1815;0.6592;25.837309
1283;14410;-0.0001;-0.5994;0.1815;0.6650;25.837310
1283;14411;-0.0001;-0.5990;0.1811;0.6688;25.837311
1283;14412;-0.0001;-0.5982;0.1807;0.6650;25.837312
1283;14413;-0.0001;-0.5987;0.1807;0.6612;25.837313
1283;14414;-0.0001;-0.5999;0.1808;0.6573;25.837314
1283;14415;-0.0001;-0.6005;0.1808;0.6535;25.837315
1283;14416;-0.0001;-0.6002;0.1805;0.6458;25.837316
1283;14417;-0.0001;-0.6000;0.1803;0.6439;25.837317
1283;14418;-0.0001;-0.5998;0.1800;0.6419;25.837318
1283;14419;-0.0001;-0.5997;0.1798;0.6381;25.837319
1283;14420;-0.0001;-0.5999;0.1796;0.6362;25.837320
1283;14421;-0.0001;-0.6009;0.1797;0.6323;25.837321
1283;14422;-0.0001;-0.6005;0.1794;0.6342;25.837322
1283;14423;-0.0001;-0.5997;0.1790;0.6342;25.837323
1283;14424;-0.0001;-0.6003;0.1790;0.6266;25.837324
1283;14425;-0.0001;-0.6014;0.1790;0.6227;25.837325
1283;14426;-0.0001;-0.6019;0.1790;0.6266;25.837326
1283;14427;-0.0001;-0.6013;0.1786;0.6323;25.837327
1283;14428;-0.0001;-0.6015;0.1785;0.6304;25.837328
1283;14429;-0.0001;-0.6027;0.1787;0.6285;25.837329
1283;14430;-0.0001;-0.6032;0.1786;0.6304;25.837330
1283;14431;-0.0001;-0.6028;0.1783;0.6304;25.837331
1283;14432;-0.0001;-0.6026;0.1780;0.6285;25.837332
1283;14433;-0.0001;-0.6022;0.1777;0.6246;25.837333
1283;14434;-0.0001;-0.6021;0.1774;0.6266;25.837334
1283;14435;-0.0001;-0.6019;0.1772;0.6304;25.837335
1283;14436;-0.0001;-0.6024;0.1771;0.6285;25.837336
1283;14437;-0.0001;-0.6027;0.1770;0.6323;25.837337
1283;14438;-0.0001;-0.6031;0.1769;0.6342;25.837338
1283;14439;-0.0001;-0.6035;0.1769;0.6323;25.837339
1283;14440;-0.0001;-0.6032;0.1766;0.6285;25.837340
1283;14441;-0.0001;-0.6033;0.1764;0.6266;25.837341
1283;14442;-0.0001;-0.6043;0.1765;0.6285;25.837342
1283;14443;-0.0001;-0.6047;0.1764;0.6285;25.837343
1283;14444;-0.0001;-0.6044;0.1761;0.6246;25.837344
1283;14445;-0.0001;-0.6044;0.1759;0.6227;25.837345
1283;14446;-0.0001;-0.6052;0.1760;0.6253;25.837346
1283;14447;-0.0001;-0.6059;0.1759;0.6273;25.837347
1283;14448;-0.0001;-0.6064;0.1759;0.6292;25.837348
1283;14449;-0.0001;-0.6064;0.1757;0.6311;25.837349
1283;14450;-0.0001;-0.6060;0.1754;0.6330;25.837350
1283;14451;-0.0001;-0.6058;0.1751;0.6273;25.837351
1283;14452;-0.0001;-0.6057;0.1749;0.6234;25.837352
1283;14453;-0.0001;-0.6058;0.1747;0.6273;25.837353
1283;14454;-0.0001;-0.6063;0.1747;0.6311;25.837354
1283;14455;-0.0001;-0.6063;0.1745;0.6330;25.837355
1283;14456;-0.0001;-0.6061;0.1742;0.6311;25.837356
1283;14457;-0.0001;-0.6065;0.1741;0.6292;25.837357
1283;14458;-0.0001;-0.6067;0.1740;0.6292;25.837358
1283;14459;-0.0001;-0.6069;0.1738;0.6292;25.837359
1283;14460;-0.0001;-0.6068;0.1736;0.6273;25.837360
1283;14461;-0.0001;-0.6072;0.1735;0.6292;25.837361
1283;14462;-0.0001;-0.6073;0.1733;0.6273;25.837362
1283;14463;-0.0001;-0.6067;0.1730;0.6292;25.837363
1283;14464;-0.0001;-0.6063;0.1727;0.6273;25.837364
1283;14465;-0.0001;-0.6073;0.1727;0.6234;25.837365
1283;14466;-0.0001;-0.6082;0.1728;0.6215;25.837366
1283;14467;-0.0001;-0.6083;0.1726;0.6196;25.837367
1283;14468;-0.0001;-0.6079;0.1723;0.6196;25.837368
1283;14469;-0.0001;-0.6080;0.1721;0.6158;25.837369
1283;14470;-0.0001;-0.6091;0.1722;0.6158;25.837370
1283;14471;-0.0001;-0.6101;0.1723;0.6177;25.837371
1283;14472;-0.0001;-0.6101;0.1721;0.6081;25.837372
1283;14473;-0.0001;-0.6092;0.1717;0.6005;25.837373
1283;14474;-0.0001;-0.6086;0.1713;0.5967;25.837374
1283;14475;-0.0001;-0.6093;0.1713;0.5928;25.837375
1283;14476;-0.0001;-0.6099;0.1713;0.5909;25.837376
1283;14477;-0.0001;-0.6095;0.1709;0.5871;25.837377
1283;14478;-0.0001;-0.6089;0.1706;0.5833;25.837378
1283;14479;-0.0001;-0.6095;0.1705;0.5833;25.837379
1283;14480;-0.0001;-0.6099;0.1704;0.5833;25.837380
1283;14481;-0.0001;-0.6101;0.1703;0.5852;25.837381
1283;14482;-0.0001;-0.6104;0.1702;0.5871;25.837382
1283;14483;-0.0001;-0.6102;0.1699;0.5909;25.837383
1283;14484;-0.0001;-0.6105;0.1698;0.5909;25.837384
1283;14485;-0.0001;-0.6112;0.1698;0.5928;25.837385
1283;14486;-0.0001;-0.6115;0.1697;0.5967;25.837386
1283;14487;-0.0001;-0.6120;0.1696;0.5967;25.837387
1283;14488;-0.0001;-0.6122;0.1695;0.5948;25.837388
1283;14489;-0.0001;-0.6119;0.1692;0.5967;25.837389
1283;14490;-0.0001;-0.6113;0.1688;0.5986;25.837390
1283;14491;-0.0001;-0.6113;0.1686;0.5986;25.837391
1283;14492;-0.0001;-0.6125;0.1687;0.5928;25.837392
1283;14493;-0.0001;-0.6132;0.1687;0.5871;25.837393
1283;14494;-0.0001;-0.6135;0.1686;0.5871;25.837394
1283;14495;-0.0001;-0.6142;0.1686;0.5871;25.837395
1283;14496;-0.0001;-0.6145;0.1685;0.5928;25.837396
1283;14497;-0.0001;-0.6147;0.1683;0.5967;25.837397
1283;14498;-0.0001;-0.6146;0.1681;0.6005;25.837398
1283;14499;-0.0001;-0.6148;0.1680;0.6024;25.837399
1283;14500;-0.0001;-0.6149;0.1678;0.5986;25.837400
1283;14501;-0.0001;-0.6145;0.1675;0.5986;25.837401
1283;14502;-0.0001;-0.6155;0.1676;0.6005;25.837402
1283;14503;-0.0002;-0.6162;0.1675;0.6024;25.837403
1283;14504;-0.0001;-0.6158;0.1672;0.6043;25.837404
1283;14505;-0.0002;-0.6156;0.1670;0.6024;25.837405
1283;14506;-0.0001;-0.6150;0.1666;0.6043;25.837406
1283;14507;-0.0001;-0.6150;0.1664;0.6139;25.837407
1283;14508;-0.0002;-0.6153;0.1663;0.6215;25.837408
1283;14509;-0.0002;-0.6161;0.1663;0.6234;25.837409
1283;14510;-0.0002;-0.6171;0.1663;0.6215;25.837410
1283;14511;-0.0002;-0.6170;0.1661;0.6292;25.837411
1283;14512;-0.0002;-0.6168;0.1659;0.6368;25.837412
1283;14513;-0.0002;-0.6165;0.1656;0.6406;25.837413
1283;14514;-0.0002;-0.6163;0.1653;0.6387;25.837414
1283;14515;-0.0002;-0.6164;0.1652;0.6330;25.837415
1283;14516;-0.0002;-0.6169;0.1651;0.6311;25.837416
1283;14517;-0.0002;-0.6172;0.1650;0.6292;25.837417
1283;14518;-0.0002;-0.6173;0.1648;0.6273;25.837418
1283;14519;-0.0002;-0.6173;0.1646;0.6292;25.837419
1283;14520;-0.0002;-0.6178;0.1645;0.6311;25.837420
1283;14521;-0.0002;-0.6182;0.1644;0.6311;25.837421
1283;14522;-0.0002;-0.6188;0.1644;0.6203;25.837422
1283;14523;-0.0002;-0.6196;0.1644;0.6127;25.837423
1283;14524;-0.0002;-0.6199;0.1643;0.6146;25.837424
1283;14525;-0.0002;-0.6196;0.1640;0.6165;25.837425
1283;14526;-0.0002;-0.6193;0.1637;0.6165;25.837426
1283;14527;-0.0002;-0.6197;0.1636;0.6127;25.837427
1283;14528;-0.0002;-0.6203;0.1635;0.6051;25.837428
1283;14529;-0.0002;-0.6201;0.1633;0.6070;25.837429
1283;14530;-0.0002;-0.6199;0.1630;0.6070;25.837430
1283;14531;-0.0002;-0.6195;0.1627;0.6032;25.837431
1283;14532;-0.0002;-0.6201;0.1627;0.5994;25.837432
1283;14533;-0.0002;-0.6207;0.1626;0.5917;25.837433
1283;14534;-0.0002;-0.6208;0.1624;0.5879;25.837434
1283;14535;-0.0002;-0.6211;0.1623;0.5879;25.837435
1283;14536;-0.0002;-0.6210;0.1621;0.5898;25.837436
1283;14537;-0.0002;-0.6207;0.1618;0.5898;25.837437
1283;14538;-0.0002;-0.6210;0.1617;0.5860;25.837438
1283;14539;-0.0002;-0.6213;0.1616;0.5765;25.837439
1283;14540;-0.0002;-0.6215;0.1614;0.5689;25.837440
1283;14541;-0.0002;-0.6212;0.1612;0.5727;25.837441
1283;14542;-0.0002;-0.6212;0.1609;0.5803;25.837442
1283;14543;-0.0002;-0.6219;0.1609;0.5803;25.837443
1283;14544;-0.0002;-0.6219;0.1607;0.5841;25.837444
1283;14545;-0.0002;-0.6221;0.1605;0.5879;25.837445
1283;14546;-0.0002;-0.6225;0.1605;0.5879;25.837446
1283;14547;-0.0002;-0.6232;0.1605;0.5879;25.837447
1283;14548;-0.0002;-0.6238;0.1604;0.5879;25.837448
1283;14549;-0.0002;-0.6237;0.1602;0.5860;25.837449
1283;14550;-0.0002;-0.6239;0.1600;0.5822;25.837450
1283;14551;-0.0002;-0.6239;0.1598;0.5784;25.837451
1283;14552;-0.0002;-0.6237;0.1595;0.5765;25.837452
1283;14553;-0.0002;-0.6240;0.1594;0.5727;25.837453
1283;14554;-0.0002;-0.6240;0.1592;0.5727;25.837454
1283;14555;-0.0002;-0.6236;0.1589;0.5727;25.837455
1283;14556;-0.0002;-0.6245;0.1589;0.5746;25.837456
1283;14557;-0.0002;-0.6251;0.1589;0.5803;25.837457
1283;14558;-0.0002;-0.6256;0.1588;0.5822;25.837458
1283;14559;-0.0002;-0.6263;0.1588;0.5803;25.837459
1283;14560;-0.0002;-0.6270;0.1587;0.5784;25.837460
1283;14561;-0.0002;-0.6270;0.1586;0.5746;25.837461
1283;14562;-0.0002;-0.6262;0.1581;0.5708;25.837462
1283;14563;-0.0002;-0.6262;0.1580;0.5689;25.837463
1283;14564;-0.0002;-0.6270;0.1579;0.5708;25.837464
1283;14565;-0.0002;-0.6273;0.1578;0.5746;25.837465
1283;14566;-0.0002;-0.6282;0.1578;0.5765;25.837466
1283;14567;-0.0002;-0.6283;0.1576;0.5765;25.837467
1283;14568;-0.0002;-0.6281;0.1574;0.5727;25.837468
1283;14569;-0.0002;-0.6282;0.1572;0.5689;25.837469
1283;14570;-0.0002;-0.6281;0.1570;0.5689;25.837470
1283;14571;-0.0002;-0.6282;0.1568;0.5689;25.837471
1283;14572;-0.0002;-0.6276;0.1565;0.5708;25.837472
1283;14573;-0.0002;-0.6276;0.1562;0.5689;25.837473
1283;14574;-0.0002;-0.6276;0.1560;0.5670;25.837474
1283;14575;-0.0002;-0.6284;0.1560;0.5708;25.837475
1283;14576;-0.0002;-0.6300;0.1562;0.5689;25.837476
1283;14577;-0.0002;-0.6303;0.1561;0.5632;25.837477
1283;14578;-0.0002;-0.6295;0.1557;0.5708;25.837478
1283;14579;-0.0002;-0.6295;0.1555;0.5803;25.837479
1283;14580;-0.0002;-0.6296;0.1553;0.5841;25.837480
1283;14581;-0.0002;-0.6294;0.1551;0.5822;25.837481
1283;14582;-0.0002;-0.6295;0.1549;0.5822;25.837482
1283;14583;-0.0002;-0.6299;0.1548;0.5841;25.837483
1283;14584;-0.0002;-0.6295;0.1544;0.5879;25.837484
1283;14585;-0.0002;-0.6291;0.1542;0.5917;25.837485
1283;14586;-0.0002;-0.6297;0.1541;0.5955;25.837486
1283;14587;-0.0002;-0.6299;0.1539;0.5955;25.837487
1283;14588;-0.0002;-0.6312;0.1541;0.5955;25.837488
1283;14589;-0.0002;-0.6320;0.1541;0.5921;25.837489
1283;14590;-0.0002;-0.6318;0.1538;0.5921;25.837490
1283;14591;-0.0002;-0.6321;0.1537;0.5864;25.837491
1283;14592;-0.0002;-0.6322;0.1535;0.5826;25.837492
1283;14593;-0.0002;-0.6324;0.1533;0.5789;25.837493
1283;14594;-0.0002;-0.6329;0.1532;0.5808;25.837494
1283;14595;-0.0002;-0.6325;0.1529;0.5826;25.837495
1283;14596;-0.0002;-0.6323;0.1527;0.5826;25.837496
1283;14597;-0.0002;-0.6323;0.1525;0.5845;25.837497
1283;14598;-0.0002;-0.6329;0.1524;0.5864;25.837498
1283;14599;-0.0002;-0.6331;0.1522;0.5826;25.837499
1283;14600;-0.0002;-0.6330;0.1520;0.5826;25.837500
1283;14601;-0.0002;-0.6337;0.1520;0.5845;25.837501
1283;14602;-0.0002;-0.6346;0.1520;0.5864;25.837502
1283;14603;-0.0002;-0.6349;0.1519;0.5883;25.837503
1283;14604;-0.0002;-0.6352;0.1517;0.5940;25.837504
1283;14605;-0.0002;-0.6347;0.1514;0.6016;25.837505
1283;14606;-0.0002;-0.6348;0.1512;0.6016;25.837506
1283;14607;-0.0002;-0.6353;0.1512;0.5959;25.837507
1283;14608;-0.0002;-0.6359;0.1510;0.5921;25.837508
1283;14609;-0.0002;-0.6361;0.1509;0.5921;25.837509
1283;14610;-0.0002;-0.6357;0.1506;0.5940;25.837510
1283;14611;-0.0002;-0.6346;0.1502;0.5902;25.837511
1283;14612;-0.0002;-0.6345;0.1499;0.5883;25.837512
1283;14613;-0.0002;-0.6352;0.1499;0.5864;25.837513
1283;14614;-0.0002;-0.6361;0.1499;0.5845;25.837514
1283;14615;-0.0002;-0.6357;0.1496;0.5826;25.837515
1283;14616;-0.0002;-0.6349;0.1492;0.5808;25.837516
1283;14617;-0.0002;-0.6354;0.1491;0.5770;25.837517
1283;14618;-0.0002;-0.6369;0.1492;0.5751;25.837518
1283;14619;-0.0002;-0.6377;0.1492;0.5751;25.837519
1283;14620;-0.0002;-0.6373;0.1489;0.5770;25.837520
1283;14621;-0.0002;-0.6371;0.1487;0.5808;25.837521
1283;14622;-0.0002;-0.6376;0.1486;0.5808;25.837522
1283;14623;-0.0002;-0.6378;0.1484;0.5808;25.837523
1283;14624;-0.0002;-0.6381;0.1483;0.5808;25.837524
1283;14625;-0.0002;-0.6389;0.1482;0.5826;25.837525
1283;14626;-0.0002;-0.6391;0.1481;0.5883;25.837526
1283;14627;-0.0002;-0.6390;0.1479;0.5921;25.837527
1283;14628;-0.0002;-0.6380;0.1475;0.5921;25.837528
1283;14629;-0.0002;-0.6377;0.1472;0.5921;25.837529
1283;14630;-0.0002;-0.6375;0.1469;0.5902;25.837530
1283;14631;-0.0002;-0.6380;0.1468;0.5883;25.837531
1283;14632;-0.0002;-0.6390;0.1469;0.5826;25.837532
1283;14633;-0.0002;-0.6399;0.1469;0.5808;25.837533
1283;14634;-0.0002;-0.6404;0.1467;0.5826;25.837534
1283;14635;-0.0002;-0.6398;0.1464;0.5883;25.837535
1283;14636;-0.0002;-0.6399;0.1462;0.5921;25.837536
1283;14637;-0.0002;-0.6410;0.1463;0.5883;25.837537
1283;14638;-0.0002;-0.6410;0.1461;0.5808;25.837538
1283;14639;-0.0002;-0.6404;0.1457;0.5845;25.837539
1283;14640;-0.0002;-0.6402;0.1455;0.5902;25.837540
1283;14641;-0.0002;-0.6407;0.1454;0.5921;25.837541
1283;14642;-0.0002;-0.6414;0.1453;0.5940;25.837542
1283;14643;-0.0002;-0.6422;0.1453;0.5959;25.837543
1283;14644;-0.0002;-0.6418;0.1450;0.6016;25.837544
1283;14645;-0.0002;-0.6415;0.1447;0.6053;25.837545
1283;14646;-0.0002;-0.6417;0.1446;0.6110;25.837546
1283;14647;-0.0002;-0.6424;0.1445;0.6072;25.837547
1283;14648;-0.0002;-0.6426;0.1444;0.6035;25.837548
1283;14649;-0.0002;-0.6427;0.1442;0.6016;25.837549
1283;14650;-0.0002;-0.6433;0.1441;0.5978;25.837550
1283;14651;-0.0002;-0.6434;0.1439;0.5940;25.837551
1283;14652;-0.0002;-0.6432;0.1437;0.5921;25.837552
1283;14653;-0.0002;-0.6429;0.1434;0.5902;25.837553
1283;14654;-0.0002;-0.6429;0.1432;0.5883;25.837554
1283;14655;-0.0002;-0.6429;0.1430;0.5808;25.837555
1283;14656;-0.0002;-0.6439;0.1430;0.5732;25.837556
1283;14657;-0.0002;-0.6453;0.1431;0.5664;25.837557
1283;14658;-0.0002;-0.6457;0.1430;0.5627;25.837558
1283;14659;-0.0002;-0.6456;0.1427;0.5627;25.837559
1283;14660;-0.0002;-0.6458;0.1426;0.5589;25.837560
1283;14661;-0.0002;-0.6455;0.1423;0.5514;25.837561
1283;14662;-0.0002;-0.6450;0.1420;0.5457;25.837562
1283;14663;-0.0002;-0.6451;0.1418;0.5420;25.837563
1283;14664;-0.0002;-0.6456;0.1417;0.5457;25.837564
1283;14665;-0.0002;-0.6461;0.1416;0.5514;25.837565
1283;14666;-0.0002;-0.6464;0.1415;0.5551;25.837566
1283;14667;-0.0002;-0.6469;0.1414;0.5589;25.837567
1283;14668;-0.0002;-0.6473;0.1413;0.5646;25.837568
1283;14669;-0.0002;-0.6477;0.1411;0.5721;25.837569
1283;14670;-0.0002;-0.6483;0.1410;0.5777;25.837570
1283;14671;-0.0002;-0.6479;0.1408;0.5853;25.837571
1283;14672;-0.0002;-0.6480;0.1406;0.5909;25.837572
1283;14673;-0.0002;-0.6478;0.1403;0.5909;25.837573
1283;14674;-0.0002;-0.6478;0.1401;0.5909;25.837574
1283;14675;-0.0002;-0.6483;0.1400;0.5909;25.837575
1283;14676;-0.0002;-0.6480;0.1398;0.5909;25.837576
1283;14677;-0.0002;-0.6477;0.1395;0.5890;25.837577
1283;14678;-0.0002;-0.6480;0.1393;0.5871;25.837578
1283;14679;-0.0002;-0.6481;0.1391;0.5909;25.837579
1283;14680;-0.0002;-0.6483;0.1390;0.5890;25.837580
1283;14681;-0.0002;-0.6482;0.1387;0.5853;25.837581
1283;14682;-0.0002;-0.6484;0.1386;0.5853;25.837582
1283;14683;-0.0002;-0.6488;0.1385;0.5815;25.837583
1283;14684;-0.0002;-0.6494;0.1384;0.5702;25.837584
1283;14685;-0.0002;-0.6506;0.1384;0.5627;25.837585
1283;14686;-0.0002;-0.6510;0.1383;0.5608;25.837586
1283;14687;-0.0002;-0.6509;0.1381;0.5627;25.837587
1283;14688;-0.0002;-0.6506;0.1378;0.5646;25.837588
1283;14689;-0.0002;-0.6503;0.1375;0.5646;25.837589
1283;14690;-0.0002;-0.6510;0.1375;0.5646;25.837590
1283;14691;-0.0002;-0.6515;0.1374;0.5664;25.837591
1283;14692;-0.0002;-0.6522;0.1373;0.5702;25.837592
1283;14693;-0.0002;-0.6527;0.1372;0.5702;25.837593
1283;14694;-0.0002;-0.6527;0.1370;0.5664;25.837594
1283;14695;-0.0002;-0.6531;0.1368;0.5664;25.837595
1283;14696;-0.0002;-0.6519;0.1364;0.5683;25.837596
1283;14697;-0.0002;-0.6513;0.1360;0.5702;25.837597
1283;14698;-0.0002;-0.6524;0.1361;0.5683;25.837598
1283;14699;-0.0002;-0.6531;0.1360;0.5646;25.837599
1283;14700;-0.0002;-0.6533;0.1359;0.5608;25.837600
1283;14701;-0.0002;-0.6537;0.1357;0.5495;25.837601
1283;14702;-0.0002;-0.6538;0.1355;0.5476;25.837602
1283;14703;-0.0002;-0.6540;0.1354;0.5514;25.837603
1283;14704;-0.0002;-0.6543;0.1352;0.5514;25.837604
1283;14705;-0.0002;-0.6553;0.1352;0.5514;25.837605
1283;14706;-0.0002;-0.6558;0.1351;0.5495;25.837606
1283;14707;-0.0002;-0.6546;0.1347;0.5495;25.837607
1283;14708;-0.0002;-0.6542;0.1344;0.5476;25.837608
1283;14709;-0.0002;-0.6547;0.1343;0.5495;25.837609
1283;14710;-0.0002;-0.6553;0.1342;0.5533;25.837610
1283;14711;-0.0002;-0.6557;0.1340;0.5551;25.837611
1283;14712;-0.0002;-0.6557;0.1338;0.5570;25.837612
1283;14713;-0.0002;-0.6563;0.1338;0.5627;25.837613
1283;14714;-0.0002;-0.6567;0.1336;0.5631;25.837614
1283;14715;-0.0002;-0.6563;0.1334;0.5683;25.837615
1283;14716;-0.0002;-0.6562;0.1331;0.5646;25.837616
1283;14717;-0.0002;-0.6562;0.1329;0.5646;25.837617
1283;14718;-0.0002;-0.6572;0.1329;0.5649;25.837618
1283;14719;-0.0002;-0.6577;0.1328;0.5649;25.837619
1283;14720;-0.0002;-0.6583;0.1327;0.5649;25.837620
1283;14721;-0.0002;-0.6587;0.1325;0.5668;25.837621
1283;14722;-0.0002;-0.6587;0.1324;0.5668;25.837622
1283;14723;-0.0002;-0.6587;0.1321;0.5631;25.837623
1283;14724;-0.0002;-0.6579;0.1318;0.5612;25.837624
1283;14725;-0.0002;-0.6574;0.1315;0.5593;25.837625
1283;14726;-0.0002;-0.6584;0.1314;0.5556;25.837626
1283;14727;-0.0002;-0.6593;0.1314;0.5518;25.837627
1283;14728;-0.0002;-0.6598;0.1313;0.5481;25.837628
1283;14729;-0.0002;-0.6602;0.1312;0.5500;25.837629
1283;14730;-0.0002;-0.6597;0.1309;0.5518;25.837630
1283;14731;-0.0002;-0.6602;0.1308;0.5537;25.837631
1283;14732;-0.0002;-0.6607;0.1306;0.5556;25.837632
1283;14733;-0.0002;-0.6603;0.1304;0.5593;25.837633
1283;14734;-0.0002;-0.6601;0.1301;0.5612;25.837634
1283;14735;-0.0002;-0.6604;0.1300;0.5649;25.837635
1283;14736;-0.0002;-0.6613;0.1299;0.5687;25.837636
1283;14737;-0.0002;-0.6613;0.1297;0.5705;25.837637
1283;14738;-0.0002;-0.6611;0.1294;0.5687;25.837638
1283;14739;-0.0002;-0.6621;0.1294;0.5668;25.837639
1283;14740;-0.0002;-0.6628;0.1293;0.5649;25.837640
1283;14741;-0.0002;-0.6624;0.1291;0.5668;25.837641
1283;14742;-0.0002;-0.6617;0.1287;0.5668;25.837642
1283;14743;-0.0002;-0.6622;0.1286;0.5668;25.837643
1283;14744;-0.0002;-0.6630;0.1286;0.5649;25.837644
1283;14745;-0.0002;-0.6629;0.1283;0.5593;25.837645
1283;14746;-0.0002;-0.6630;0.1281;0.5537;25.837646
1283;14747;-0.0002;-0.6630;0.1279;0.5481;25.837647
1283;14748;-0.0002;-0.6631;0.1277;0.5481;25.837648
1283;14749;-0.0002;-0.6638;0.1276;0.5500;25.837649
1283;14750;-0.0002;-0.6643;0.1276;0.5500;25.837650
1283;14751;-0.0002;-0.6642;0.1273;0.5500;25.837651
1283;14752;-0.0002;-0.6639;0.1271;0.5481;25.837652
1283;14753;-0.0002;-0.6633;0.1267;0.5425;25.837653
1283;14754;-0.0002;-0.6633;0.1265;0.5406;25.837654
1283;14755;-0.0002;-0.6643;0.1265;0.5444;25.837655
1283;14756;-0.0002;-0.6654;0.1265;0.5481;25.837656
1283;14757;-0.0002;-0.6658;0.1264;0.5537;25.837657
1283;14758;-0.0002;-0.6660;0.1262;0.5556;25.837658
1283;14759;-0.0002;-0.6665;0.1261;0.5593;25.837659
1283;14760;-0.0002;-0.6666;0.1259;0.5612;25.837660
1283;14761;-0.0002;-0.6671;0.1258;0.5612;25.837661
1283;14762;-0.0002;-0.6671;0.1255;0.5556;25.837662
1283;14763;-0.0002;-0.6671;0.1253;0.5537;25.837663
1283;14764;-0.0002;-0.6673;0.1251;0.5518;25.837664
1283;14765;-0.0002;-0.6665;0.1248;0.5500;25.837665
1283;14766;-0.0002;-0.6658;0.1245;0.5462;25.837666
1283;14767;-0.0002;-0.6664;0.1243;0.5444;25.837667
1283;14768;-0.0002;-0.6667;0.1242;0.5444;25.837668
1283;14769;-0.0002;-0.6673;0.1241;0.5406;25.837669
1283;14770;-0.0002;-0.6677;0.1240;0.5369;25.837670
1283;14771;-0.0002;-0.6680;0.1238;0.5313;25.837671
1283;14772;-0.0002;-0.6682;0.1236;0.5294;25.837672
1283;14773;-0.0002;-0.6687;0.1235;0.5243;25.837673
1283;14774;-0.0002;-0.6691;0.1234;0.5243;25.837674
1283;14775;-0.0002;-0.6681;0.1230;0.5275;25.837675
1283;14776;-0.0002;-0.6672;0.1226;0.5313;25.837676
1283;14777;-0.0002;-0.6678;0.1225;0.5369;25.837677
1283;14778;-0.0002;-0.6685;0.1224;0.5444;25.837678
1283;14779;-0.0002;-0.6693;0.1223;0.5448;25.837679
1283;14780;-0.0002;-0.6692;0.1221;0.5504;25.837680
1283;14781;-0.0002;-0.6688;0.1218;0.5631;25.837681
1283;14782;-0.0002;-0.6691;0.1217;0.5652;25.837682
1283;14783;-0.0002;-0.6696;0.1216;0.5727;25.837683
1283;14784;-0.0002;-0.6703;0.1214;0.5801;25.837684
1283;14785;-0.0002;-0.6708;0.1213;0.5801;25.837685
1283;14786;-0.0002;-0.6709;0.1211;0.5764;25.837686
1283;14787;-0.0002;-0.6709;0.1209;0.5690;25.837687
1283;14788;-0.0002;-0.6705;0.1206;0.5634;25.837688
1283;14789;-0.0002;-0.6707;0.1205;0.5615;25.837689
1283;14790;-0.0002;-0.6711;0.1203;0.5634;25.837690
1283;14791;-0.0002;-0.6720;0.1203;0.5690;25.837691
1283;14792;-0.0002;-0.6736;0.1204;0.5690;25.837692
1283;14793;-0.0002;-0.6734;0.1201;0.5634;25.837693
1283;14794;-0.0002;-0.6732;0.1198;0.5615;25.837694
1283;14795;-0.0002;-0.6737;0.1197;0.5634;25.837695
1283;14796;-0.0002;-0.6741;0.1196;0.5578;25.837696
1283;14797;-0.0002;-0.6742;0.1194;0.5504;25.837697
1283;14798;-0.0002;-0.6731;0.1190;0.5466;25.837698
1283;14799;-0.0002;-0.6729;0.1187;0.5429;25.837699
1283;14800;-0.0002;-0.6743;0.1188;0.5448;25.837700
1283;14801;-0.0002;-0.6758;0.1188;0.5466;25.837701
1283;14802;-0.0002;-0.6769;0.1188;0.5504;25.837702
1283;14803;-0.0002;-0.6765;0.1185;0.5504;25.837703
1283;14804;-0.0002;-0.6758;0.1182;0.5504;25.837704
1283;14805;-0.0002;-0.6751;0.1179;0.5504;25.837705
1283;14806;-0.0002;-0.6746;0.1176;0.5448;25.837706
1283;14807;-0.0002;-0.6753;0.1175;0.5392;25.837707
1283;14808;-0.0002;-0.6754;0.1173;0.5374;25.837708
1283;14809;-0.0002;-0.6756;0.1171;0.5392;25.837709
1283;14810;-0.0002;-0.6767;0.1171;0.5448;25.837710
1283;14811;-0.0002;-0.6768;0.1169;0.5504;25.837711
1283;14812;-0.0002;-0.6775;0.1167;0.5504;25.837712
1283;14813;-0.0002;-0.6780;0.1166;0.5466;25.837713
1283;14814;-0.0002;-0.6784;0.1165;0.5485;25.837714
1283;14815;-0.0002;-0.6785;0.1163;0.5485;25.837715
1283;14816;-0.0002;-0.6774;0.1159;0.5466;25.837716
1283;14817;-0.0002;-0.6766;0.1155;0.5448;25.837717
1283;14818;-0.0002;-0.6775;0.1155;0.5448;25.837718
1283;14819;-0.0002;-0.6782;0.1154;0.5466;25.837719
1283;14820;-0.0003;-0.6789;0.1153;0.5522;25.837720
1283;14821;-0.0003;-0.6792;0.1151;0.5504;25.837721
1283;14822;-0.0003;-0.6797;0.1150;0.5504;25.837722
1283;14823;-0.0003;-0.6801;0.1149;0.5541;25.837723
1283;14824;-0.0003;-0.6800;0.1146;0.5559;25.837724
1283;14825;-0.0003;-0.6800;0.1144;0.5559;25.837725
1283;14826;-0.0003;-0.6798;0.1142;0.5578;25.837726
1283;14827;-0.0003;-0.6799;0.1140;0.5634;25.837727
1283;14828;-0.0003;-0.6806;0.1139;0.5636;25.837728
1283;14829;-0.0003;-0.6810;0.1137;0.5655;25.837729
1283;14830;-0.0003;-0.6816;0.1136;0.5636;25.837730
1283;14831;-0.0003;-0.6811;0.1133;0.5618;25.837731
1283;14832;-0.0003;-0.6812;0.1131;0.5636;25.837732
1283;14833;-0.0003;-0.6823;0.1131;0.5599;25.837733
1283;14834;-0.0003;-0.6822;0.1128;0.5507;25.837734
1283;14835;-0.0003;-0.6831;0.1128;0.5451;25.837735
1283;14836;-0.0003;-0.6836;0.1126;0.5414;25.837736
1283;14837;-0.0003;-0.6835;0.1124;0.5378;25.837737
1283;14838;-0.0003;-0.6839;0.1122;0.5359;25.837738
1283;14839;-0.0003;-0.6843;0.1121;0.5341;25.837739
1283;14840;-0.0003;-0.6844;0.1119;0.5378;25.837740
1283;14841;-0.0003;-0.6847;0.1118;0.5378;25.837741
1283;14842;-0.0003;-0.6852;0.1116;0.5378;25.837742
1283;14843;-0.0003;-0.6850;0.1114;0.5378;25.837743
1283;14844;-0.0003;-0.6848;0.1111;0.5359;25.837744
1283;14845;-0.0003;-0.6860;0.1111;0.5396;25.837745
1283;14846;-0.0003;-0.6866;0.1110;0.5396;25.837746
1283;14847;-0.0003;-0.6861;0.1107;0.5396;25.837747
1283;14848;-0.0003;-0.6860;0.1104;0.5396;25.837748
1283;14849;-0.0003;-0.6867;0.1103;0.5451;25.837749
1283;14850;-0.0003;-0.6876;0.1103;0.5470;25.837750
1283;14851;-0.0003;-0.6882;0.1101;0.5470;25.837751
1283;14852;-0.0003;-0.6878;0.1099;0.5488;25.837752
1283;14853;-0.0003;-0.6881;0.1097;0.5562;25.837753
1283;14854;-0.0003;-0.6881;0.1095;0.5636;25.837754
1283;14855;-0.0003;-0.6884;0.1093;0.5655;25.837755
1283;14856;-0.0003;-0.6894;0.1093;0.5655;25.837756
1283;14857;-0.0003;-0.6892;0.1090;0.5636;25.837757
1283;14858;-0.0003;-0.6885;0.1087;0.5673;25.837758
1283;14859;-0.0003;-0.6885;0.1085;0.5692;25.837759
1283;14860;-0.0003;-0.6888;0.1083;0.5710;25.837760
1283;14861;-0.0003;-0.6895;0.1082;0.5729;25.837761
1283;14862;-0.0003;-0.6901;0.1081;0.5747;25.837762
1283;14863;-0.0003;-0.6910;0.1080;0.5747;25.837763
1283;14864;-0.0003;-0.6919;0.1079;0.5730;25.837764
1283;14865;-0.0003;-0.6923;0.1078;0.5766;25.837765
1283;14866;-0.0003;-0.6925;0.1076;0.5785;25.837766
1283;14867;-0.0003;-0.6920;0.1073;0.5785;25.837767
1283;14868;-0.0003;-0.6917;0.1070;0.5821;25.837768
1283;14869;-0.0003;-0.6914;0.1067;0.5895;25.837769
1283;14870;-0.0003;-0.6912;0.1065;0.6024;25.837770
1283;14871;-0.0003;-0.6919;0.1064;0.6060;25.837771
1283;14872;-0.0003;-0.6925;0.1063;0.6042;25.837772
1283;14873;-0.0003;-0.6929;0.1061;0.6079;25.837773
1283;14874;-0.0003;-0.6929;0.1059;0.6152;25.837774
1283;14875;-0.0003;-0.6929;0.1057;0.6171;25.837775
1283;14876;-0.0003;-0.6934;0.1055;0.6244;25.837776
1283;14877;-0.0003;-0.6937;0.1054;0.6299;25.837777
1283;14878;-0.0003;-0.6950;0.1054;0.6354;25.837778
1283;14879;-0.0003;-0.6957;0.1052;0.6373;25.837779
1283;14880;-0.0003;-0.6956;0.1050;0.6373;25.837780
1283;14881;-0.0003;-0.6952;0.1047;0.6428;25.837781
1283;14882;-0.0003;-0.6951;0.1045;0.6483;25.837782
1283;14883;-0.0003;-0.6960;0.1044;0.6519;25.837783
1283;14884;-0.0003;-0.6967;0.1043;0.6519;25.837784
1283;14885;-0.0003;-0.6966;0.1041;0.6501;25.837785
1283;14886;-0.0003;-0.6967;0.1038;0.6501;25.837786
1283;14887;-0.0003;-0.6967;0.1036;0.6556;25.837787
1283;14888;-0.0003;-0.6970;0.1035;0.6611;25.837788
1283;14889;-0.0003;-0.6975;0.1033;0.6666;25.837789
1283;14890;-0.0003;-0.6982;0.1032;0.6721;25.837790
1283;14891;-0.0003;-0.6983;0.1030;0.6758;25.837791
1283;14892;-0.0003;-0.6980;0.1027;0.6813;25.837792
1283;14893;-0.0003;-0.6981;0.1025;0.6868;25.837793
1283;14894;-0.0003;-0.6986;0.1024;0.6887;25.837794
1283;14895;-0.0003;-0.6990;0.1022;0.6832;25.837795
1283;14896;-0.0003;-0.6997;0.1021;0.6795;25.837796
1283;14897;-0.0003;-0.7005;0.1020;0.6795;25.837797
1283;14898;-0.0003;-0.7010;0.1019;0.6850;25.837798
1283;14899;-0.0003;-0.7017;0.1017;0.6850;25.837799
1283;14900;-0.0003;-0.7015;0.1015;0.6832;25.837800
1283;14901;-0.0003;-0.7015;0.1013;0.6868;25.837801
1283;14902;-0.0003;-0.7011;0.1010;0.6923;25.837802
1283;14903;-0.0003;-0.7009;0.1007;0.6942;25.837803
1283;14904;-0.0003;-0.7017;0.1006;0.6905;25.837804
1283;14905;-0.0003;-0.7023;0.1005;0.6887;25.837805
1283;14906;-0.0003;-0.7026;0.1003;0.6923;25.837806
1283;14907;-0.0003;-0.7024;0.1001;0.6923;25.837807
1283;14908;-0.0003;-0.7022;0.0998;0.6942;25.837808
1283;14909;-0.0003;-0.7029;0.0997;0.7034;25.837809
1283;14910;-0.0003;-0.7029;0.0995;0.7089;25.837810
1283;14911;-0.0003;-0.7032;0.0993;0.7094;25.837811
1283;14912;-0.0003;-0.7039;0.0992;0.7130;25.837812
1283;14913;-0.0003;-0.7044;0.0991;0.7130;25.837813
1283;14914;-0.0003;-0.7050;0.0989;0.7149;25.837814
1283;14915;-0.0003;-0.7059;0.0988;0.7167;25.837815
1283;14916;-0.0003;-0.7064;0.0987;0.7203;25.837816
1283;14917;-0.0003;-0.7066;0.0985;0.7276;25.837817
1283;14918;-0.0003;-0.7060;0.0981;0.7313;25.837818
1283;14919;-0.0003;-0.7062;0.0980;0.7404;25.837819
1283;14920;-0.0003;-0.7065;0.0978;0.7531;25.837820
1283;14921;-0.0003;-0.7067;0.0976;0.7604;25.837821
1283;14922;-0.0003;-0.7066;0.0974;0.7586;25.837822
1283;14923;-0.0003;-0.7065;0.0971;0.7586;25.837823
1283;14924;-0.0003;-0.7070;0.0970;0.7677;25.837824
1283;14925;-0.0003;-0.7076;0.0968;0.7714;25.837825
1283;14926;-0.0003;-0.7078;0.0967;0.7677;25.837826
1283;14927;-0.0003;-0.7080;0.0964;0.7696;25.837827
1283;14928;-0.0003;-0.7081;0.0963;0.7750;25.837828
1283;14929;-0.0003;-0.7088;0.0961;0.7841;25.837829
1283;14930;-0.0003;-0.7089;0.0959;0.7969;25.837830
1283;14931;-0.0003;-0.7086;0.0957;0.8079;25.837831
1283;14932;-0.0003;-0.7087;0.0954;0.8170;25.837832
1283;14933;-0.0003;-0.7083;0.0952;0.8224;25.837833
1283;14934;-0.0003;-0.7085;0.0950;0.8243;25.837834
1283;14935;-0.0003;-0.7092;0.0949;0.8279;25.837835
1283;14936;-0.0003;-0.7093;0.0946;0.8316;25.837836
1283;14937;-0.0003;-0.7097;0.0945;0.8334;25.837837
1283;14938;-0.0003;-0.7097;0.0942;0.8297;25.837838
1283;14939;-0.0003;-0.7098;0.0941;0.8297;25.837839
1283;14940;-0.0003;-0.7105;0.0939;0.8316;25.837840
1283;14941;-0.0003;-0.7103;0.0937;0.8334;25.837841
1283;14942;-0.0003;-0.7105;0.0935;0.8316;25.837842
1283;14943;-0.0003;-0.7104;0.0932;0.8261;25.837843
1283;14944;-0.0003;-0.7106;0.0930;0.8224;25.837844
1283;14945;-0.0003;-0.7111;0.0929;0.8224;25.837845
1283;14946;-0.0003;-0.7113;0.0927;0.8243;25.837846
1283;14947;-0.0003;-0.7119;0.0925;0.8297;25.837847
1283;14948;-0.0003;-0.7121;0.0924;0.8316;25.837848
1283;14949;-0.0003;-0.7123;0.0921;0.8316;25.837849
1283;14950;-0.0003;-0.7124;0.0920;0.8334;25.837850
1283;14951;-0.0003;-0.7122;0.0917;0.8370;25.837851
1283;14952;-0.0003;-0.7124;0.0915;0.8425;25.837852
1283;14953;-0.0003;-0.7127;0.0913;0.8425;25.837853
1283;14954;-0.0003;-0.7126;0.0911;0.8407;25.837854
1283;14955;-0.0003;-0.7130;0.0909;0.8443;25.837855
1283;14956;-0.0003;-0.7131;0.0907;0.8498;25.837856
1283;14957;-0.0003;-0.7133;0.0905;0.8516;25.837857
1283;14958;-0.0003;-0.7132;0.0902;0.8462;25.837858
1283;14959;-0.0003;-0.7134;0.0901;0.8407;25.837859
1283;14960;-0.0003;-0.7139;0.0899;0.8407;25.837860
1283;14961;-0.0003;-0.7145;0.0898;0.8353;25.837861
1283;14962;-0.0003;-0.7153;0.0896;0.8353;25.837862
1283;14963;-0.0003;-0.7153;0.0894;0.8317;25.837863
1283;14964;-0.0003;-0.7149;0.0891;0.8281;25.837864
1283;14965;-0.0003;-0.7151;0.0890;0.8317;25.837865
1283;14966;-0.0003;-0.7150;0.0887;0.8299;25.837866
1283;14967;-0.0003;-0.7150;0.0885;0.8299;25.837867
1283;14968;-0.0003;-0.7150;0.0883;0.8317;25.837868
1283;14969;-0.0003;-0.7151;0.0881;0.8371;25.837869
1283;14970;-0.0003;-0.7155;0.0879;0.8389;25.837870
1283;14971;-0.0003;-0.7156;0.0877;0.8389;25.837871
1283;14972;-0.0003;-0.7158;0.0875;0.8407;25.837872
1283;14973;-0.0003;-0.7165;0.0873;0.8444;25.837873
1283;14974;-0.0003;-0.7170;0.0872;0.8498;25.837874
1283;14975;-0.0003;-0.7168;0.0869;0.8552;25.837875
1283;14976;-0.0003;-0.7163;0.0867;0.8534;25.837876
1283;14977;-0.0003;-0.7173;0.0865;0.8516;25.837877
1283;14978;-0.0003;-0.7180;0.0864;0.8498;25.837878
1283;14979;-0.0003;-0.7181;0.0862;0.8462;25.837879
1283;14980;-0.0003;-0.7185;0.0860;0.8444;25.837880
1283;14981;-0.0003;-0.7184;0.0858;0.8407;25.837881
1283;14982;-0.0003;-0.7182;0.0855;0.8353;25.837882
1283;14983;-0.0003;-0.7186;0.0854;0.8299;25.837883
1283;14984;-0.0003;-0.7182;0.0851;0.8226;25.837884
1283;14985;-0.0003;-0.7182;0.0848;0.8190;25.837885
1283;14986;-0.0003;-0.7180;0.0846;0.8136;25.837886
1283;14987;-0.0003;-0.7178;0.0844;0.8118;25.837887
1283;14988;-0.0003;-0.7187;0.0842;0.8136;25.837888
1283;14989;-0.0003;-0.7193;0.0841;0.8118;25.837889
1283;14990;-0.0003;-0.7195;0.0839;0.8154;25.837890
1283;14991;-0.0003;-0.7193;0.0837;0.8136;25.837891
1283;14992;-0.0003;-0.7188;0.0834;0.8081;25.837892
1283;14993;-0.0003;-0.7187;0.0831;0.7954;25.837893
1283;14994;-0.0003;-0.7185;0.0829;0.7864;25.837894
1283;14995;-0.0003;-0.7184;0.0826;0.7828;25.837895
1283;14996;-0.0003;-0.7178;0.0824;0.7773;25.837896
1283;14997;-0.0003;-0.7169;0.0820;0.7665;25.837897
1283;14998;-0.0003;-0.7151;0.0816;0.7550;25.837898
1283;14999;-0.0003;-0.7121;0.0810;0.7276;25.837899
1283;15000;-0.0003;-0.7087;0.0804;0.6948;25.837900
1283;15001;-0.0003;-0.7059;0.0799;0.6528;25.837901
1283;15002;-0.0003;-0.7037;0.0794;0.6097;25.837902
1283;15003;-0.0003;-0.7027;0.0791;0.5564;25.837903
1283;15004;-0.0003;-0.7018;0.0788;0.5014;25.837904
1283;15005;-0.0003;-0.7005;0.0784;0.4481;25.837905
1283;15006;-0.0003;-0.6991;0.0781;0.4040;25.837906
1283;15007;-0.0003;-0.6982;0.0777;0.3655;25.837907
1283;15008;-0.0003;-0.6985;0.0775;0.3361;25.837908
1283;15009;-0.0003;-0.6979;0.0773;0.3122;25.837909
1283;15010;-0.0003;-0.6974;0.0770;0.2938;25.837910
1283;15011;-0.0003;-0.6965;0.0767;0.2847;25.837911
1283;15012;-0.0003;-0.6966;0.0764;0.2828;25.837912
1283;15013;-0.0003;-0.6973;0.0763;0.2847;25.837913
1283;15014;-0.0003;-0.6977;0.0761;0.2865;25.837914
1283;15015;-0.0003;-0.6986;0.0760;0.2920;25.837915
1283;15016;-0.0003;-0.7000;0.0760;0.2975;25.837916
1283;15017;-0.0003;-0.7006;0.0758;0.3012;25.837917
1283;15018;-0.0003;-0.7015;0.0757;0.3104;25.837918
1283;15019;-0.0003;-0.7025;0.0756;0.3324;25.837919
1283;15020;-0.0003;-0.7047;0.0756;0.3783;25.837920
1283;15021;-0.0003;-0.7069;0.0756;0.4358;25.837921
1283;15022;-0.0003;-0.7082;0.0755;0.5015;25.837922
1283;15023;-0.0003;-0.7095;0.0754;0.5744;25.837923
1283;15024;-0.0003;-0.7107;0.0754;0.6474;25.837924
1283;15025;-0.0003;-0.7118;0.0752;0.7130;25.837925
1283;15026;-0.0003;-0.7134;0.0752;0.7677;25.837926
1283;15027;-0.0003;-0.7141;0.0751;0.8006;25.837927
1283;15028;-0.0003;-0.7143;0.0749;0.8115;25.837928
1283;15029;-0.0003;-0.7144;0.0746;0.8024;25.837929
1283;15030;-0.0003;-0.7147;0.0745;0.7787;25.837930
1283;15031;-0.0003;-0.7152;0.0743;0.7477;25.837931
1283;15032;-0.0003;-0.7156;0.0741;0.7167;25.837932
1283;15033;-0.0003;-0.7164;0.0740;0.6831;25.837933
1283;15034;-0.0003;-0.7174;0.0738;0.6577;25.837934
1283;15035;-0.0003;-0.7171;0.0736;0.6342;25.837935
1283;15036;-0.0003;-0.7165;0.0733;0.6179;25.837936
1283;15037;-0.0003;-0.7162;0.0731;0.6091;25.837937
1283;15038;-0.0003;-0.7161;0.0728;0.6018;25.837938
1283;15039;-0.0003;-0.7166;0.0727;0.5943;25.837939
1283;15040;-0.0003;-0.7166;0.0724;0.5871;25.837940
1283;15041;-0.0003;-0.7165;0.0722;0.5834;25.837941
1283;15042;-0.0003;-0.7160;0.0719;0.5890;25.837942
1283;15043;-0.0003;-0.7152;0.0716;0.5945;25.837943
1283;15044;-0.0003;-0.7152;0.0714;0.6018;25.837944
1283;15045;-0.0003;-0.7152;0.0712;0.6073;25.837945
1283;15046;-0.0003;-0.7157;0.0710;0.6091;25.837946
1283;15047;-0.0003;-0.7168;0.0709;0.6052;25.837947
1283;15048;-0.0003;-0.7172;0.0707;0.6070;25.837948
1283;15049;-0.0003;-0.7170;0.0705;0.6016;25.837949
1283;15050;-0.0003;-0.7163;0.0702;0.5963;25.837950
1283;15051;-0.0003;-0.7155;0.0699;0.5872;25.837951
1283;15052;-0.0003;-0.7154;0.0696;0.5836;25.837952
1283;15053;-0.0003;-0.7154;0.0694;0.5799;25.837953
1283;15054;-0.0003;-0.7155;0.0692;0.5763;25.837954
1283;15055;-0.0003;-0.7154;0.0690;0.5671;25.837955
1283;15056;-0.0003;-0.7148;0.0687;0.5580;25.837956
1283;15057;-0.0003;-0.7153;0.0685;0.5489;25.837957
1283;15058;-0.0003;-0.7156;0.0684;0.5398;25.837958
1283;15059;-0.0003;-0.7167;0.0682;0.5325;25.837959
1283;15060;-0.0003;-0.7162;0.0680;0.5270;25.837960
1283;15061;-0.0003;-0.7156;0.0677;0.5234;25.837961
1283;15062;-0.0003;-0.7159;0.0675;0.5179;25.837962
1283;15063;-0.0003;-0.7170;0.0674;0.5092;25.837963
1283;15064;-0.0003;-0.7175;0.0672;0.5019;25.837964
1283;15065;-0.0003;-0.7161;0.0669;0.4942;25.837965
1283;15066;-0.0003;-0.7155;0.0666;0.4887;25.837966
1283;15067;-0.0003;-0.7155;0.0663;0.4851;25.837967
1283;15068;-0.0003;-0.7157;0.0661;0.4778;25.837968
1283;15069;-0.0003;-0.7160;0.0659;0.4741;25.837969
1283;15070;-0.0003;-0.7158;0.0657;0.4705;25.837970
1283;15071;-0.0003;-0.7156;0.0655;0.4650;25.837971
1283;15072;-0.0003;-0.7151;0.0652;0.4595;25.837972
1283;15073;-0.0003;-0.7144;0.0649;0.4523;25.837973
1283;15074;-0.0003;-0.7146;0.0647;0.4450;25.837974
1283;15075;-0.0003;-0.7149;0.0645;0.4340;25.837975
1283;15076;-0.0003;-0.7147;0.0643;0.4249;25.837976
1283;15077;-0.0003;-0.7141;0.0640;0.4194;25.837977
1283;15078;-0.0003;-0.7132;0.0637;0.4194;25.837978
1283;15079;-0.0003;-0.7124;0.0634;0.4176;25.837979
1283;15080;-0.0003;-0.7107;0.0630;0.4121;25.837980
1283;15081;-0.0003;-0.7098;0.0627;0.4067;25.837981
1283;15082;-0.0003;-0.7107;0.0626;0.3975;25.837982
1283;15083;-0.0003;-0.7116;0.0625;0.3866;25.837983
1283;15084;-0.0003;-0.7114;0.0622;0.3738;25.837984
1283;15085;-0.0003;-0.7110;0.0620;0.3629;25.837985
1283;15086;-0.0003;-0.7105;0.0617;0.3592;25.837986
1283;15087;-0.0003;-0.7117;0.0616;0.3611;25.837987
1283;15088;-0.0003;-0.7133;0.0615;0.3629;25.837988
1283;15089;-0.0003;-0.7131;0.0613;0.3684;25.837989
1283;15090;-0.0003;-0.7124;0.0610;0.3757;25.837990
1283;15091;-0.0003;-0.7125;0.0608;0.3939;25.837991
1283;15092;-0.0003;-0.7134;0.0606;0.4158;25.837992
1283;15093;-0.0003;-0.7130;0.0604;0.4395;25.837993
1283;15094;-0.0003;-0.7130;0.0602;0.4705;25.837994
1283;15095;-0.0003;-0.7137;0.0600;0.5106;25.837995
1283;15096;-0.0003;-0.7131;0.0597;0.5471;25.837996
1283;15097;-0.0003;-0.7121;0.0594;0.5836;25.837997
1283;15098;-0.0003;-0.7121;0.0592;0.6200;25.837998
1283;15099;-0.0003;-0.7122;0.0590;0.6583;25.837999
1283;15100;-0.0003;-0.7126;0.0588;0.7003;25.838000
1283;15101;-0.0003;-0.7127;0.0586;0.7313;25.838001
1283;15102;-0.0003;-0.7132;0.0584;0.7586;25.838002
1283;15103;-0.0003;-0.7136;0.0582;0.7805;25.838003
1283;15104;-0.0003;-0.7141;0.0581;0.7987;25.838004
1283;15105;-0.0003;-0.7148;0.0579;0.7969;25.838005
1283;15106;-0.0003;-0.7146;0.0577;0.7732;25.838006
1283;15107;-0.0003;-0.7145;0.0574;0.7367;25.838007
1283;15108;-0.0003;-0.7151;0.0572;0.6966;25.838008
1283;15109;-0.0003;-0.7156;0.0571;0.6583;25.838009
1283;15110;-0.0003;-0.7156;0.0568;0.6200;25.838010
1283;15111;-0.0003;-0.7151;0.0566;0.5744;25.838011
1283;15112;-0.0003;-0.7153;0.0564;0.5270;25.838012
1283;15113;-0.0003;-0.7160;0.0562;0.4833;25.838013
1283;15114;-0.0003;-0.7164;0.0560;0.4541;25.838014
1283;15115;-0.0003;-0.7171;0.0559;0.4486;25.838015
1283;15116;-0.0003;-0.7180;0.0557;0.4657;25.838016
1283;15117;-0.0003;-0.7195;0.0556;0.5237;25.838017
1283;15118;-0.0003;-0.7213;0.0555;0.6251;25.838018
1283;15119;-0.0003;-0.7227;0.0554;0.7520;25.838019
1283;15120;-0.0003;-0.7238;0.0553;0.8951;25.838020
1283;15121;-0.0003;-0.7246;0.0551;1.0437;25.838021
1283;15122;-0.0003;-0.7253;0.0549;1.1959;25.838022
1283;15123;-0.0003;-0.7261;0.0547;1.3318;25.838023
1283;15124;-0.0003;-0.7268;0.0546;1.4441;25.838024
1283;15125;-0.0004;-0.7278;0.0544;1.5383;25.838025
1283;15126;-0.0004;-0.7276;0.0542;1.6144;25.838026
1283;15127;-0.0003;-0.7267;0.0539;1.6815;25.838027
1283;15128;-0.0003;-0.7260;0.0536;1.7449;25.838028
1283;15129;-0.0003;-0.7256;0.0534;1.7830;25.838029
1283;15130;-0.0003;-0.7255;0.0531;1.7521;25.838030
1283;15131;-0.0003;-0.7253;0.0529;1.6616;25.838031
1283;15132;-0.0003;-0.7251;0.0527;1.5691;25.838032
1283;15133;-0.0004;-0.7256;0.0525;1.5184;25.838033
1283;15134;-0.0004;-0.7259;0.0523;1.4912;25.838034
1283;15135;-0.0004;-0.7264;0.0521;1.4423;25.838035
1283;15136;-0.0004;-0.7264;0.0519;1.3535;25.838036
1283;15137;-0.0004;-0.7257;0.0516;1.2647;25.838037
1283;15138;-0.0004;-0.7258;0.0514;1.2031;25.838038
1283;15139;-0.0004;-0.7259;0.0512;1.1506;25.838039
1283;15140;-0.0004;-0.7261;0.0509;1.0890;25.838040
1283;15141;-0.0004;-0.7261;0.0508;1.0074;25.838041
1283;15142;-0.0004;-0.7259;0.0505;0.9259;25.838042
1283;15143;-0.0004;-0.7265;0.0503;0.8607;25.838043
1283;15144;-0.0004;-0.7268;0.0501;0.8027;25.838044
1283;15145;-0.0004;-0.7270;0.0499;0.7574;25.838045
1283;15146;-0.0004;-0.7269;0.0497;0.7193;25.838046
1283;15147;-0.0004;-0.7269;0.0494;0.6831;25.838047
1283;15148;-0.0004;-0.7269;0.0492;0.6541;25.838048
1283;15149;-0.0004;-0.7266;0.0490;0.6287;25.838049
1283;15150;-0.0004;-0.7269;0.0488;0.6088;25.838050
1283;15151;-0.0004;-0.7278;0.0486;0.5925;25.838051
1283;15152;-0.0004;-0.7285;0.0484;0.5756;25.838052
1283;15153;-0.0004;-0.7291;0.0482;0.5667;25.838053
1283;15154;-0.0004;-0.7284;0.0480;0.5563;25.838054
1283;15155;-0.0004;-0.7282;0.0477;0.5436;25.838055
1283;15156;-0.0004;-0.7293;0.0476;0.5307;25.838056
1283;15157;-0.0004;-0.7295;0.0474;0.5253;25.838057
1283;15158;-0.0004;-0.7289;0.0471;0.5235;25.838058
1283;15159;-0.0004;-0.7281;0.0468;0.5237;25.838059
1283;15160;-0.0004;-0.7280;0.0466;0.5218;25.838060
1283;15161;-0.0004;-0.7285;0.0464;0.5146;25.838061
1283;15162;-0.0004;-0.7285;0.0462;0.5073;25.838062
1283;15163;-0.0004;-0.7285;0.0460;0.5037;25.838063
1283;15164;-0.0004;-0.7280;0.0457;0.4947;25.838064
1283;15165;-0.0004;-0.7275;0.0454;0.4910;25.838065
1283;15166;-0.0004;-0.7278;0.0452;0.4947;25.838066
1283;15167;-0.0004;-0.7291;0.0451;0.4929;25.838067
1283;15168;-0.0004;-0.7302;0.0449;0.4911;25.838068
1283;15169;-0.0004;-0.7298;0.0447;0.4857;25.838069
1283;15170;-0.0004;-0.7286;0.0444;0.4838;25.838070
1283;15171;-0.0004;-0.7281;0.0441;0.4784;25.838071
1283;15172;-0.0004;-0.7288;0.0440;0.4587;25.838072
1283;15173;-0.0004;-0.7300;0.0438;0.4425;25.838073
1283;15174;-0.0004;-0.7308;0.0436;0.4263;25.838074
1283;15175;-0.0004;-0.7312;0.0434;0.4084;25.838075
1283;15176;-0.0004;-0.7306;0.0432;0.3904;25.838076
1283;15177;-0.0004;-0.7308;0.0429;0.3796;25.838077
1283;15178;-0.0004;-0.7324;0.0428;0.3796;25.838078
1283;15179;-0.0004;-0.7338;0.0427;0.3688;25.838079
1283;15180;-0.0004;-0.7331;0.0424;0.3562;25.838080
1283;15181;-0.0004;-0.7328;0.0422;0.3544;25.838081
1283;15182;-0.0004;-0.7315;0.0419;0.3544;25.838082
1283;15183;-0.0004;-0.7309;0.0416;0.3562;25.838083
1283;15184;-0.0004;-0.7316;0.0414;0.3652;25.838084
1283;15185;-0.0004;-0.7323;0.0412;0.3796;25.838085
1283;15186;-0.0004;-0.7327;0.0410;0.3922;25.838086
1283;15187;-0.0004;-0.7318;0.0408;0.4030;25.838087
1283;15188;-0.0004;-0.7315;0.0405;0.4191;25.838088
1283;15189;-0.0004;-0.7316;0.0403;0.4407;25.838089
1283;15190;-0.0004;-0.7317;0.0401;0.4713;25.838090
1283;15191;-0.0004;-0.7319;0.0399;0.5163;25.838091
1283;15192;-0.0004;-0.7321;0.0397;0.5810;25.838092
1283;15193;-0.0004;-0.7319;0.0394;0.6692;25.838093
1283;15194;-0.0004;-0.7319;0.0392;0.7735;25.838094
1283;15195;-0.0004;-0.7316;0.0389;0.8977;25.838095
1283;15196;-0.0004;-0.7316;0.0387;1.0362;25.838096
1283;15197;-0.0004;-0.7312;0.0385;1.1657;25.838097
1283;15198;-0.0004;-0.7305;0.0382;1.2754;25.838098
1283;15199;-0.0004;-0.7300;0.0380;1.3780;25.838099
1283;15200;-0.0004;-0.7287;0.0377;1.4894;25.838100
1283;15201;-0.0004;-0.7280;0.0374;1.5565;25.838101
1283;15202;-0.0004;-0.7298;0.0373;1.5579;25.838102
1283;15203;-0.0004;-0.7308;0.0371;1.5596;25.838103
1283;15204;-0.0004;-0.7314;0.0369;1.5579;25.838104
1283;15205;-0.0004;-0.7314;0.0367;1.5596;25.838105
1283;15206;-0.0004;-0.7314;0.0365;1.5758;25.838106
1283;15207;-0.0004;-0.7311;0.0362;1.5884;25.838107
1283;15208;-0.0004;-0.7304;0.0360;1.6010;25.838108
1283;15209;-0.0004;-0.7306;0.0358;1.6244;25.838109
1283;15210;-0.0004;-0.7306;0.0355;1.6370;25.838110
1283;15211;-0.0004;-0.7304;0.0353;1.6298;25.838111
1283;15212;-0.0004;-0.7311;0.0351;1.6172;25.838112
1283;15213;-0.0004;-0.7311;0.0349;1.6100;25.838113
1283;15214;-0.0004;-0.7306;0.0346;1.6154;25.838114
1283;15215;-0.0004;-0.7301;0.0344;1.6208;25.838115
1283;15216;-0.0004;-0.7303;0.0342;1.6334;25.838116
1283;15217;-0.0004;-0.7309;0.0340;1.6424;25.838117
1283;15218;-0.0004;-0.7310;0.0338;1.6352;25.838118
1283;15219;-0.0004;-0.7309;0.0335;1.6370;25.838119
1283;15220;-0.0004;-0.7310;0.0333;1.6532;25.838120
1283;15221;-0.0004;-0.7314;0.0331;1.6748;25.838121
1283;15222;-0.0004;-0.7316;0.0329;1.6730;25.838122
1283;15223;-0.0004;-0.7310;0.0326;1.6334;25.838123
1283;15224;-0.0004;-0.7310;0.0324;1.5758;25.838124
1283;15225;-0.0004;-0.7312;0.0322;1.5309;25.838125
1283;15226;-0.0004;-0.7313;0.0320;1.5309;25.838126
1283;15227;-0.0004;-0.7311;0.0317;1.5543;25.838127
1283;15228;-0.0004;-0.7306;0.0315;1.5722;25.838128
1283;15229;-0.0004;-0.7306;0.0312;1.5848;25.838129
1283;15230;-0.0004;-0.7311;0.0311;1.5740;25.838130
1283;15231;-0.0004;-0.7310;0.0308;1.5596;25.838131
1283;15232;-0.0004;-0.7308;0.0306;1.5704;25.838132
1283;15233;-0.0004;-0.7308;0.0304;1.5902;25.838133
1283;15234;-0.0004;-0.7313;0.0302;1.5974;25.838134
1283;15235;-0.0004;-0.7313;0.0299;1.5812;25.838135
1283;15236;-0.0004;-0.7305;0.0297;1.5543;25.838136
1283;15237;-0.0004;-0.7304;0.0295;1.5489;25.838137
1283;15238;-0.0004;-0.7305;0.0292;1.5489;25.838138
1283;15239;-0.0004;-0.7307;0.0290;1.5489;25.838139
1283;15240;-0.0004;-0.7311;0.0288;1.5453;25.838140
1283;15241;-0.0004;-0.7311;0.0286;1.5507;25.838141
1283;15242;-0.0004;-0.7312;0.0284;1.5686;25.838142
1283;15243;-0.0004;-0.7312;0.0281;1.5776;25.838143
1283;15244;-0.0004;-0.7312;0.0279;1.5920;25.838144
1283;15245;-0.0004;-0.7314;0.0277;1.6226;25.838145
1283;15246;-0.0004;-0.7311;0.0275;1.6514;25.838146
1283;15247;-0.0004;-0.7309;0.0272;1.6622;25.838147
1283;15248;-0.0004;-0.7310;0.0270;1.6514;25.838148
1283;15249;-0.0004;-0.7310;0.0268;1.6496;25.838149
1283;15250;-0.0004;-0.7312;0.0266;1.6406;25.838150
1283;15251;-0.0004;-0.7312;0.0263;1.6208;25.838151
1283;15252;-0.0004;-0.7313;0.0261;1.6136;25.838152
1283;15253;-0.0004;-0.7313;0.0259;1.6100;25.838153
1283;15254;-0.0004;-0.7312;0.0257;1.6100;25.838154
1283;15255;-0.0004;-0.7310;0.0254;1.6154;25.838155
1283;15256;-0.0004;-0.7305;0.0252;1.6208;25.838156
1283;15257;-0.0004;-0.7305;0.0250;1.6352;25.838157
1283;15258;-0.0004;-0.7308;0.0247;1.6496;25.838158
1283;15259;-0.0004;-0.7310;0.0246;1.6820;25.838159
1283;15260;-0.0004;-0.7312;0.0243;1.7323;25.838160
1283;15261;-0.0004;-0.7311;0.0241;1.7557;25.838161
1283;15262;-0.0004;-0.7309;0.0239;1.7323;25.838162
1283;15263;-0.0004;-0.7307;0.0236;1.6802;25.838163
1283;15264;-0.0004;-0.7307;0.0234;1.6424;25.838164
1283;15265;-0.0004;-0.7307;0.0232;1.6190;25.838165
1283;15266;-0.0004;-0.7306;0.0230;1.6028;25.838166
1283;15267;-0.0004;-0.7307;0.0228;1.6154;25.838167
1283;15268;-0.0004;-0.7313;0.0225;1.6334;25.838168
1283;15269;-0.0004;-0.7318;0.0223;1.6550;25.838169
1283;15270;-0.0004;-0.7323;0.0221;1.6730;25.838170
1283;15271;-0.0004;-0.7320;0.0219;1.6658;25.838171
1283;15272;-0.0004;-0.7316;0.0217;1.6550;25.838172
1283;15273;-0.0004;-0.7316;0.0214;1.6532;25.838173
1283;15274;-0.0004;-0.7314;0.0212;1.6604;25.838174
1283;15275;-0.0004;-0.7315;0.0210;1.6694;25.838175
1283;15276;-0.0004;-0.7314;0.0207;1.6730;25.838176
1283;15277;-0.0004;-0.7314;0.0205;1.6874;25.838177
1283;15278;-0.0004;-0.7314;0.0203;1.6982;25.838178
1283;15279;-0.0004;-0.7315;0.0201;1.6748;25.838179
1283;15280;-0.0004;-0.7312;0.0198;1.6388;25.838180
1283;15281;-0.0004;-0.7310;0.0196;1.6082;25.838181
1283;15282;-0.0004;-0.7310;0.0194;1.6010;25.838182
1283;15283;-0.0004;-0.7312;0.0192;1.6334;25.838183
1283;15284;-0.0004;-0.7308;0.0189;1.6676;25.838184
1283;15285;-0.0004;-0.7307;0.0187;1.6838;25.838185
1283;15286;-0.0004;-0.7310;0.0185;1.6838;25.838186
1283;15287;-0.0004;-0.7314;0.0183;1.6694;25.838187
1283;15288;-0.0004;-0.7315;0.0180;1.6478;25.838188
1283;15289;-0.0004;-0.7312;0.0178;1.6370;25.838189
1283;15290;-0.0004;-0.7310;0.0176;1.6478;25.838190
1283;15291;-0.0004;-0.7310;0.0174;1.6496;25.838191
1283;15292;-0.0004;-0.7308;0.0171;1.6334;25.838192
1283;15293;-0.0004;-0.7308;0.0169;1.6190;25.838193
1283;15294;-0.0004;-0.7308;0.0167;1.6118;25.838194
1283;15295;-0.0004;-0.7309;0.0164;1.6028;25.838195
1283;15296;-0.0004;-0.7315;0.0162;1.5956;25.838196
1283;15297;-0.0004;-0.7316;0.0160;1.6118;25.838197
1283;15298;-0.0004;-0.7315;0.0158;1.6334;25.838198
1283;15299;-0.0004;-0.7306;0.0155;1.6316;25.838199
1283;15300;-0.0004;-0.7301;0.0153;1.6316;25.838200
1283;15301;-0.0004;-0.7306;0.0151;1.6244;25.838201
1283;15302;-0.0004;-0.7309;0.0149;1.6298;25.838202
1283;15303;-0.0004;-0.7311;0.0147;1.6604;25.838203
1283;15304;-0.0004;-0.7306;0.0144;1.6928;25.838204
1283;15305;-0.0004;-0.7306;0.0142;1.7144;25.838205
1283;15306;-0.0004;-0.7309;0.0140;1.7072;25.838206
1283;15307;-0.0004;-0.7311;0.0138;1.6928;25.838207
1283;15308;-0.0004;-0.7311;0.0135;1.6928;25.838208
1283;15309;-0.0004;-0.7309;0.0133;1.6982;25.838209
1283;15310;-0.0004;-0.7308;0.0131;1.7036;25.838210
1283;15311;-0.0004;-0.7309;0.0129;1.6910;25.838211
1283;15312;-0.0004;-0.7308;0.0126;1.6874;25.838212
1283;15313;-0.0004;-0.7308;0.0124;1.7198;25.838213
1283;15314;-0.0004;-0.7309;0.0122;1.7539;25.838214
1283;15315;-0.0004;-0.7305;0.0120;1.7449;25.838215
1283;15316;-0.0004;-0.7305;0.0117;1.7090;25.838216
1283;15317;-0.0004;-0.7309;0.0115;1.6766;25.838217
1283;15318;-0.0004;-0.7314;0.0113;1.6622;25.838218
1283;15319;-0.0004;-0.7314;0.0111;1.6406;25.838219
1283;15320;-0.0004;-0.7309;0.0109;1.6154;25.838220
1283;15321;-0.0004;-0.7309;0.0106;1.6082;25.838221
1283;15322;-0.0004;-0.7309;0.0104;1.6226;25.838222
1283;15323;-0.0004;-0.7309;0.0102;1.6442;25.838223
1283;15324;-0.0004;-0.7307;0.0100;1.6568;25.838224
1283;15325;-0.0004;-0.7309;0.0097;1.6658;25.838225
1283;15326;-0.0004;-0.7314;0.0095;1.6784;25.838226
1283;15327;-0.0004;-0.7316;0.0093;1.6910;25.838227
1283;15328;-0.0004;-0.7316;0.0091;1.7018;25.838228
1283;15329;-0.0004;-0.7317;0.0088;1.6982;25.838229
1283;15330;-0.0004;-0.7314;0.0086;1.6928;25.838230
1283;15331;-0.0004;-0.7312;0.0084;1.6982;25.838231
1283;15332;-0.0004;-0.7310;0.0081;1.6874;25.838232
1283;15333;-0.0004;-0.7310;0.0079;1.6802;25.838233
1283;15334;-0.0004;-0.7314;0.0077;1.6946;25.838234
1283;15335;-0.0004;-0.7314;0.0075;1.6910;25.838235
1283;15336;-0.0004;-0.7312;0.0073;1.6712;25.838236
1283;15337;-0.0004;-0.7312;0.0070;1.6550;25.838237
1283;15338;-0.0004;-0.7314;0.0068;1.6550;25.838238
1283;15339;-0.0004;-0.7316;0.0066;1.6478;25.838239
1283;15340;-0.0004;-0.7310;0.0064;1.6334;25.838240
1283;15341;-0.0004;-0.7307;0.0061;1.6406;25.838241
1283;15342;-0.0004;-0.7305;0.0059;1.6406;25.838242
1283;15343;-0.0004;-0.7305;0.0057;1.6226;25.838243
1283;15344;-0.0004;-0.7305;0.0055;1.6298;25.838244
1283;15345;-0.0004;-0.7303;0.0052;1.6802;25.838245
1283;15346;-0.0004;-0.7305;0.0050;1.7180;25.838246
1283;15347;-0.0004;-0.7307;0.0048;1.6748;25.838247
1283;15348;-0.0004;-0.7303;0.0046;1.6244;25.838248
1283;15349;-0.0004;-0.7305;0.0043;1.6316;25.838249
1283;15350;-0.0004;-0.7309;0.0041;1.6568;25.838250
1283;15351;-0.0004;-0.7314;0.0039;1.6676;25.838251
1283;15352;-0.0004;-0.7312;0.0037;1.6622;25.838252
1283;15353;-0.0004;-0.7309;0.0034;1.6406;25.838253
1283;15354;-0.0004;-0.7310;0.0032;1.5992;25.838254
1283;15355;-0.0004;-0.7307;0.0030;1.5543;25.838255
1283;15356;-0.0004;-0.7300;0.0028;1.5255;25.838256
1283;15357;-0.0004;-0.7300;0.0026;1.4895;25.838257
1283;15358;-0.0004;-0.7298;0.0023;1.4604;25.838258
1283;15359;-0.0004;-0.7297;0.0021;1.4061;25.838259
1283;15360;-0.0004;-0.7285;0.0019;1.3046;25.838260
1283;15361;-0.0004;-0.7265;0.0017;1.1941;25.838261
1283;15362;-0.0004;-0.7242;0.0014;1.0890;25.838262
1283;15363;-0.0004;-0.7209;0.0012;0.9929;25.838263
1283;15364;-0.0004;-0.7168;0.0010;0.9063;25.838264
1283;15365;-0.0004;-0.7114;0.0008;0.8170;25.838265
1283;15366;-0.0004;-0.7054;0.0005;0.7474;25.838266
1283;15367;-0.0004;-0.6991;0.0003;0.6930;25.838267
1283;15368;-0.0004;-0.6920;0.0001;0.6542;25.838268
1283;15369;-0.0004;-0.6862;-0.0001;0.6303;25.838269
1283;15370;-0.0004;-0.6817;-0.0003;0.6099;25.838270
1283;15371;-0.0004;-0.6782;-0.0006;0.6023;25.838271
1283;15372;-0.0004;-0.6760;-0.0007;0.6005;25.838272
1283;15373;-0.0004;-0.6735;-0.0010;0.6005;25.838273
1283;15374;-0.0004;-0.6723;-0.0011;0.5986;25.838274
1283;15375;-0.0004;-0.6721;-0.0014;0.6005;25.838275
1283;15376;-0.0004;-0.6728;-0.0016;0.6023;25.838276
1283;15377;-0.0004;-0.6726;-0.0018;0.5986;25.838277
1283;15378;-0.0004;-0.6714;-0.0020;0.5986;25.838278
1283;15379;-0.0004;-0.6710;-0.0022;0.6042;25.838279
1283;15380;-0.0004;-0.6708;-0.0024;0.6080;25.838280
1283;15381;-0.0004;-0.6708;-0.0026;0.6117;25.838281
1283;15382;-0.0004;-0.6711;-0.0028;0.6098;25.838282
1283;15383;-0.0004;-0.6709;-0.0030;0.6080;25.838283
1283;15384;-0.0004;-0.6709;-0.0032;0.6080;25.838284
1283;15385;-0.0004;-0.6708;-0.0034;0.6061;25.838285
1283;15386;-0.0004;-0.6711;-0.0036;0.6042;25.838286
1283;15387;-0.0004;-0.6720;-0.0038;0.6023;25.838287
1283;15388;-0.0004;-0.6722;-0.0041;0.6042;25.838288
1283;15389;-0.0004;-0.6720;-0.0042;0.6061;25.838289
1283;15390;-0.0004;-0.6715;-0.0045;0.6005;25.838290
1283;15391;-0.0004;-0.6706;-0.0046;0.5949;25.838291
1283;15392;-0.0004;-0.6701;-0.0049;0.5967;25.838292
1283;15393;-0.0004;-0.6702;-0.0051;0.6042;25.838293
1283;15394;-0.0004;-0.6709;-0.0053;0.6080;25.838294
1283;15395;-0.0004;-0.6715;-0.0055;0.6080;25.838295
1283;15396;-0.0004;-0.6708;-0.0057;0.6080;25.838296
1283;15397;-0.0004;-0.6697;-0.0059;0.6097;25.838297
1283;15398;-0.0004;-0.6694;-0.0061;0.6116;25.838298
1283;15399;-0.0004;-0.6701;-0.0063;0.6117;25.838299
1283;15400;-0.0004;-0.6708;-0.0065;0.6192;25.838300
1283;15401;-0.0004;-0.6711;-0.0067;0.6211;25.838301
1283;15402;-0.0004;-0.6718;-0.0069;0.6192;25.838302
1283;15403;-0.0004;-0.6716;-0.0071;0.6211;25.838303
1283;15404;-0.0004;-0.6716;-0.0073;0.6267;25.838304
1283;15405;-0.0004;-0.6722;-0.0075;0.6248;25.838305
1283;15406;-0.0004;-0.6720;-0.0077;0.6248;25.838306
1283;15407;-0.0004;-0.6715;-0.0080;0.6304;25.838307
1283;15408;-0.0004;-0.6720;-0.0082;0.6267;25.838308
1283;15409;-0.0004;-0.6720;-0.0084;0.6173;25.838309
1283;15410;-0.0004;-0.6704;-0.0086;0.6136;25.838310
1283;15411;-0.0004;-0.6692;-0.0087;0.6172;25.838311
1283;15412;-0.0004;-0.6697;-0.0090;0.6135;25.838312
1283;15413;-0.0004;-0.6706;-0.0092;0.6023;25.838313
1283;15414;-0.0004;-0.6709;-0.0094;0.5967;25.838314
1283;15415;-0.0004;-0.6716;-0.0096;0.5949;25.838315
1283;15416;-0.0004;-0.6713;-0.0098;0.5986;25.838316
1283;15417;-0.0004;-0.6713;-0.0100;0.6023;25.838317
1283;15418;-0.0004;-0.6708;-0.0102;0.6061;25.838318
1283;15419;-0.0004;-0.6702;-0.0104;0.6042;25.838319
1283;15420;-0.0004;-0.6702;-0.0106;0.6080;25.838320
1283;15421;-0.0004;-0.6706;-0.0108;0.6154;25.838321
1283;15422;-0.0004;-0.6709;-0.0110;0.6192;25.838322
1283;15423;-0.0004;-0.6713;-0.0113;0.6192;25.838323
1283;15424;-0.0004;-0.6713;-0.0114;0.6211;25.838324
1283;15425;-0.0004;-0.6715;-0.0117;0.6229;25.838325
1283;15426;-0.0004;-0.6712;-0.0119;0.6229;25.838326
1283;15427;-0.0004;-0.6712;-0.0121;0.6211;25.838327
1283;15428;-0.0004;-0.6707;-0.0123;0.6229;25.838328
1283;15429;-0.0004;-0.6698;-0.0125;0.6304;25.838329
1283;15430;-0.0004;-0.6696;-0.0127;0.6323;25.838330
1283;15431;-0.0004;-0.6693;-0.0128;0.6342;25.838331
1283;15432;-0.0004;-0.6693;-0.0131;0.6342;25.838332
1283;15433;-0.0004;-0.6703;-0.0133;0.6304;25.838333
1283;15434;-0.0004;-0.6712;-0.0135;0.6304;25.838334
1283;15435;-0.0004;-0.6719;-0.0137;0.6248;25.838335
1283;15436;-0.0004;-0.6722;-0.0140;0.6229;25.838336
1283;15437;-0.0004;-0.6717;-0.0141;0.6267;25.838337
1283;15438;-0.0004;-0.6717;-0.0144;0.6285;25.838338
1283;15439;-0.0004;-0.6707;-0.0145;0.6285;25.838339
1283;15440;-0.0004;-0.6698;-0.0147;0.6285;25.838340
1283;15441;-0.0004;-0.6694;-0.0149;0.6304;25.838341
1283;15442;-0.0004;-0.6698;-0.0151;0.6342;25.838342
1283;15443;-0.0004;-0.6705;-0.0153;0.6323;25.838343
1283;15444;-0.0004;-0.6710;-0.0156;0.6323;25.838344
1283;15445;-0.0004;-0.6719;-0.0158;0.6341;25.838345
1283;15446;-0.0004;-0.6710;-0.0160;0.6323;25.838346
1283;15447;-0.0004;-0.6698;-0.0162;0.6323;25.838347
1283;15448;-0.0004;-0.6693;-0.0163;0.6248;25.838348
1283;15449;-0.0004;-0.6688;-0.0166;0.6229;25.838349
1283;15450;-0.0004;-0.6695;-0.0167;0.6191;25.838350
1283;15451;-0.0004;-0.6704;-0.0170;0.6080;25.838351
1283;15452;-0.0004;-0.6697;-0.0172;0.6078;25.838352
1283;15453;-0.0004;-0.6699;-0.0174;0.6042;25.838353
1283;15454;-0.0004;-0.6704;-0.0176;0.6080;25.838354
1283;15455;-0.0004;-0.6699;-0.0178;0.6098;25.838355
1283;15456;-0.0004;-0.6695;-0.0180;0.6135;25.838356
1283;15457;-0.0004;-0.6699;-0.0182;0.6136;25.838357
1283;15458;-0.0004;-0.6704;-0.0184;0.6173;25.838358
1283;15459;-0.0004;-0.6702;-0.0186;0.6173;25.838359
1283;15460;-0.0004;-0.6706;-0.0189;0.6192;25.838360
1283;15461;-0.0004;-0.6713;-0.0191;0.6211;25.838361
1283;15462;-0.0004;-0.6709;-0.0193;0.6248;25.838362
1283;15463;-0.0004;-0.6706;-0.0195;0.6304;25.838363
1283;15464;-0.0004;-0.6706;-0.0197;0.6304;25.838364
1283;15465;-0.0004;-0.6711;-0.0199;0.6229;25.838365
1283;15466;-0.0004;-0.6714;-0.0201;0.6248;25.838366
1283;15467;-0.0004;-0.6708;-0.0203;0.6267;25.838367
1283;15468;-0.0004;-0.6705;-0.0205;0.6229;25.838368
1283;15469;-0.0004;-0.6705;-0.0207;0.6248;25.838369
1283;15470;-0.0004;-0.6703;-0.0209;0.6285;25.838370
1283;15471;-0.0004;-0.6701;-0.0211;0.6285;25.838371
1283;15472;-0.0004;-0.6698;-0.0213;0.6229;25.838372
1283;15473;-0.0004;-0.6705;-0.0215;0.6211;25.838373
1283;15474;-0.0004;-0.6708;-0.0217;0.6267;25.838374
1283;15475;-0.0004;-0.6706;-0.0219;0.6304;25.838375
1283;15476;-0.0004;-0.6703;-0.0221;0.6248;25.838376
1283;15477;-0.0004;-0.6696;-0.0223;0.6229;25.838377
1283;15478;-0.0004;-0.6698;-0.0225;0.6211;25.838378
1283;15479;-0.0004;-0.6703;-0.0227;0.6229;25.838379
1283;15480;-0.0004;-0.6699;-0.0229;0.6192;25.838380
1283;15481;-0.0004;-0.6705;-0.0232;0.6136;25.838381
1283;15482;-0.0004;-0.6711;-0.0234;0.6117;25.838382
1283;15483;-0.0004;-0.6714;-0.0236;0.6154;25.838383
1283;15484;-0.0004;-0.6718;-0.0238;0.6173;25.838384
1283;15485;-0.0004;-0.6718;-0.0240;0.6173;25.838385
1283;15486;-0.0004;-0.6709;-0.0242;0.6173;25.838386
1283;15487;-0.0004;-0.6705;-0.0244;0.6192;25.838387
1283;15488;-0.0004;-0.6705;-0.0246;0.6229;25.838388
1283;15489;-0.0004;-0.6705;-0.0248;0.6267;25.838389
1283;15490;-0.0004;-0.6695;-0.0250;0.6323;25.838390
1283;15491;-0.0004;-0.6695;-0.0252;0.6342;25.838391
1283;15492;-0.0004;-0.6702;-0.0254;0.6304;25.838392
1283;15493;-0.0004;-0.6711;-0.0257;0.6304;25.838393
1283;15494;-0.0004;-0.6714;-0.0259;0.6323;25.838394
1283;15495;-0.0004;-0.6703;-0.0261;0.6323;25.838395
1283;15496;-0.0004;-0.6694;-0.0262;0.6323;25.838396
1283;15497;-0.0004;-0.6687;-0.0264;0.6323;25.838397
1283;15498;-0.0004;-0.6687;-0.0266;0.6323;25.838398
1283;15499;-0.0004;-0.6697;-0.0269;0.6267;25.838399
1283;15500;-0.0004;-0.6704;-0.0271;0.6285;25.838400
1283;15501;-0.0004;-0.6706;-0.0273;0.6341;25.838401
1283;15502;-0.0004;-0.6703;-0.0275;0.6323;25.838402
1283;15503;-0.0004;-0.6699;-0.0277;0.6285;25.838403
1283;15504;-0.0004;-0.6697;-0.0279;0.6304;25.838404
1283;15505;-0.0004;-0.6697;-0.0281;0.6360;25.838405
1283;15506;-0.0004;-0.6708;-0.0283;0.6360;25.838406
1283;15507;-0.0004;-0.6710;-0.0285;0.6360;25.838407
1283;15508;-0.0004;-0.6702;-0.0287;0.6416;25.838408
1283;15509;-0.0004;-0.6695;-0.0289;0.6398;25.838409
1283;15510;-0.0004;-0.6693;-0.0291;0.6417;25.838410
1283;15511;-0.0004;-0.6693;-0.0293;0.6417;25.838411
1283;15512;-0.0004;-0.6696;-0.0295;0.6323;25.838412
1283;15513;-0.0004;-0.6698;-0.0297;0.6248;25.838413
1283;15514;-0.0004;-0.6703;-0.0300;0.6211;25.838414
1283;15515;-0.0004;-0.6705;-0.0302;0.6192;25.838415
1283;15516;-0.0004;-0.6703;-0.0304;0.6173;25.838416
1283;15517;-0.0004;-0.6700;-0.0306;0.6136;25.838417
1283;15518;-0.0004;-0.6699;-0.0308;0.6117;25.838418
1283;15519;-0.0004;-0.6708;-0.0310;0.6173;25.838419
1283;15520;-0.0004;-0.6709;-0.0312;0.6211;25.838420
1283;15521;-0.0004;-0.6704;-0.0314;0.6192;25.838421
1283;15522;-0.0004;-0.6701;-0.0316;0.6173;25.838422
1283;15523;-0.0004;-0.6701;-0.0318;0.6173;25.838423
1283;15524;-0.0004;-0.6706;-0.0320;0.6154;25.838424
1283;15525;-0.0004;-0.6699;-0.0322;0.6136;25.838425
1283;15526;-0.0004;-0.6692;-0.0324;0.6191;25.838426
1283;15527;-0.0004;-0.6697;-0.0326;0.6173;25.838427
1283;15528;-0.0004;-0.6705;-0.0328;0.6154;25.838428
1283;15529;-0.0004;-0.6710;-0.0331;0.6136;25.838429
1283;15530;-0.0004;-0.6707;-0.0333;0.6117;25.838430
1283;15531;-0.0004;-0.6703;-0.0335;0.6117;25.838431
1283;15532;-0.0004;-0.6705;-0.0337;0.6154;25.838432
1283;15533;-0.0004;-0.6708;-0.0339;0.6192;25.838433
1283;15534;-0.0004;-0.6710;-0.0341;0.6229;25.838434
1283;15535;-0.0004;-0.6705;-0.0343;0.6211;25.838435
1283;15536;-0.0004;-0.6700;-0.0345;0.6211;25.838436
1283;15537;-0.0004;-0.6698;-0.0347;0.6248;25.838437
1283;15538;-0.0004;-0.6697;-0.0349;0.6304;25.838438
1283;15539;-0.0004;-0.6704;-0.0351;0.6360;25.838439
1283;15540;-0.0004;-0.6711;-0.0354;0.6341;25.838440
1283;15541;-0.0004;-0.6714;-0.0356;0.6323;25.838441
1283;15542;-0.0004;-0.6720;-0.0358;0.6323;25.838442
1283;15543;-0.0004;-0.6713;-0.0360;0.6341;25.838443
1283;15544;-0.0004;-0.6704;-0.0361;0.6341;25.838444
1283;15545;-0.0004;-0.6706;-0.0364;0.6323;25.838445
1283;15546;-0.0004;-0.6711;-0.0366;0.6285;25.838446
1283;15547;-0.0004;-0.6713;-0.0368;0.6304;25.838447
1283;15548;-0.0004;-0.6712;-0.0370;0.6323;25.838448
1283;15549;-0.0004;-0.6712;-0.0372;0.6323;25.838449
1283;15550;-0.0004;-0.6713;-0.0374;0.6323;25.838450
1283;15551;-0.0004;-0.6705;-0.0376;0.6304;25.838451
1283;15552;-0.0004;-0.6699;-0.0378;0.6285;25.838452
1283;15553;-0.0004;-0.6705;-0.0380;0.6229;25.838453
1283;15554;-0.0004;-0.6715;-0.0383;0.6192;25.838454
1283;15555;-0.0004;-0.6726;-0.0385;0.6154;25.838455
1283;15556;-0.0004;-0.6723;-0.0388;0.6192;25.838456
1283;15557;-0.0004;-0.6716;-0.0389;0.6323;25.838457
1283;15558;-0.0004;-0.6707;-0.0391;0.6379;25.838458
1283;15559;-0.0004;-0.6702;-0.0392;0.6416;25.838459
1283;15560;-0.0004;-0.6704;-0.0395;0.6435;25.838460
1283;15561;-0.0004;-0.6707;-0.0397;0.6472;25.838461
1283;15562;-0.0004;-0.6711;-0.0399;0.6529;25.838462
1283;15563;-0.0004;-0.6700;-0.0400;0.6585;25.838463
1283;15564;-0.0004;-0.6696;-0.0402;0.6585;25.838464
1283;15565;-0.0004;-0.6711;-0.0405;0.6547;25.838465
1283;15566;-0.0004;-0.6715;-0.0408;0.6472;25.838466
1283;15567;-0.0004;-0.6710;-0.0409;0.6416;25.838467
1283;15568;-0.0004;-0.6704;-0.0411;0.6360;25.838468
1283;15569;-0.0004;-0.6697;-0.0413;0.6341;25.838469
1283;15570;-0.0004;-0.6690;-0.0414;0.6360;25.838470
1283;15571;-0.0004;-0.6682;-0.0416;0.6417;25.838471
1283;15572;-0.0004;-0.6688;-0.0418;0.6360;25.838472
1283;15573;-0.0004;-0.6693;-0.0421;0.6341;25.838473
1283;15574;-0.0004;-0.6705;-0.0423;0.6379;25.838474
1283;15575;-0.0004;-0.6717;-0.0426;0.6416;25.838475
1283;15576;-0.0004;-0.6710;-0.0428;0.6472;25.838476
1283;15577;-0.0004;-0.6702;-0.0429;0.6472;25.838477
1283;15578;-0.0004;-0.6703;-0.0432;0.6491;25.838478
1283;15579;-0.0004;-0.6705;-0.0434;0.6491;25.838479
1283;15580;-0.0004;-0.6704;-0.0436;0.6435;25.838480
1283;15581;-0.0004;-0.6704;-0.0438;0.6416;25.838481
1283;15582;-0.0004;-0.6708;-0.0440;0.6435;25.838482
1283;15583;-0.0004;-0.6706;-0.0442;0.6435;25.838483
1283;15584;-0.0004;-0.6704;-0.0444;0.6416;25.838484
1283;15585;-0.0004;-0.6708;-0.0446;0.6398;25.838485
1283;15586;-0.0004;-0.6713;-0.0449;0.6379;25.838486
1283;15587;-0.0004;-0.6712;-0.0451;0.6323;25.838487
1283;15588;-0.0004;-0.6710;-0.0453;0.6285;25.838488
1283;15589;-0.0004;-0.6701;-0.0454;0.6267;25.838489
1283;15590;-0.0004;-0.6703;-0.0456;0.6267;25.838490
1283;15591;-0.0004;-0.6705;-0.0459;0.6248;25.838491
1283;15592;-0.0004;-0.6712;-0.0461;0.6229;25.838492
1283;15593;-0.0004;-0.6717;-0.0464;0.6229;25.838493
1283;15594;-0.0004;-0.6711;-0.0465;0.6211;25.838494
1283;15595;-0.0004;-0.6709;-0.0467;0.6192;25.838495
1283;15596;-0.0004;-0.6707;-0.0469;0.6154;25.838496
1283;15597;-0.0004;-0.6700;-0.0471;0.6173;25.838497
1283;15598;-0.0004;-0.6702;-0.0473;0.6192;25.838498
1283;15599;-0.0004;-0.6702;-0.0475;0.6229;25.838499
1283;15600;-0.0004;-0.6702;-0.0477;0.6304;25.838500
1283;15601;-0.0004;-0.6706;-0.0479;0.6360;25.838501
1283;15602;-0.0004;-0.6710;-0.0482;0.6379;25.838502
1283;15603;-0.0004;-0.6715;-0.0484;0.6323;25.838503
1283;15604;-0.0004;-0.6712;-0.0486;0.6323;25.838504
1283;15605;-0.0004;-0.6708;-0.0488;0.6379;25.838505
1283;15606;-0.0004;-0.6705;-0.0490;0.6360;25.838506
1283;15607;-0.0004;-0.6701;-0.0491;0.6304;25.838507
1283;15608;-0.0004;-0.6705;-0.0494;0.6285;25.838508
1283;15609;-0.0004;-0.6709;-0.0496;0.6267;25.838509
1283;15610;-0.0004;-0.6709;-0.0498;0.6211;25.838510
1283;15611;-0.0004;-0.6711;-0.0500;0.6192;25.838511
1283;15612;-0.0004;-0.6709;-0.0502;0.6192;25.838512
1283;15613;-0.0004;-0.6716;-0.0505;0.6192;25.838513
1283;15614;-0.0004;-0.6715;-0.0507;0.6192;25.838514
1283;15615;-0.0004;-0.6710;-0.0509;0.6211;25.838515
1283;15616;-0.0004;-0.6708;-0.0510;0.6229;25.838516
1283;15617;-0.0004;-0.6699;-0.0512;0.6211;25.838517
1283;15618;-0.0004;-0.6697;-0.0514;0.6211;25.838518
1283;15619;-0.0004;-0.6701;-0.0516;0.6192;25.838519
1283;15620;-0.0004;-0.6703;-0.0518;0.6211;25.838520
1283;15621;-0.0004;-0.6705;-0.0521;0.6248;25.838521
1283;15622;-0.0004;-0.6709;-0.0523;0.6267;25.838522
1283;15623;-0.0004;-0.6716;-0.0526;0.6211;25.838523
1283;15624;-0.0004;-0.6718;-0.0528;0.6136;25.838524
1283;15625;-0.0004;-0.6714;-0.0530;0.6154;25.838525
1283;15626;-0.0004;-0.6714;-0.0532;0.6154;25.838526
1283;15627;-0.0004;-0.6709;-0.0533;0.6154;25.838527
1283;15628;-0.0004;-0.6706;-0.0535;0.6136;25.838528
1283;15629;-0.0004;-0.6697;-0.0537;0.6117;25.838529
1283;15630;-0.0004;-0.6688;-0.0538;0.6117;25.838530
1283;15631;-0.0004;-0.6697;-0.0541;0.6154;25.838531
1283;15632;-0.0004;-0.6708;-0.0544;0.6154;25.838532
1283;15633;-0.0004;-0.6716;-0.0546;0.6192;25.838533
1283;15634;-0.0004;-0.6719;-0.0549;0.6211;25.838534
1283;15635;-0.0004;-0.6719;-0.0551;0.6211;25.838535
1283;15636;-0.0004;-0.6716;-0.0553;0.6192;25.838536
1283;15637;-0.0004;-0.6698;-0.0553;0.6192;25.838537
1283;15638;-0.0004;-0.6687;-0.0554;0.6229;25.838538
1283;15639;-0.0004;-0.6690;-0.0557;0.6285;25.838539
1283;15640;-0.0004;-0.6695;-0.0559;0.6323;25.838540
1283;15641;-0.0004;-0.6706;-0.0562;0.6398;25.838541
1283;15642;-0.0004;-0.6713;-0.0565;0.6435;25.838542
1283;15643;-0.0004;-0.6713;-0.0567;0.6454;25.838543
1283;15644;-0.0004;-0.6722;-0.0570;0.6416;25.838544
1283;15645;-0.0004;-0.6721;-0.0572;0.6398;25.838545
1283;15646;-0.0004;-0.6705;-0.0572;0.6398;25.838546
1283;15647;-0.0004;-0.6689;-0.0573;0.6435;25.838547
1283;15648;-0.0004;-0.6687;-0.0575;0.6472;25.838548
1283;15649;-0.0004;-0.6698;-0.0578;0.6491;25.838549
1283;15650;-0.0004;-0.6704;-0.0580;0.6510;25.838550
1283;15651;-0.0004;-0.6707;-0.0583;0.6491;25.838551
1283;15652;-0.0004;-0.6705;-0.0585;0.6454;25.838552
1283;15653;-0.0004;-0.6700;-0.0587;0.6435;25.838553
1283;15654;-0.0004;-0.6702;-0.0589;0.6416;25.838554
1283;15655;-0.0004;-0.6705;-0.0591;0.6454;25.838555
1283;15656;-0.0004;-0.6704;-0.0593;0.6454;25.838556
1283;15657;-0.0004;-0.6703;-0.0595;0.6416;25.838557
1283;15658;-0.0004;-0.6704;-0.0597;0.6398;25.838558
1283;15659;-0.0004;-0.6712;-0.0600;0.6360;25.838559
1283;15660;-0.0004;-0.6710;-0.0602;0.6341;25.838560
1283;15661;-0.0004;-0.6709;-0.0604;0.6323;25.838561
1283;15662;-0.0004;-0.6709;-0.0606;0.6304;25.838562
1283;15663;-0.0004;-0.6712;-0.0608;0.6304;25.838563
1283;15664;-0.0004;-0.6716;-0.0611;0.6341;25.838564
1283;15665;-0.0004;-0.6709;-0.0612;0.6360;25.838565
1283;15666;-0.0004;-0.6702;-0.0614;0.6360;25.838566
1283;15667;-0.0004;-0.6704;-0.0616;0.6341;25.838567
1283;15668;-0.0004;-0.6706;-0.0618;0.6323;25.838568
1283;15669;-0.0004;-0.6718;-0.0621;0.6267;25.838569
1283;15670;-0.0004;-0.6720;-0.0623;0.6248;25.838570
1283;15671;-0.0004;-0.6712;-0.0625;0.6304;25.838571
1283;15672;-0.0004;-0.6710;-0.0627;0.6360;25.838572
1283;15673;-0.0004;-0.6710;-0.0629;0.6323;25.838573
1283;15674;-0.0004;-0.6707;-0.0630;0.6267;25.838574
1283;15675;-0.0004;-0.6700;-0.0632;0.6248;25.838575
1283;15676;-0.0004;-0.6703;-0.0634;0.6248;25.838576
1283;15677;-0.0004;-0.6706;-0.0637;0.6192;25.838577
1283;15678;-0.0004;-0.6702;-0.0639;0.6136;25.838578
1283;15679;-0.0004;-0.6702;-0.0640;0.6136;25.838579
1283;15680;-0.0004;-0.6700;-0.0643;0.6173;25.838580
1283;15681;-0.0004;-0.6706;-0.0645;0.6211;25.838581
1283;15682;-0.0004;-0.6712;-0.0648;0.6117;25.838582
1283;15683;-0.0004;-0.6715;-0.0650;0.6080;25.838583
1283;15684;-0.0004;-0.6715;-0.0652;0.6098;25.838584
1283;15685;-0.0004;-0.6703;-0.0653;0.6080;25.838585
1283;15686;-0.0004;-0.6694;-0.0654;0.6080;25.838586
1283;15687;-0.0004;-0.6697;-0.0657;0.6136;25.838587
1283;15688;-0.0004;-0.6702;-0.0659;0.6173;25.838588
1283;15689;-0.0004;-0.6704;-0.0661;0.6154;25.838589
1283;15690;-0.0004;-0.6702;-0.0663;0.6136;25.838590
1283;15691;-0.0004;-0.6698;-0.0665;0.6173;25.838591
1283;15692;-0.0004;-0.6696;-0.0667;0.6211;25.838592
1283;15693;-0.0004;-0.6696;-0.0669;0.6248;25.838593
1283;15694;-0.0004;-0.6705;-0.0672;0.6323;25.838594
1283;15695;-0.0004;-0.6708;-0.0674;0.6341;25.838595
1283;15696;-0.0004;-0.6708;-0.0676;0.6341;25.838596
1283;15697;-0.0004;-0.6709;-0.0679;0.6323;25.838597
1283;15698;-0.0004;-0.6705;-0.0680;0.6323;25.838598
1283;15699;-0.0004;-0.6707;-0.0683;0.6341;25.838599
1283;15700;-0.0004;-0.6711;-0.0685;0.6323;25.838600
1283;15701;-0.0004;-0.6708;-0.0687;0.6285;25.838601
1283;15702;-0.0004;-0.6708;-0.0689;0.6248;25.838602
1283;15703;-0.0004;-0.6708;-0.0691;0.6248;25.838603
1283;15704;-0.0004;-0.6706;-0.0693;0.6248;25.838604
1283;15705;-0.0004;-0.6703;-0.0695;0.6248;25.838605
1283;15706;-0.0004;-0.6698;-0.0696;0.6304;25.838606
1283;15707;-0.0004;-0.6707;-0.0699;0.6360;25.838607
1283;15708;-0.0004;-0.6716;-0.0702;0.6341;25.838608
1283;15709;-0.0004;-0.6717;-0.0704;0.6341;25.838609
1283;15710;-0.0004;-0.6714;-0.0706;0.6341;25.838610
1283;15711;-0.0004;-0.6709;-0.0708;0.6341;25.838611
1283;15712;-0.0004;-0.6711;-0.0710;0.6304;25.838612
1283;15713;-0.0004;-0.6709;-0.0712;0.6267;25.838613
1283;15714;-0.0004;-0.6709;-0.0714;0.6267;25.838614
1283;15715;-0.0004;-0.6712;-0.0716;0.6323;25.838615
1283;15716;-0.0004;-0.6712;-0.0719;0.6341;25.838616
1283;15717;-0.0004;-0.6712;-0.0721;0.6323;25.838617
1283;15718;-0.0004;-0.6714;-0.0723;0.6323;25.838618
1283;15719;-0.0004;-0.6721;-0.0726;0.6341;25.838619
1283;15720;-0.0004;-0.6734;-0.0729;0.6323;25.838620
1283;15721;-0.0004;-0.6734;-0.0731;0.6304;25.838621
1283;15722;-0.0004;-0.6725;-0.0732;0.6323;25.838622
1283;15723;-0.0004;-0.6716;-0.0733;0.6304;25.838623
1283;15724;-0.0004;-0.6712;-0.0735;0.6285;25.838624
1283;15725;-0.0004;-0.6715;-0.0738;0.6304;25.838625
1283;15726;-0.0004;-0.6717;-0.0740;0.6285;25.838626
1283;15727;-0.0004;-0.6713;-0.0741;0.6323;25.838627
1283;15728;-0.0004;-0.6706;-0.0743;0.6379;25.838628
1283;15729;-0.0004;-0.6704;-0.0745;0.6416;25.838629
1283;15730;-0.0004;-0.6711;-0.0748;0.6435;25.838630
1283;15731;-0.0004;-0.6711;-0.0750;0.6435;25.838631
1283;15732;-0.0004;-0.6712;-0.0752;0.6454;25.838632
1283;15733;-0.0004;-0.6715;-0.0754;0.6416;25.838633
1283;15734;-0.0004;-0.6713;-0.0756;0.6398;25.838634
1283;15735;-0.0004;-0.6713;-0.0758;0.6398;25.838635
1283;15736;-0.0004;-0.6710;-0.0760;0.6360;25.838636
1283;15737;-0.0004;-0.6710;-0.0762;0.6323;25.838637
1283;15738;-0.0004;-0.6719;-0.0765;0.6248;25.838638
1283;15739;-0.0004;-0.6721;-0.0767;0.6267;25.838639
1283;15740;-0.0004;-0.6724;-0.0770;0.6323;25.838640
1283;15741;-0.0004;-0.6727;-0.0772;0.6304;25.838641
1283;15742;-0.0004;-0.6725;-0.0774;0.6267;25.838642
1283;15743;-0.0004;-0.6723;-0.0776;0.6304;25.838643
1283;15744;-0.0004;-0.6720;-0.0778;0.6341;25.838644
1283;15745;-0.0004;-0.6714;-0.0779;0.6379;25.838645
1283;15746;-0.0004;-0.6708;-0.0780;0.6379;25.838646
1283;15747;-0.0004;-0.6708;-0.0783;0.6360;25.838647
1283;15748;-0.0004;-0.6707;-0.0784;0.6341;25.838648
1283;15749;-0.0004;-0.6703;-0.0786;0.6323;25.838649
1283;15750;-0.0004;-0.6706;-0.0788;0.6341;25.838650
1283;15751;-0.0004;-0.6707;-0.0791;0.6360;25.838651
1283;15752;-0.0004;-0.6704;-0.0792;0.6379;25.838652
1283;15753;-0.0004;-0.6709;-0.0795;0.6360;25.838653
1283;15754;-0.0004;-0.6715;-0.0798;0.6323;25.838654
1283;15755;-0.0004;-0.6719;-0.0800;0.6285;25.838655
1283;15756;-0.0004;-0.6715;-0.0802;0.6304;25.838656
1283;15757;-0.0004;-0.6708;-0.0803;0.6379;25.838657
1283;15758;-0.0004;-0.6712;-0.0806;0.6398;25.838658
1283;15759;-0.0004;-0.6716;-0.0808;0.6416;25.838659
1283;15760;-0.0004;-0.6716;-0.0811;0.6454;25.838660
1283;15761;-0.0004;-0.6711;-0.0812;0.6472;25.838661
1283;15762;-0.0004;-0.6711;-0.0814;0.6472;25.838662
1283;15763;-0.0004;-0.6717;-0.0817;0.6379;25.838663
1283;15764;-0.0004;-0.6718;-0.0819;0.6360;25.838664
1283;15765;-0.0004;-0.6717;-0.0821;0.6379;25.838665
1283;15766;-0.0004;-0.6714;-0.0823;0.6360;25.838666
1283;15767;-0.0004;-0.6714;-0.0825;0.6379;25.838667
1283;15768;-0.0005;-0.6723;-0.0828;0.6360;25.838668
1283;15769;-0.0005;-0.6720;-0.0830;0.6248;25.838669
1283;15770;-0.0005;-0.6718;-0.0832;0.6192;25.838670
1283;15771;-0.0005;-0.6720;-0.0834;0.6229;25.838671
1283;15772;-0.0005;-0.6718;-0.0836;0.6229;25.838672
1283;15773;-0.0005;-0.6715;-0.0838;0.6211;25.838673
1283;15774;-0.0005;-0.6715;-0.0840;0.6211;25.838674
1283;15775;-0.0005;-0.6710;-0.0841;0.6248;25.838675
1283;15776;-0.0005;-0.6710;-0.0843;0.6267;25.838676
1283;15777;-0.0005;-0.6714;-0.0846;0.6229;25.838677
1283;15778;-0.0005;-0.6720;-0.0849;0.6173;25.838678
1283;15779;-0.0005;-0.6718;-0.0851;0.6173;25.838679
1283;15780;-0.0005;-0.6714;-0.0852;0.6229;25.838680
1283;15781;-0.0005;-0.6710;-0.0854;0.6267;25.838681
1283;15782;-0.0005;-0.6705;-0.0855;0.6304;25.838682
1283;15783;-0.0005;-0.6712;-0.0858;0.6360;25.838683
1283;15784;-0.0005;-0.6712;-0.0860;0.6341;25.838684
1283;15785;-0.0005;-0.6707;-0.0862;0.6323;25.838685
1283;15786;-0.0005;-0.6707;-0.0864;0.6360;25.838686
1283;15787;-0.0005;-0.6702;-0.0865;0.6398;25.838687
1283;15788;-0.0005;-0.6702;-0.0867;0.6454;25.838688
1283;15789;-0.0005;-0.6710;-0.0870;0.6472;25.838689
1283;15790;-0.0005;-0.6713;-0.0873;0.6491;25.838690
1283;15791;-0.0005;-0.6718;-0.0876;0.6510;25.838691
1283;15792;-0.0005;-0.6717;-0.0878;0.6472;25.838692
1283;15793;-0.0005;-0.6719;-0.0880;0.6435;25.838693
1283;15794;-0.0005;-0.6719;-0.0882;0.6472;25.838694
1283;15795;-0.0005;-0.6721;-0.0885;0.6491;25.838695
1283;15796;-0.0005;-0.6720;-0.0887;0.6510;25.838696
1283;15797;-0.0005;-0.6713;-0.0888;0.6510;25.838697
1283;15798;-0.0005;-0.6715;-0.0890;0.6472;25.838698
1283;15799;-0.0005;-0.6717;-0.0893;0.6454;25.838699
1283;15800;-0.0005;-0.6717;-0.0895;0.6454;25.838700
1283;15801;-0.0005;-0.6722;-0.0897;0.6454;25.838701
1283;15802;-0.0005;-0.6719;-0.0899;0.6416;25.838702
1283;15803;-0.0005;-0.6713;-0.0900;0.6360;25.838703
1283;15804;-0.0005;-0.6718;-0.0903;0.6285;25.838704
1283;15805;-0.0005;-0.6716;-0.0905;0.6323;25.838705
1283;15806;-0.0005;-0.6714;-0.0907;0.6416;25.838706
1283;15807;-0.0005;-0.6712;-0.0909;0.6398;25.838707
1283;15808;-0.0005;-0.6703;-0.0910;0.6341;25.838708
1283;15809;-0.0005;-0.6698;-0.0911;0.6285;25.838709
1283;15810;-0.0005;-0.6696;-0.0913;0.6229;25.838710
1283;15811;-0.0005;-0.6704;-0.0916;0.6173;25.838711
1283;15812;-0.0005;-0.6712;-0.0919;0.6173;25.838712
1283;15813;-0.0005;-0.6711;-0.0921;0.6192;25.838713
1283;15814;-0.0005;-0.6708;-0.0923;0.6192;25.838714
1283;15815;-0.0005;-0.6710;-0.0925;0.6154;25.838715
1283;15816;-0.0005;-0.6710;-0.0927;0.6117;25.838716
1283;15817;-0.0005;-0.6707;-0.0929;0.6154;25.838717
1283;15818;-0.0005;-0.6703;-0.0930;0.6229;25.838718
1283;15819;-0.0005;-0.6705;-0.0933;0.6304;25.838719
1283;15820;-0.0005;-0.6705;-0.0935;0.6360;25.838720
1283;15821;-0.0005;-0.6706;-0.0937;0.6360;25.838721
1283;15822;-0.0005;-0.6711;-0.0940;0.6304;25.838722
1283;15823;-0.0005;-0.6713;-0.0942;0.6304;25.838723
1283;15824;-0.0005;-0.6719;-0.0945;0.6323;25.838724
1283;15825;-0.0005;-0.6714;-0.0947;0.6304;25.838725
1283;15826;-0.0005;-0.6705;-0.0947;0.6248;25.838726
1283;15827;-0.0005;-0.6703;-0.0949;0.6229;25.838727
1283;15828;-0.0005;-0.6704;-0.0951;0.6211;25.838728
1283;15829;-0.0005;-0.6714;-0.0955;0.6192;25.838729
1283;15830;-0.0005;-0.6714;-0.0957;0.6192;25.838730
1283;15831;-0.0005;-0.6710;-0.0959;0.6229;25.838731
1283;15832;-0.0005;-0.6710;-0.0961;0.6248;25.838732
1283;15833;-0.0005;-0.6715;-0.0963;0.6248;25.838733
1283;15834;-0.0005;-0.6719;-0.0966;0.6248;25.838734
1283;15835;-0.0005;-0.6716;-0.0968;0.6267;25.838735
1283;15836;-0.0005;-0.6709;-0.0969;0.6304;25.838736
1283;15837;-0.0005;-0.6707;-0.0971;0.6323;25.838737
1283;15838;-0.0005;-0.6708;-0.0973;0.6304;25.838738
1283;15839;-0.0005;-0.6715;-0.0976;0.6285;25.838739
1283;15840;-0.0005;-0.6719;-0.0979;0.6285;25.838740
1283;15841;-0.0005;-0.6725;-0.0982;0.6323;25.838741
1283;15842;-0.0005;-0.6727;-0.0984;0.6360;25.838742
1283;15843;-0.0005;-0.6720;-0.0985;0.6416;25.838743
1283;15844;-0.0005;-0.6716;-0.0987;0.6491;25.838744
1283;15845;-0.0005;-0.6715;-0.0989;0.6510;25.838745
1283;15846;-0.0005;-0.6711;-0.0990;0.6510;25.838746
1283;15847;-0.0005;-0.6714;-0.0993;0.6472;25.838747
1283;15848;-0.0005;-0.6715;-0.0995;0.6454;25.838748
1283;15849;-0.0005;-0.6715;-0.0997;0.6454;25.838749
1283;15850;-0.0005;-0.6708;-0.0998;0.6435;25.838750
1283;15851;-0.0005;-0.6706;-0.1000;0.6416;25.838751
1283;15852;-0.0005;-0.6706;-0.1002;0.6379;25.838752
1283;15853;-0.0005;-0.6695;-0.1003;0.6379;25.838753
1283;15854;-0.0005;-0.6695;-0.1005;0.6379;25.838754
1283;15855;-0.0005;-0.6699;-0.1007;0.6304;25.838755
1283;15856;-0.0005;-0.6705;-0.1011;0.6267;25.838756
1283;15857;-0.0005;-0.6709;-0.1013;0.6304;25.838757
1283;15858;-0.0005;-0.6707;-0.1015;0.6398;25.838758
1283;15859;-0.0005;-0.6707;-0.1017;0.6398;25.838759
1283;15860;-0.0005;-0.6711;-0.1020;0.6341;25.838760
1283;15861;-0.0005;-0.6711;-0.1022;0.6304;25.838761
1283;15862;-0.0005;-0.6708;-0.1024;0.6304;25.838762
1283;15863;-0.0005;-0.6710;-0.1026;0.6304;25.838763
1283;15864;-0.0005;-0.6711;-0.1028;0.6304;25.838764
1283;15865;-0.0005;-0.6715;-0.1031;0.6285;25.838765
1283;15866;-0.0005;-0.6711;-0.1032;0.6267;25.838766
1283;15867;-0.0005;-0.6709;-0.1034;0.6285;25.838767
1283;15868;-0.0005;-0.6709;-0.1036;0.6323;25.838768
1283;15869;-0.0005;-0.6709;-0.1038;0.6379;25.838769
1283;15870;-0.0005;-0.6715;-0.1041;0.6416;25.838770
1283;15871;-0.0005;-0.6715;-0.1044;0.6416;25.838771
1283;15872;-0.0005;-0.6711;-0.1045;0.6360;25.838772
1283;15873;-0.0005;-0.6706;-0.1046;0.6304;25.838773
1283;15874;-0.0005;-0.6706;-0.1048;0.6304;25.838774
1283;15875;-0.0005;-0.6719;-0.1053;0.6266;25.838775
1283;15876;-0.0005;-0.6720;-0.1055;0.6210;25.838776
1283;15877;-0.0005;-0.6716;-0.1056;0.6229;25.838777
1283;15878;-0.0005;-0.6713;-0.1058;0.6248;25.838778
1283;15879;-0.0005;-0.6710;-0.1060;0.6192;25.838779
1283;15880;-0.0005;-0.6717;-0.1063;0.6080;25.838780
1283;15881;-0.0005;-0.6719;-0.1065;0.6099;25.838781
1283;15882;-0.0005;-0.6709;-0.1066;0.6154;25.838782
1283;15883;-0.0005;-0.6703;-0.1067;0.6136;25.838783
1283;15884;-0.0005;-0.6703;-0.1069;0.6080;25.838784
1283;15885;-0.0005;-0.6710;-0.1072;0.6080;25.838785
1283;15886;-0.0005;-0.6717;-0.1076;0.6043;25.838786
1283;15887;-0.0005;-0.6711;-0.1077;0.6098;25.838787
1283;15888;-0.0005;-0.6714;-0.1079;0.6061;25.838788
1283;15889;-0.0005;-0.6717;-0.1082;0.6080;25.838789
1283;15890;-0.0005;-0.6719;-0.1084;0.6117;25.838790
1283;15891;-0.0005;-0.6716;-0.1086;0.6136;25.838791
1283;15892;-0.0005;-0.6716;-0.1088;0.6117;25.838792
1283;15893;-0.0005;-0.6722;-0.1091;0.6117;25.838793
1283;15894;-0.0005;-0.6722;-0.1093;0.6117;25.838794
1283;15895;-0.0005;-0.6719;-0.1095;0.6136;25.838795
1283;15896;-0.0005;-0.6717;-0.1097;0.6099;25.838796
1283;15897;-0.0005;-0.6713;-0.1098;0.6061;25.838797
1283;15898;-0.0005;-0.6714;-0.1100;0.6099;25.838798
1283;15899;-0.0005;-0.6716;-0.1103;0.6099;25.838799
1283;15900;-0.0005;-0.6717;-0.1105;0.6080;25.838800
1283;15901;-0.0005;-0.6713;-0.1107;0.6061;25.838801
1283;15902;-0.0005;-0.6708;-0.1108;0.6117;25.838802
1283;15903;-0.0005;-0.6709;-0.1110;0.6154;25.838803
1283;15904;-0.0005;-0.6712;-0.1113;0.6229;25.838804
1283;15905;-0.0005;-0.6718;-0.1116;0.6247;25.838805
1283;15906;-0.0005;-0.6717;-0.1118;0.6210;25.838806
1283;15907;-0.0005;-0.6711;-0.1119;0.6173;25.838807
1283;15908;-0.0005;-0.6713;-0.1121;0.6192;25.838808
1283;15909;-0.0005;-0.6707;-0.1122;0.6247;25.838809
1283;15910;-0.0005;-0.6709;-0.1125;0.6303;25.838810
1283;15911;-0.0005;-0.6715;-0.1128;0.6303;25.838811
1283;15912;-0.0005;-0.6716;-0.1130;0.6285;25.838812
1283;15913;-0.0005;-0.6716;-0.1132;0.6322;25.838813
1283;15914;-0.0005;-0.6712;-0.1134;0.6340;25.838814
1283;15915;-0.0005;-0.6710;-0.1136;0.6322;25.838815
1283;15916;-0.0005;-0.6708;-0.1138;0.6303;25.838816
1283;15917;-0.0005;-0.6703;-0.1139;0.6323;25.838817
1283;15918;-0.0005;-0.6707;-0.1142;0.6285;25.838818
1283;15919;-0.0005;-0.6711;-0.1144;0.6285;25.838819
1283;15920;-0.0005;-0.6708;-0.1146;0.6303;25.838820
1283;15921;-0.0005;-0.6708;-0.1148;0.6340;25.838821
1283;15922;-0.0005;-0.6708;-0.1150;0.6415;25.838822
1283;15923;-0.0005;-0.6712;-0.1153;0.6471;25.838823
1283;15924;-0.0005;-0.6714;-0.1155;0.6471;25.838824
1283;15925;-0.0005;-0.6715;-0.1158;0.6452;25.838825
1283;15926;-0.0005;-0.6717;-0.1160;0.6415;25.838826
1283;15927;-0.0005;-0.6717;-0.1162;0.6415;25.838827
1283;15928;-0.0005;-0.6719;-0.1165;0.6415;25.838828
1283;15929;-0.0005;-0.6719;-0.1167;0.6378;25.838829
1283;15930;-0.0005;-0.6721;-0.1169;0.6340;25.838830
1283;15931;-0.0005;-0.6722;-0.1172;0.6322;25.838831
1283;15932;-0.0005;-0.6716;-0.1173;0.6285;25.838832
1283;15933;-0.0005;-0.6713;-0.1174;0.6266;25.838833
1283;15934;-0.0005;-0.6714;-0.1177;0.6285;25.838834
1283;15935;-0.0005;-0.6719;-0.1180;0.6266;25.838835
1283;15936;-0.0005;-0.6723;-0.1183;0.6266;25.838836
1283;15937;-0.0005;-0.6721;-0.1184;0.6285;25.838837
1283;15938;-0.0005;-0.6723;-0.1187;0.6303;25.838838
1283;15939;-0.0005;-0.6713;-0.1187;0.6285;25.838839
1283;15940;-0.0005;-0.6703;-0.1187;0.6192;25.838840
1283;15941;-0.0005;-0.6706;-0.1190;0.6173;25.838841
1283;15942;-0.0005;-0.6712;-0.1193;0.6154;25.838842
1283;15943;-0.0005;-0.6716;-0.1196;0.6099;25.838843
1283;15944;-0.0005;-0.6712;-0.1197;0.6024;25.838844
1283;15945;-0.0005;-0.6711;-0.1200;0.6006;25.838845
1283;15946;-0.0005;-0.6710;-0.1201;0.5987;25.838846
1283;15947;-0.0005;-0.6697;-0.1201;0.5950;25.838847
1283;15948;-0.0005;-0.6696;-0.1203;0.5969;25.838848
1283;15949;-0.0005;-0.6709;-0.1208;0.6024;25.838849
1283;15950;-0.0005;-0.6713;-0.1210;0.6043;25.838850
1283;15951;-0.0005;-0.6713;-0.1213;0.6080;25.838851
1283;15952;-0.0005;-0.6708;-0.1214;0.6080;25.838852
1283;15953;-0.0005;-0.6708;-0.1216;0.6099;25.838853
1283;15954;-0.0005;-0.6721;-0.1220;0.6117;25.838854
1283;15955;-0.0005;-0.6723;-0.1223;0.6117;25.838855
1283;15956;-0.0005;-0.6718;-0.1224;0.6117;25.838856
1283;15957;-0.0005;-0.6709;-0.1225;0.6117;25.838857
1283;15958;-0.0005;-0.6699;-0.1225;0.6117;25.838858
1283;15959;-0.0005;-0.6699;-0.1227;0.6080;25.838859
1283;15960;-0.0005;-0.6703;-0.1230;0.6080;25.838860
1283;15961;-0.0005;-0.6712;-0.1234;0.6099;25.838861
1283;15962;-0.0005;-0.6720;-0.1237;0.6080;25.838862
1283;15963;-0.0005;-0.6722;-0.1240;0.6006;25.838863
1283;15964;-0.0005;-0.6726;-0.1243;0.5987;25.838864
1283;15965;-0.0005;-0.6719;-0.1244;0.6006;25.838865
1283;15966;-0.0005;-0.6714;-0.1245;0.6006;25.838866
1283;15967;-0.0005;-0.6709;-0.1246;0.5931;25.838867
1283;15968;-0.0005;-0.6704;-0.1247;0.5876;25.838868
1283;15969;-0.0005;-0.6711;-0.1251;0.5913;25.838869
1283;15970;-0.0005;-0.6717;-0.1254;0.5931;25.838870
1283;15971;-0.0005;-0.6719;-0.1256;0.6006;25.838871
1283;15972;-0.0005;-0.6723;-0.1259;0.6024;25.838872
1283;15973;-0.0005;-0.6718;-0.1261;0.5987;25.838873
1283;15974;-0.0005;-0.6715;-0.1262;0.5969;25.838874
1283;15975;-0.0005;-0.6711;-0.1263;0.5987;25.838875
1283;15976;-0.0005;-0.6712;-0.1266;0.5969;25.838876
1283;15977;-0.0005;-0.6710;-0.1268;0.5969;25.838877
1283;15978;-0.0005;-0.6705;-0.1269;0.6024;25.838878
1283;15979;-0.0005;-0.6713;-0.1272;0.6061;25.838879
1283;15980;-0.0005;-0.6722;-0.1276;0.6061;25.838880
1283;15981;-0.0005;-0.6722;-0.1278;0.6080;25.838881
1283;15982;-0.0005;-0.6720;-0.1280;0.6080;25.838882
1283;15983;-0.0005;-0.6723;-0.1283;0.6099;25.838883
1283;15984;-0.0005;-0.6725;-0.1285;0.6117;25.838884
1283;15985;-0.0005;-0.6719;-0.1286;0.6154;25.838885
1283;15986;-0.0005;-0.6715;-0.1288;0.6210;25.838886
1283;15987;-0.0005;-0.6713;-0.1289;0.6229;25.838887
1283;15988;-0.0005;-0.6706;-0.1290;0.6192;25.838888
1283;15989;-0.0005;-0.6710;-0.1293;0.6192;25.838889
1283;15990;-0.0005;-0.6721;-0.1297;0.6210;25.838890
1283;15991;-0.0005;-0.6720;-0.1299;0.6247;25.838891
1283;15992;-0.0005;-0.6716;-0.1301;0.6192;25.838892
1283;15993;-0.0005;-0.6714;-0.1302;0.6154;25.838893
1283;15994;-0.0005;-0.6714;-0.1304;0.6173;25.838894
1283;15995;-0.0005;-0.6712;-0.1306;0.6173;25.838895
1283;15996;-0.0005;-0.6713;-0.1309;0.6173;25.838896
1283;15997;-0.0005;-0.6721;-0.1312;0.6173;25.838897
1283;15998;-0.0005;-0.6724;-0.1315;0.6154;25.838898
1283;15999;-0.0005;-0.6722;-0.1317;0.6136;25.838899
1283;16000;-0.0005;-0.6719;-0.1318;0.6099;25.838900
1283;16001;-0.0005;-0.6723;-0.1321;0.6061;25.838901
1283;16002;-0.0005;-0.6729;-0.1324;0.6061;25.838902
1283;16003;-0.0005;-0.6725;-0.1326;0.6117;25.838903
1283;16004;-0.0005;-0.6720;-0.1327;0.6229;25.838904
1283;16005;-0.0005;-0.6721;-0.1329;0.6285;25.838905
1283;16006;-0.0005;-0.6721;-0.1332;0.6247;25.838906
1283;16007;-0.0005;-0.6719;-0.1333;0.6210;25.838907
1283;16008;-0.0005;-0.6715;-0.1335;0.6154;25.838908
1283;16009;-0.0005;-0.6713;-0.1336;0.6117;25.838909
1283;16010;-0.0005;-0.6714;-0.1339;0.6117;25.838910
1283;16011;-0.0005;-0.6721;-0.1342;0.6117;25.838911
1283;16012;-0.0005;-0.6728;-0.1346;0.6117;25.838912
1283;16013;-0.0005;-0.6728;-0.1348;0.6136;25.838913
1283;16014;-0.0005;-0.6724;-0.1349;0.6136;25.838914
1283;16015;-0.0005;-0.6726;-0.1352;0.6099;25.838915
1283;16016;-0.0005;-0.6720;-0.1353;0.6099;25.838916
1283;16017;-0.0005;-0.6711;-0.1353;0.6173;25.838917
1283;16018;-0.0005;-0.6707;-0.1354;0.6210;25.838918
1283;16019;-0.0005;-0.6714;-0.1358;0.6192;25.838919
1283;16020;-0.0005;-0.6725;-0.1362;0.6210;25.838920
1283;16021;-0.0005;-0.6720;-0.1364;0.6247;25.838921
1283;16022;-0.0005;-0.6710;-0.1364;0.6303;25.838922
1283;16023;-0.0005;-0.6710;-0.1366;0.6303;25.838923
1283;16024;-0.0005;-0.6713;-0.1369;0.6322;25.838924
1283;16025;-0.0005;-0.6720;-0.1372;0.6378;25.838925
1283;16026;-0.0005;-0.6715;-0.1373;0.6396;25.838926
1283;16027;-0.0005;-0.6708;-0.1374;0.6378;25.838927
1283;16028;-0.0005;-0.6712;-0.1377;0.6396;25.838928
1283;16029;-0.0005;-0.6716;-0.1380;0.6415;25.838929
1283;16030;-0.0005;-0.6720;-0.1383;0.6415;25.838930
1283;16031;-0.0005;-0.6720;-0.1385;0.6396;25.838931
1283;16032;-0.0005;-0.6727;-0.1389;0.6396;25.838932
1283;16033;-0.0005;-0.6728;-0.1391;0.6396;25.838933
1283;16034;-0.0005;-0.6723;-0.1392;0.6378;25.838934
1283;16035;-0.0005;-0.6721;-0.1393;0.6359;25.838935
1283;16036;-0.0005;-0.6715;-0.1395;0.6359;25.838936
1283;16037;-0.0005;-0.6715;-0.1397;0.6378;25.838937
1283;16038;-0.0005;-0.6716;-0.1399;0.6359;25.838938
1283;16039;-0.0005;-0.6714;-0.1401;0.6359;25.838939
1283;16040;-0.0005;-0.6722;-0.1405;0.6378;25.838940
1283;16041;-0.0005;-0.6722;-0.1407;0.6340;25.838941
1283;16042;-0.0005;-0.6713;-0.1407;0.6303;25.838942
1283;16043;-0.0005;-0.6710;-0.1409;0.6247;25.838943
1283;16044;-0.0005;-0.6714;-0.1411;0.6210;25.838944
1283;16045;-0.0005;-0.6720;-0.1415;0.6154;25.838945
1283;16046;-0.0005;-0.6718;-0.1417;0.6136;25.838946
1283;16047;-0.0005;-0.6713;-0.1418;0.6136;25.838947
1283;16048;-0.0005;-0.6719;-0.1421;0.6136;25.838948
1283;16049;-0.0005;-0.6716;-0.1423;0.6136;25.838949
1283;16050;-0.0005;-0.6716;-0.1425;0.6099;25.838950
1283;16051;-0.0005;-0.6719;-0.1428;0.5987;25.838951
1283;16052;-0.0005;-0.6718;-0.1430;0.5931;25.838952
1283;16053;-0.0005;-0.6717;-0.1432;0.5894;25.838953
1283;16054;-0.0005;-0.6712;-0.1433;0.5857;25.838954
1283;16055;-0.0005;-0.6716;-0.1436;0.5876;25.838955
1283;16056;-0.0005;-0.6718;-0.1439;0.5950;25.838956
1283;16057;-0.0005;-0.6716;-0.1440;0.5987;25.838957
1283;16058;-0.0005;-0.6715;-0.1442;0.6006;25.838958
1283;16059;-0.0005;-0.6714;-0.1444;0.5969;25.838959
1283;16060;-0.0005;-0.6712;-0.1446;0.5931;25.838960
1283;16061;-0.0005;-0.6707;-0.1447;0.5931;25.838961
1283;16062;-0.0005;-0.6699;-0.1447;0.5931;25.838962
1283;16063;-0.0005;-0.6700;-0.1450;0.5950;25.838963
1283;16064;-0.0005;-0.6708;-0.1453;0.5969;25.838964
1283;16065;-0.0005;-0.6711;-0.1457;0.5969;25.838965
1283;16066;-0.0005;-0.6711;-0.1458;0.6006;25.838966
1283;16067;-0.0005;-0.6711;-0.1461;0.6080;25.838967
1283;16068;-0.0005;-0.6715;-0.1464;0.6136;25.838968
1283;16069;-0.0005;-0.6717;-0.1466;0.6136;25.838969
1283;16070;-0.0005;-0.6725;-0.1470;0.6080;25.838970
1283;16071;-0.0005;-0.6725;-0.1472;0.6006;25.838971
1283;16072;-0.0005;-0.6716;-0.1472;0.5987;25.838972
1283;16073;-0.0005;-0.6715;-0.1474;0.6006;25.838973
1283;16074;-0.0005;-0.6721;-0.1478;0.5987;25.838974
1283;16075;-0.0005;-0.6725;-0.1481;0.5950;25.838975
1283;16076;-0.0005;-0.6727;-0.1483;0.5950;25.838976
1283;16077;-0.0005;-0.6722;-0.1484;0.5913;25.838977
1283;16078;-0.0005;-0.6719;-0.1486;0.5857;25.838978
1283;16079;-0.0005;-0.6715;-0.1487;0.5820;25.838979
1283;16080;-0.0005;-0.6711;-0.1489;0.5876;25.838980
1283;16081;-0.0005;-0.6716;-0.1492;0.5950;25.838981
1283;16082;-0.0005;-0.6724;-0.1496;0.6024;25.838982
1283;16083;-0.0005;-0.6727;-0.1498;0.6099;25.838983
1283;16084;-0.0005;-0.6723;-0.1500;0.6080;25.838984
1283;16085;-0.0005;-0.6719;-0.1501;0.6024;25.838985
1283;16086;-0.0005;-0.6722;-0.1504;0.6006;25.838986
1283;16087;-0.0005;-0.6720;-0.1506;0.6061;25.838987
1283;16088;-0.0005;-0.6721;-0.1508;0.6117;25.838988
1283;16089;-0.0005;-0.6721;-0.1510;0.6117;25.838989
1283;16090;-0.0005;-0.6719;-0.1512;0.6061;25.838990
1283;16091;-0.0005;-0.6722;-0.1515;0.5987;25.838991
1283;16092;-0.0005;-0.6722;-0.1517;0.5969;25.838992
1283;16093;-0.0005;-0.6721;-0.1519;0.5969;25.838993
1283;16094;-0.0005;-0.6714;-0.1519;0.5950;25.838994
1283;16095;-0.0005;-0.6711;-0.1521;0.5913;25.838995
1283;16096;-0.0005;-0.6718;-0.1525;0.5894;25.838996
1283;16097;-0.0005;-0.6724;-0.1528;0.5913;25.838997
1283;16098;-0.0005;-0.6726;-0.1531;0.5913;25.838998
1283;16099;-0.0005;-0.6730;-0.1534;0.5876;25.838999
1283;16100;-0.0005;-0.6736;-0.1538;0.5895;25.839000
1283;16101;-0.0005;-0.6736;-0.1540;0.5913;25.839001
1283;16102;-0.0005;-0.6727;-0.1540;0.5913;25.839002
1283;16103;-0.0005;-0.6726;-0.1542;0.5913;25.839003
1283;16104;-0.0005;-0.6732;-0.1546;0.5913;25.839004
1283;16105;-0.0005;-0.6730;-0.1547;0.5858;25.839005
1283;16106;-0.0005;-0.6723;-0.1548;0.5894;25.839006
1283;16107;-0.0005;-0.6715;-0.1548;0.5913;25.839007
1283;16108;-0.0005;-0.6717;-0.1551;0.5950;25.839008
1283;16109;-0.0005;-0.6720;-0.1554;0.5931;25.839009
1283;16110;-0.0005;-0.6720;-0.1556;0.5894;25.839010
1283;16111;-0.0005;-0.6724;-0.1559;0.5876;25.839011
1283;16112;-0.0005;-0.6722;-0.1560;0.5932;25.839012
1283;16113;-0.0005;-0.6718;-0.1562;0.6024;25.839013
1283;16114;-0.0005;-0.6716;-0.1563;0.6006;25.839014
1283;16115;-0.0005;-0.6714;-0.1565;0.5950;25.839015
1283;16116;-0.0005;-0.6718;-0.1568;0.5950;25.839016
1283;16117;-0.0005;-0.6721;-0.1571;0.5932;25.839017
1283;16118;-0.0005;-0.6717;-0.1572;0.5931;25.839018
1283;16119;-0.0005;-0.6720;-0.1575;0.5876;25.839019
1283;16120;-0.0005;-0.6725;-0.1578;0.5876;25.839020
1283;16121;-0.0005;-0.6721;-0.1580;0.5913;25.839021
1283;16122;-0.0005;-0.6717;-0.1581;0.5932;25.839022
1283;16123;-0.0005;-0.6720;-0.1584;0.5932;25.839023
1283;16124;-0.0005;-0.6727;-0.1587;0.5913;25.839024
1283;16125;-0.0005;-0.6719;-0.1588;0.5950;25.839025
1283;16126;-0.0005;-0.6719;-0.1590;0.6024;25.839026
1283;16127;-0.0005;-0.6726;-0.1594;0.6043;25.839027
1283;16128;-0.0005;-0.6730;-0.1597;0.6024;25.839028
1283;16129;-0.0005;-0.6729;-0.1599;0.6006;25.839029
1283;16130;-0.0005;-0.6725;-0.1600;0.6024;25.839030
1283;16131;-0.0005;-0.6724;-0.1602;0.6006;25.839031
1283;16132;-0.0005;-0.6721;-0.1604;0.5987;25.839032
1283;16133;-0.0005;-0.6720;-0.1606;0.5987;25.839033
1283;16134;-0.0005;-0.6723;-0.1609;0.5987;25.839034
1283;16135;-0.0005;-0.6721;-0.1610;0.6006;25.839035
1283;16136;-0.0005;-0.6719;-0.1612;0.6061;25.839036
1283;16137;-0.0005;-0.6721;-0.1615;0.6117;25.839037
1283;16138;-0.0005;-0.6721;-0.1617;0.6135;25.839038
1283;16139;-0.0005;-0.6720;-0.1619;0.6098;25.839039
1283;16140;-0.0005;-0.6717;-0.1620;0.6098;25.839040
1283;16141;-0.0005;-0.6714;-0.1622;0.6135;25.839041
1283;16142;-0.0006;-0.6718;-0.1625;0.6172;25.839042
1283;16143;-0.0006;-0.6713;-0.1626;0.6154;25.839043
1283;16144;-0.0006;-0.6713;-0.1628;0.6117;25.839044
1283;16145;-0.0006;-0.6721;-0.1632;0.6117;25.839045
1283;16146;-0.0006;-0.6728;-0.1636;0.6154;25.839046
1283;16147;-0.0006;-0.6727;-0.1638;0.6191;25.839047
1283;16148;-0.0006;-0.6718;-0.1638;0.6191;25.839048
1283;16149;-0.0006;-0.6717;-0.1640;0.6154;25.839049
1283;16150;-0.0006;-0.6721;-0.1643;0.6154;25.839050
1283;16151;-0.0006;-0.6721;-0.1645;0.6154;25.839051
1283;16152;-0.0006;-0.6727;-0.1649;0.6135;25.839052
1283;16153;-0.0006;-0.6727;-0.1651;0.6080;25.839053
1283;16154;-0.0006;-0.6730;-0.1654;0.6061;25.839054
1283;16155;-0.0006;-0.6732;-0.1657;0.6043;25.839055
1283;16156;-0.0006;-0.6724;-0.1657;0.5987;25.839056
1283;16157;-0.0006;-0.6724;-0.1659;0.5950;25.839057
1283;16158;-0.0006;-0.6719;-0.1660;0.5932;25.839058
1283;16159;-0.0006;-0.6714;-0.1661;0.5950;25.839059
1283;16160;-0.0006;-0.6717;-0.1664;0.5987;25.839060
1283;16161;-0.0006;-0.6713;-0.1665;0.6024;25.839061
1283;16162;-0.0006;-0.6715;-0.1668;0.6080;25.839062
1283;16163;-0.0006;-0.6710;-0.1669;0.6154;25.839063
1283;16164;-0.0006;-0.6707;-0.1670;0.6228;25.839064
1283;16165;-0.0006;-0.6711;-0.1673;0.6320;25.839065
1283;16166;-0.0006;-0.6717;-0.1677;0.6375;25.839066
1283;16167;-0.0006;-0.6726;-0.1681;0.6375;25.839067
1283;16168;-0.0006;-0.6727;-0.1684;0.6320;25.839068
1283;16169;-0.0006;-0.6721;-0.1685;0.6283;25.839069
1283;16170;-0.0006;-0.6720;-0.1686;0.6320;25.839070
1283;16171;-0.0006;-0.6722;-0.1689;0.6302;25.839071
1283;16172;-0.0006;-0.6719;-0.1690;0.6302;25.839072
1283;16173;-0.0006;-0.6716;-0.1692;0.6265;25.839073
1283;16174;-0.0006;-0.6706;-0.1692;0.6209;25.839074
1283;16175;-0.0006;-0.6711;-0.1695;0.6209;25.839075
1283;16176;-0.0006;-0.6723;-0.1700;0.6191;25.839076
1283;16177;-0.0006;-0.6729;-0.1704;0.6117;25.839077
1283;16178;-0.0006;-0.6729;-0.1706;0.6061;25.839078
1283;16179;-0.0006;-0.6722;-0.1707;0.6061;25.839079
1283;16180;-0.0006;-0.6727;-0.1711;0.6043;25.839080
1283;16181;-0.0006;-0.6728;-0.1713;0.6006;25.839081
1283;16182;-0.0006;-0.6729;-0.1715;0.5969;25.839082
1283;16183;-0.0006;-0.6729;-0.1717;0.5969;25.839083
1283;16184;-0.0006;-0.6726;-0.1719;0.5969;25.839084
1283;16185;-0.0006;-0.6726;-0.1721;0.5969;25.839085
1283;16186;-0.0006;-0.6725;-0.1723;0.5950;25.839086
1283;16187;-0.0006;-0.6722;-0.1724;0.5969;25.839087
1283;16188;-0.0006;-0.6718;-0.1725;0.5987;25.839088
1283;16189;-0.0006;-0.6721;-0.1729;0.5969;25.839089
1283;16190;-0.0006;-0.6730;-0.1733;0.5932;25.839090
1283;16191;-0.0006;-0.6735;-0.1737;0.5932;25.839091
1283;16192;-0.0006;-0.6733;-0.1738;0.5969;25.839092
1283;16193;-0.0006;-0.6732;-0.1740;0.5950;25.839093
1283;16194;-0.0006;-0.6727;-0.1741;0.5913;25.839094
1283;16195;-0.0006;-0.6718;-0.1741;0.5913;25.839095
1283;16196;-0.0006;-0.6720;-0.1744;0.5932;25.839096
1283;16197;-0.0006;-0.6721;-0.1746;0.5969;25.839097
1283;16198;-0.0006;-0.6719;-0.1748;0.6006;25.839098
1283;16199;-0.0006;-0.6717;-0.1750;0.6043;25.839099
1283;16200;-0.0006;-0.6715;-0.1751;0.6117;25.839100
1283;16201;-0.0006;-0.6714;-0.1753;0.6154;25.839101
1283;16202;-0.0006;-0.6716;-0.1756;0.6154;25.839102
1283;16203;-0.0006;-0.6730;-0.1762;0.6080;25.839103
1283;16204;-0.0006;-0.6740;-0.1767;0.6061;25.839104
1283;16205;-0.0006;-0.6739;-0.1768;0.6061;25.839105
1283;16206;-0.0006;-0.6728;-0.1768;0.6006;25.839106
1283;16207;-0.0006;-0.6718;-0.1767;0.6006;25.839107
1283;16208;-0.0006;-0.6722;-0.1771;0.6024;25.839108
1283;16209;-0.0006;-0.6722;-0.1773;0.6024;25.839109
1283;16210;-0.0006;-0.6712;-0.1772;0.6024;25.839110
1283;16211;-0.0006;-0.6714;-0.1775;0.6006;25.839111
1283;16212;-0.0006;-0.6718;-0.1778;0.5969;25.839112
1283;16213;-0.0006;-0.6726;-0.1783;0.5987;25.839113
1283;16214;-0.0006;-0.6726;-0.1785;0.6024;25.839114
1283;16215;-0.0006;-0.6722;-0.1786;0.6061;25.839115
1283;16216;-0.0006;-0.6722;-0.1788;0.6061;25.839116
1283;16217;-0.0006;-0.6719;-0.1790;0.6006;25.839117
1283;16218;-0.0006;-0.6721;-0.1792;0.5932;25.839118
1283;16219;-0.0006;-0.6721;-0.1795;0.5950;25.839119
1283;16220;-0.0006;-0.6729;-0.1799;0.5969;25.839120
1283;16221;-0.0006;-0.6733;-0.1802;0.5969;25.839121
1283;16222;-0.0006;-0.6728;-0.1803;0.5987;25.839122
1283;16223;-0.0006;-0.6728;-0.1805;0.6024;25.839123
1283;16224;-0.0006;-0.6729;-0.1808;0.6024;25.839124
1283;16225;-0.0006;-0.6737;-0.1812;0.5950;25.839125
1283;16226;-0.0006;-0.6736;-0.1814;0.5913;25.839126
1283;16227;-0.0006;-0.6725;-0.1813;0.5913;25.839127
1283;16228;-0.0006;-0.6727;-0.1816;0.5969;25.839128
1283;16229;-0.0006;-0.6728;-0.1818;0.6006;25.839129
1283;16230;-0.0006;-0.6726;-0.1820;0.6024;25.839130
1283;16231;-0.0006;-0.6730;-0.1823;0.6024;25.839131
1283;16232;-0.0006;-0.6727;-0.1825;0.6043;25.839132
1283;16233;-0.0006;-0.6726;-0.1827;0.6098;25.839133
1283;16234;-0.0006;-0.6726;-0.1829;0.6135;25.839134
1283;16235;-0.0006;-0.6726;-0.1831;0.6228;25.839135
1283;16236;-0.0006;-0.6722;-0.1832;0.6283;25.839136
1283;16237;-0.0006;-0.6720;-0.1834;0.6302;25.839137
1283;16238;-0.0006;-0.6723;-0.1837;0.6320;25.839138
1283;16239;-0.0006;-0.6725;-0.1840;0.6283;25.839139
1283;16240;-0.0006;-0.6720;-0.1841;0.6246;25.839140
1283;16241;-0.0006;-0.6715;-0.1842;0.6283;25.839141
1283;16242;-0.0006;-0.6717;-0.1844;0.6302;25.839142
1283;16243;-0.0006;-0.6723;-0.1848;0.6302;25.839143
1283;16244;-0.0006;-0.6727;-0.1852;0.6265;25.839144
1283;16245;-0.0006;-0.6722;-0.1852;0.6228;25.839145
1283;16246;-0.0006;-0.6719;-0.1854;0.6172;25.839146
1283;16247;-0.0006;-0.6712;-0.1854;0.6172;25.839147
1283;16248;-0.0006;-0.6717;-0.1858;0.6228;25.839148
1283;16249;-0.0006;-0.6730;-0.1864;0.6246;25.839149
1283;16250;-0.0006;-0.6733;-0.1866;0.6228;25.839150
1283;16251;-0.0006;-0.6736;-0.1869;0.6228;25.839151
1283;16252;-0.0006;-0.6731;-0.1870;0.6154;25.839152
1283;16253;-0.0006;-0.6728;-0.1872;0.6061;25.839153
1283;16254;-0.0006;-0.6722;-0.1872;0.6006;25.839154
1283;16255;-0.0006;-0.6714;-0.1872;0.5950;25.839155
1283;16256;-0.0006;-0.6718;-0.1876;0.5932;25.839156
1283;16257;-0.0006;-0.6719;-0.1878;0.5895;25.839157
1283;16258;-0.0006;-0.6725;-0.1882;0.5876;25.839158
1283;16259;-0.0006;-0.6729;-0.1885;0.5840;25.839159
1283;16260;-0.0006;-0.6726;-0.1887;0.5784;25.839160
1283;16261;-0.0006;-0.6718;-0.1887;0.5766;25.839161
1283;16262;-0.0006;-0.6712;-0.1887;0.5747;25.839162
1283;16263;-0.0006;-0.6709;-0.1889;0.5710;25.839163
1283;16264;-0.0006;-0.6711;-0.1891;0.5692;25.839164
1283;16265;-0.0006;-0.6717;-0.1896;0.5673;25.839165
1283;16266;-0.0006;-0.6722;-0.1899;0.5692;25.839166
1283;16267;-0.0006;-0.6723;-0.1902;0.5710;25.839167
1283;16268;-0.0006;-0.6719;-0.1903;0.5766;25.839168
1283;16269;-0.0006;-0.6724;-0.1906;0.5729;25.839169
1283;16270;-0.0006;-0.6728;-0.1910;0.5673;25.839170
1283;16271;-0.0006;-0.6731;-0.1913;0.5618;25.839171
1283;16272;-0.0006;-0.6722;-0.1912;0.5618;25.839172
1283;16273;-0.0006;-0.6714;-0.1913;0.5673;25.839173
1283;16274;-0.0006;-0.6718;-0.1916;0.5766;25.839174
1283;16275;-0.0006;-0.6713;-0.1917;0.5784;25.839175
1283;16276;-0.0006;-0.6711;-0.1918;0.5784;25.839176
1283;16277;-0.0006;-0.6717;-0.1922;0.5821;25.839177
1283;16278;-0.0006;-0.6720;-0.1925;0.5821;25.839178
1283;16279;-0.0006;-0.6720;-0.1927;0.5766;25.839179
1283;16280;-0.0006;-0.6722;-0.1931;0.5766;25.839180
1283;16281;-0.0006;-0.6723;-0.1933;0.5821;25.839181
1283;16282;-0.0006;-0.6721;-0.1935;0.5895;25.839182
1283;16283;-0.0006;-0.6726;-0.1938;0.5895;25.839183
1283;16284;-0.0006;-0.6739;-0.1944;0.5822;25.839184
1283;16285;-0.0006;-0.6738;-0.1946;0.5766;25.839185
1283;16286;-0.0006;-0.6729;-0.1946;0.5785;25.839186
1283;16287;-0.0006;-0.6720;-0.1945;0.5840;25.839187
1283;16288;-0.0006;-0.6721;-0.1948;0.5858;25.839188
1283;16289;-0.0006;-0.6730;-0.1953;0.5840;25.839189
1283;16290;-0.0006;-0.6735;-0.1956;0.5858;25.839190
1283;16291;-0.0006;-0.6737;-0.1960;0.5858;25.839191
1283;16292;-0.0006;-0.6735;-0.1961;0.5840;25.839192
1283;16293;-0.0006;-0.6731;-0.1962;0.5840;25.839193
1283;16294;-0.0006;-0.6733;-0.1965;0.5840;25.839194
1283;16295;-0.0006;-0.6730;-0.1966;0.5840;25.839195
1283;16296;-0.0006;-0.6725;-0.1967;0.5822;25.839196
1283;16297;-0.0006;-0.6722;-0.1968;0.5785;25.839197
1283;16298;-0.0006;-0.6717;-0.1969;0.5821;25.839198
1283;16299;-0.0006;-0.6714;-0.1970;0.5858;25.839199
1283;16300;-0.0006;-0.6716;-0.1973;0.5876;25.839200
1283;16301;-0.0006;-0.6725;-0.1978;0.5895;25.839201
1283;16302;-0.0006;-0.6735;-0.1983;0.5950;25.839202
1283;16303;-0.0006;-0.6732;-0.1985;0.5969;25.839203
1283;16304;-0.0006;-0.6725;-0.1985;0.6024;25.839204
1283;16305;-0.0006;-0.6722;-0.1986;0.6079;25.839205
1283;16306;-0.0006;-0.6726;-0.1990;0.6115;25.839206
1283;16307;-0.0006;-0.6732;-0.1993;0.6097;25.839207
1283;16308;-0.0006;-0.6727;-0.1995;0.6060;25.839208
1283;16309;-0.0006;-0.6726;-0.1997;0.6024;25.839209
1283;16310;-0.0006;-0.6723;-0.1998;0.6024;25.839210
1283;16311;-0.0006;-0.6722;-0.2000;0.5987;25.839211
1283;16312;-0.0006;-0.6727;-0.2003;0.5987;25.839212
1283;16313;-0.0006;-0.6729;-0.2006;0.5987;25.839213
1283;16314;-0.0006;-0.6732;-0.2009;0.5987;25.839214
1283;16315;-0.0006;-0.6727;-0.2010;0.5950;25.839215
1283;16316;-0.0006;-0.6714;-0.2008;0.5895;25.839216
1283;16317;-0.0006;-0.6720;-0.2013;0.5895;25.839217
1283;16318;-0.0006;-0.6728;-0.2017;0.5969;25.839218
1283;16319;-0.0006;-0.6729;-0.2020;0.6042;25.839219
1283;16320;-0.0006;-0.6730;-0.2022;0.6042;25.839220
1283;16321;-0.0006;-0.6724;-0.2023;0.6005;25.839221
1283;16322;-0.0006;-0.6720;-0.2024;0.5987;25.839222
1283;16323;-0.0006;-0.6716;-0.2025;0.5987;25.839223
1283;16324;-0.0006;-0.6721;-0.2029;0.5987;25.839224
1283;16325;-0.0006;-0.6730;-0.2033;0.6005;25.839225
1283;16326;-0.0006;-0.6726;-0.2035;0.6024;25.839226
1283;16327;-0.0006;-0.6726;-0.2037;0.6060;25.839227
1283;16328;-0.0006;-0.6725;-0.2039;0.6115;25.839228
1283;16329;-0.0006;-0.6719;-0.2039;0.6115;25.839229
1283;16330;-0.0006;-0.6722;-0.2043;0.6079;25.839230
1283;16331;-0.0006;-0.6723;-0.2045;0.6060;25.839231
1283;16332;-0.0006;-0.6728;-0.2049;0.6097;25.839232
1283;16333;-0.0006;-0.6729;-0.2051;0.6152;25.839233
1283;16334;-0.0006;-0.6733;-0.2055;0.6171;25.839234
1283;16335;-0.0006;-0.6741;-0.2059;0.6171;25.839235
1283;16336;-0.0006;-0.6736;-0.2060;0.6134;25.839236
1283;16337;-0.0006;-0.6731;-0.2061;0.6134;25.839237
1283;16338;-0.0006;-0.6729;-0.2062;0.6060;25.839238
1283;16339;-0.0006;-0.6723;-0.2063;0.5969;25.839239
1283;16340;-0.0006;-0.6722;-0.2065;0.6005;25.839240
1283;16341;-0.0006;-0.6720;-0.2066;0.6042;25.839241
1283;16342;-0.0006;-0.6721;-0.2069;0.6060;25.839242
1283;16343;-0.0006;-0.6721;-0.2071;0.6079;25.839243
1283;16344;-0.0006;-0.6718;-0.2073;0.6079;25.839244
1283;16345;-0.0006;-0.6724;-0.2077;0.6042;25.839245
1283;16346;-0.0006;-0.6721;-0.2078;0.6005;25.839246
1283;16347;-0.0006;-0.6708;-0.2076;0.6005;25.839247
1283;16348;-0.0006;-0.6711;-0.2080;0.6024;25.839248
1283;16349;-0.0006;-0.6719;-0.2084;0.6042;25.839249
1283;16350;-0.0006;-0.6728;-0.2089;0.6079;25.839250
1283;16351;-0.0006;-0.6733;-0.2093;0.6079;25.839251
1283;16352;-0.0006;-0.6732;-0.2095;0.6042;25.839252
1283;16353;-0.0006;-0.6732;-0.2098;0.5969;25.839253
1283;16354;-0.0006;-0.6725;-0.2098;0.5932;25.839254
1283;16355;-0.0006;-0.6724;-0.2100;0.5969;25.839255
1283;16356;-0.0006;-0.6729;-0.2104;0.5969;25.839256
1283;16357;-0.0006;-0.6734;-0.2107;0.5932;25.839257
1283;16358;-0.0006;-0.6735;-0.2110;0.5932;25.839258
1283;16359;-0.0006;-0.6729;-0.2110;0.5969;25.839259
1283;16360;-0.0006;-0.6728;-0.2112;0.5987;25.839260
1283;16361;-0.0006;-0.6729;-0.2115;0.5987;25.839261
1283;16362;-0.0006;-0.6719;-0.2114;0.5969;25.839262
1283;16363;-0.0006;-0.6714;-0.2115;0.5950;25.839263
1283;16364;-0.0006;-0.6719;-0.2118;0.5913;25.839264
1283;16365;-0.0006;-0.6733;-0.2125;0.5895;25.839265
1283;16366;-0.0006;-0.6736;-0.2128;0.5877;25.839266
1283;16367;-0.0006;-0.6729;-0.2128;0.5877;25.839267
1283;16368;-0.0006;-0.6726;-0.2130;0.5840;25.839268
1283;16369;-0.0006;-0.6724;-0.2131;0.5803;25.839269
1283;16370;-0.0006;-0.6720;-0.2132;0.5840;25.839270
1283;16371;-0.0006;-0.6724;-0.2136;0.5822;25.839271
1283;16372;-0.0006;-0.6727;-0.2139;0.5766;25.839272
1283;16373;-0.0006;-0.6726;-0.2141;0.5766;25.839273
1283;16374;-0.0006;-0.6721;-0.2141;0.5785;25.839274
1283;16375;-0.0006;-0.6710;-0.2141;0.5858;25.839275
1283;16376;-0.0006;-0.6710;-0.2142;0.5932;25.839276
1283;16377;-0.0006;-0.6721;-0.2148;0.5969;25.839277
1283;16378;-0.0006;-0.6733;-0.2155;0.5969;25.839278
1283;16379;-0.0006;-0.6733;-0.2157;0.5932;25.839279
1283;16380;-0.0006;-0.6723;-0.2156;0.5913;25.839280
1283;16381;-0.0006;-0.6721;-0.2157;0.5932;25.839281
1283;16382;-0.0006;-0.6727;-0.2162;0.5950;25.839282
1283;16383;-0.0006;-0.6728;-0.2164;0.5895;25.839283
1283;16384;-0.0006;-0.6725;-0.2166;0.5858;25.839284
1283;16385;-0.0006;-0.6720;-0.2166;0.5840;25.839285
1283;16386;-0.0006;-0.6719;-0.2168;0.5840;25.839286
1283;16387;-0.0006;-0.6723;-0.2172;0.5840;25.839287
1283;16388;-0.0006;-0.6729;-0.2176;0.5858;25.839288
1283;16389;-0.0006;-0.6733;-0.2180;0.5877;25.839289
1283;16390;-0.0006;-0.6732;-0.2181;0.5895;25.839290
1283;16391;-0.0006;-0.6733;-0.2184;0.5895;25.839291
1283;16392;-0.0006;-0.6729;-0.2185;0.5858;25.839292
1283;16393;-0.0006;-0.6726;-0.2187;0.5895;25.839293
1283;16394;-0.0006;-0.6725;-0.2188;0.5950;25.839294
1283;16395;-0.0006;-0.6725;-0.2191;0.5969;25.839295
1283;16396;-0.0006;-0.6728;-0.2194;0.5987;25.839296
1283;16397;-0.0006;-0.6725;-0.2195;0.5987;25.839297
1283;16398;-0.0006;-0.6722;-0.2196;0.6024;25.839298
1283;16399;-0.0006;-0.6724;-0.2199;0.6024;25.839299
1283;16400;-0.0006;-0.6727;-0.2203;0.6005;25.839300
1283;16401;-0.0006;-0.6733;-0.2207;0.6005;25.839301
1283;16402;-0.0006;-0.6732;-0.2209;0.6024;25.839302
1283;16403;-0.0006;-0.6728;-0.2210;0.6005;25.839303
1283;16404;-0.0006;-0.6727;-0.2212;0.5969;25.839304
1283;16405;-0.0006;-0.6727;-0.2214;0.5932;25.839305
1283;16406;-0.0006;-0.6728;-0.2217;0.5932;25.839306
1283;16407;-0.0006;-0.6729;-0.2219;0.5932;25.839307
1283;16408;-0.0006;-0.6737;-0.2224;0.5932;25.839308
1283;16409;-0.0006;-0.6736;-0.2226;0.5932;25.839309
1283;16410;-0.0006;-0.6727;-0.2226;0.5932;25.839310
1283;16411;-0.0006;-0.6724;-0.2227;0.5950;25.839311
1283;16412;-0.0006;-0.6726;-0.2230;0.5913;25.839312
1283;16413;-0.0006;-0.6732;-0.2234;0.5877;25.839313
1283;16414;-0.0006;-0.6740;-0.2239;0.5817;25.839314
1283;16415;-0.0006;-0.6743;-0.2243;0.5763;25.839315
1283;16416;-0.0006;-0.6738;-0.2243;0.5726;25.839316
1283;16417;-0.0006;-0.6724;-0.2241;0.5785;25.839317
1283;16418;-0.0006;-0.6723;-0.2243;0.5840;25.839318
1283;16419;-0.0006;-0.6734;-0.2249;0.5858;25.839319
1283;16420;-0.0006;-0.6736;-0.2252;0.5781;25.839320
1283;16421;-0.0006;-0.6735;-0.2254;0.5744;25.839321
1283;16422;-0.0006;-0.6739;-0.2257;0.5744;25.839322
1283;16423;-0.0006;-0.6733;-0.2257;0.5744;25.839323
1283;16424;-0.0006;-0.6732;-0.2260;0.5744;25.839324
1283;16425;-0.0006;-0.6737;-0.2263;0.5726;25.839325
1283;16426;-0.0006;-0.6742;-0.2268;0.5744;25.839326
1283;16427;-0.0006;-0.6742;-0.2269;0.5799;25.839327
1283;16428;-0.0006;-0.6743;-0.2272;0.5799;25.839328
1283;16429;-0.0006;-0.6740;-0.2274;0.5744;25.839329
1283;16430;-0.0006;-0.6724;-0.2271;0.5766;25.839330
1283;16431;-0.0006;-0.6715;-0.2270;0.5895;25.839331
1283;16432;-0.0006;-0.6725;-0.2276;0.5950;25.839332
1283;16433;-0.0006;-0.6731;-0.2280;0.5854;25.839333
1283;16434;-0.0006;-0.6726;-0.2281;0.5817;25.839334
1283;16435;-0.0006;-0.6721;-0.2281;0.5895;25.839335
1283;16436;-0.0006;-0.6722;-0.2284;0.5932;25.839336
1283;16437;-0.0006;-0.6726;-0.2287;0.5836;25.839337
1283;16438;-0.0006;-0.6724;-0.2289;0.5763;25.839338
1283;16439;-0.0006;-0.6723;-0.2291;0.5781;25.839339
1283;16440;-0.0006;-0.6728;-0.2295;0.5799;25.839340
1283;16441;-0.0006;-0.6734;-0.2299;0.5799;25.839341
1283;16442;-0.0006;-0.6734;-0.2302;0.5854;25.839342
1283;16443;-0.0006;-0.6731;-0.2303;0.5927;25.839343
1283;16444;-0.0006;-0.6732;-0.2305;0.5963;25.839344
1283;16445;-0.0006;-0.6724;-0.2305;0.5981;25.839345
1283;16446;-0.0006;-0.6718;-0.2305;0.5963;25.839346
1283;16447;-0.0006;-0.6724;-0.2310;0.5981;25.839347
1283;16448;-0.0006;-0.6729;-0.2314;0.6000;25.839348
1283;16449;-0.0006;-0.6729;-0.2316;0.5981;25.839349
1283;16450;-0.0006;-0.6730;-0.2319;0.5945;25.839350
1283;16451;-0.0006;-0.6736;-0.2323;0.5908;25.839351
1283;16452;-0.0007;-0.6744;-0.2328;0.5872;25.839352
1283;16453;-0.0007;-0.6743;-0.2330;0.5836;25.839353
1283;16454;-0.0007;-0.6744;-0.2333;0.5817;25.839354
1283;16455;-0.0007;-0.6737;-0.2332;0.5763;25.839355
1283;16456;-0.0007;-0.6726;-0.2331;0.5744;25.839356
1283;16457;-0.0007;-0.6732;-0.2335;0.5763;25.839357
1283;16458;-0.0007;-0.6740;-0.2340;0.5763;25.839358
1283;16459;-0.0007;-0.6734;-0.2341;0.5763;25.839359
1283;16460;-0.0007;-0.6728;-0.2341;0.5781;25.839360
1283;16461;-0.0007;-0.6721;-0.2341;0.5854;25.839361
1283;16462;-0.0007;-0.6726;-0.2345;0.5854;25.839362
1283;16463;-0.0007;-0.6726;-0.2347;0.5817;25.839363
1283;16464;-0.0007;-0.6725;-0.2349;0.5836;25.839364
1283;16465;-0.0007;-0.6733;-0.2354;0.5836;25.839365
1283;16466;-0.0007;-0.6734;-0.2357;0.5854;25.839366
1283;16467;-0.0007;-0.6735;-0.2360;0.5890;25.839367
1283;16468;-0.0007;-0.6737;-0.2363;0.5872;25.839368
1283;16469;-0.0007;-0.6738;-0.2366;0.5854;25.839369
1283;16470;-0.0007;-0.6736;-0.2367;0.5854;25.839370
1283;16471;-0.0007;-0.6734;-0.2369;0.5854;25.839371
1283;16472;-0.0007;-0.6740;-0.2373;0.5908;25.839372
1283;16473;-0.0007;-0.6747;-0.2378;0.5981;25.839373
1283;16474;-0.0007;-0.6745;-0.2379;0.5981;25.839374
1283;16475;-0.0007;-0.6739;-0.2380;0.5927;25.839375
1283;16476;-0.0007;-0.6735;-0.2381;0.5890;25.839376
1283;16477;-0.0007;-0.6739;-0.2384;0.5908;25.839377
1283;16478;-0.0007;-0.6738;-0.2387;0.5890;25.839378
1283;16479;-0.0007;-0.6740;-0.2389;0.5817;25.839379
1283;16480;-0.0007;-0.6741;-0.2392;0.5799;25.839380
1283;16481;-0.0007;-0.6732;-0.2391;0.5817;25.839381
1283;16482;-0.0007;-0.6724;-0.2391;0.5836;25.839382
1283;16483;-0.0007;-0.6728;-0.2394;0.5836;25.839383
1283;16484;-0.0007;-0.6732;-0.2398;0.5763;25.839384
1283;16485;-0.0007;-0.6738;-0.2403;0.5744;25.839385
1283;16486;-0.0007;-0.6743;-0.2407;0.5817;25.839386
1283;16487;-0.0007;-0.6745;-0.2410;0.5854;25.839387
1283;16488;-0.0007;-0.6744;-0.2412;0.5854;25.839388
1283;16489;-0.0007;-0.6741;-0.2413;0.5872;25.839389
1283;16490;-0.0007;-0.6736;-0.2413;0.5890;25.839390
1283;16491;-0.0007;-0.6733;-0.2415;0.5890;25.839391
1283;16492;-0.0007;-0.6733;-0.2417;0.5908;25.839392
1283;16493;-0.0007;-0.6734;-0.2420;0.5963;25.839393
1283;16494;-0.0007;-0.6731;-0.2421;0.5981;25.839394
1283;16495;-0.0007;-0.6732;-0.2424;0.5981;25.839395
1283;16496;-0.0007;-0.6732;-0.2426;0.5981;25.839396
1283;16497;-0.0007;-0.6728;-0.2427;0.5981;25.839397
1283;16498;-0.0007;-0.6730;-0.2430;0.5945;25.839398
1283;16499;-0.0007;-0.6738;-0.2435;0.5908;25.839399
1283;16500;-0.0007;-0.6746;-0.2440;0.5908;25.839400
1283;16501;-0.0007;-0.6741;-0.2441;0.5908;25.839401
1283;16502;-0.0007;-0.6734;-0.2441;0.5872;25.839402
1283;16503;-0.0007;-0.6735;-0.2443;0.5836;25.839403
1283;16504;-0.0007;-0.6739;-0.2447;0.5836;25.839404
1283;16505;-0.0007;-0.6742;-0.2451;0.5890;25.839405
1283;16506;-0.0007;-0.6736;-0.2451;0.5908;25.839406
1283;16507;-0.0007;-0.6734;-0.2452;0.5890;25.839407
1283;16508;-0.0007;-0.6742;-0.2458;0.5836;25.839408
1283;16509;-0.0007;-0.6739;-0.2459;0.5799;25.839409
1283;16510;-0.0007;-0.6733;-0.2459;0.5890;25.839410
1283;16511;-0.0007;-0.6734;-0.2462;0.5945;25.839411
1283;16512;-0.0007;-0.6731;-0.2463;0.6000;25.839412
1283;16513;-0.0007;-0.6729;-0.2465;0.6018;25.839413
1283;16514;-0.0007;-0.6731;-0.2468;0.5963;25.839414
1283;16515;-0.0007;-0.6744;-0.2475;0.5963;25.839415
1283;16516;-0.0007;-0.6748;-0.2478;0.6000;25.839416
1283;16517;-0.0007;-0.6741;-0.2479;0.6000;25.839417
1283;16518;-0.0007;-0.6732;-0.2477;0.6018;25.839418
1283;16519;-0.0007;-0.6733;-0.2480;0.5981;25.839419
1283;16520;-0.0007;-0.6742;-0.2486;0.5945;25.839420
1283;16521;-0.0007;-0.6743;-0.2489;0.5945;25.839421
1283;16522;-0.0007;-0.6740;-0.2490;0.5963;25.839422
1283;16523;-0.0007;-0.6740;-0.2492;0.5981;25.839423
1283;16524;-0.0007;-0.6741;-0.2495;0.5981;25.839424
1283;16525;-0.0007;-0.6736;-0.2495;0.5981;25.839425
1283;16526;-0.0007;-0.6735;-0.2498;0.6000;25.839426
1283;16527;-0.0007;-0.6734;-0.2499;0.5963;25.839427
1283;16528;-0.0007;-0.6736;-0.2503;0.5945;25.839428
1283;16529;-0.0007;-0.6740;-0.2506;0.5890;25.839429
1283;16530;-0.0007;-0.6745;-0.2511;0.5836;25.839430
1283;16531;-0.0007;-0.6748;-0.2514;0.5798;25.839431
1283;16532;-0.0007;-0.6744;-0.2515;0.5854;25.839432
1283;16533;-0.0007;-0.6741;-0.2516;0.5872;25.839433
1283;16534;-0.0007;-0.6740;-0.2518;0.5836;25.839434
1283;16535;-0.0007;-0.6743;-0.2522;0.5854;25.839435
1283;16536;-0.0007;-0.6749;-0.2526;0.5871;25.839436
1283;16537;-0.0007;-0.6744;-0.2527;0.5943;25.839437
1283;16538;-0.0007;-0.6739;-0.2527;0.6054;25.839438
1283;16539;-0.0007;-0.6734;-0.2528;0.6109;25.839439
1283;16540;-0.0007;-0.6728;-0.2528;0.6109;25.839440
1283;16541;-0.0007;-0.6726;-0.2529;0.6054;25.839441
1283;16542;-0.0007;-0.6727;-0.2532;0.6000;25.839442
1283;16543;-0.0007;-0.6731;-0.2536;0.6000;25.839443
1283;16544;-0.0007;-0.6730;-0.2538;0.5945;25.839444
1283;16545;-0.0007;-0.6725;-0.2539;0.5927;25.839445
1283;16546;-0.0007;-0.6733;-0.2544;0.5945;25.839446
1283;16547;-0.0007;-0.6741;-0.2549;0.5889;25.839447
1283;16548;-0.0007;-0.6740;-0.2551;0.5834;25.839448
1283;16549;-0.0007;-0.6735;-0.2552;0.5744;25.839449
1283;16550;-0.0007;-0.6737;-0.2554;0.5689;25.839450
1283;16551;-0.0007;-0.6740;-0.2558;0.5689;25.839451
1283;16552;-0.0007;-0.6739;-0.2560;0.5689;25.839452
1283;16553;-0.0007;-0.6734;-0.2561;0.5708;25.839453
1283;16554;-0.0007;-0.6738;-0.2565;0.5689;25.839454
1283;16555;-0.0007;-0.6733;-0.2565;0.5653;25.839455
1283;16556;-0.0007;-0.6727;-0.2565;0.5708;25.839456
1283;16557;-0.0007;-0.6728;-0.2568;0.5671;25.839457
1283;16558;-0.0007;-0.6732;-0.2572;0.5653;25.839458
1283;16559;-0.0007;-0.6741;-0.2577;0.5617;25.839459
1283;16560;-0.0007;-0.6740;-0.2579;0.5581;25.839460
1283;16561;-0.0007;-0.6732;-0.2579;0.5635;25.839461
1283;16562;-0.0007;-0.6725;-0.2579;0.5689;25.839462
1283;16563;-0.0007;-0.6726;-0.2581;0.5726;25.839463
1283;16564;-0.0007;-0.6742;-0.2590;0.5689;25.839464
1283;16565;-0.0007;-0.6748;-0.2595;0.5617;25.839465
1283;16566;-0.0007;-0.6742;-0.2595;0.5599;25.839466
1283;16567;-0.0007;-0.6733;-0.2594;0.5599;25.839467
1283;16568;-0.0007;-0.6733;-0.2596;0.5581;25.839468
1283;16569;-0.0007;-0.6741;-0.2601;0.5545;25.839469
1283;16570;-0.0007;-0.6742;-0.2604;0.5508;25.839470
1283;16571;-0.0007;-0.6730;-0.2602;0.5472;25.839471
1283;16572;-0.0007;-0.6724;-0.2602;0.5418;25.839472
1283;16573;-0.0007;-0.6727;-0.2605;0.5418;25.839473
1283;16574;-0.0007;-0.6734;-0.2611;0.5436;25.839474
1283;16575;-0.0007;-0.6727;-0.2610;0.5418;25.839475
1283;16576;-0.0007;-0.6724;-0.2612;0.5400;25.839476
1283;16577;-0.0007;-0.6732;-0.2617;0.5454;25.839477
1283;16578;-0.0007;-0.6734;-0.2620;0.5545;25.839478
1283;16579;-0.0007;-0.6735;-0.2622;0.5599;25.839479
1283;16580;-0.0007;-0.6732;-0.2624;0.5635;25.839480
1283;16581;-0.0007;-0.6738;-0.2629;0.5689;25.839481
1283;16582;-0.0007;-0.6743;-0.2633;0.5726;25.839482
1283;16583;-0.0007;-0.6736;-0.2633;0.5726;25.839483
1283;16584;-0.0007;-0.6729;-0.2632;0.5744;25.839484
1283;16585;-0.0007;-0.6728;-0.2634;0.5708;25.839485
1283;16586;-0.0007;-0.6736;-0.2640;0.5689;25.839486
1283;16587;-0.0007;-0.6741;-0.2644;0.5635;25.839487
1283;16588;-0.0007;-0.6739;-0.2646;0.5545;25.839488
1283;16589;-0.0007;-0.6738;-0.2648;0.5526;25.839489
1283;16590;-0.0007;-0.6737;-0.2650;0.5526;25.839490
1283;16591;-0.0007;-0.6736;-0.2652;0.5545;25.839491
1283;16592;-0.0007;-0.6741;-0.2656;0.5526;25.839492
1283;16593;-0.0007;-0.6741;-0.2659;0.5472;25.839493
1283;16594;-0.0007;-0.6740;-0.2660;0.5490;25.839494
1283;16595;-0.0007;-0.6740;-0.2663;0.5508;25.839495
1283;16596;-0.0007;-0.6745;-0.2667;0.5526;25.839496
1283;16597;-0.0007;-0.6750;-0.2672;0.5526;25.839497
1283;16598;-0.0007;-0.6743;-0.2671;0.5508;25.839498
1283;16599;-0.0007;-0.6736;-0.2671;0.5490;25.839499
1283;16600;-0.0007;-0.6733;-0.2672;0.5454;25.839500
1283;16601;-0.0007;-0.6730;-0.2673;0.5418;25.839501
1283;16602;-0.0007;-0.6734;-0.2677;0.5436;25.839502
1283;16603;-0.0007;-0.6739;-0.2681;0.5508;25.839503
1283;16604;-0.0007;-0.6742;-0.2685;0.5563;25.839504
1283;16605;-0.0007;-0.6742;-0.2687;0.5581;25.839505
1283;16606;-0.0007;-0.6739;-0.2689;0.5563;25.839506
1283;16607;-0.0007;-0.6742;-0.2692;0.5581;25.839507
1283;16608;-0.0007;-0.6735;-0.2692;0.5635;25.839508
1283;16609;-0.0007;-0.6725;-0.2691;0.5708;25.839509
1283;16610;-0.0007;-0.6733;-0.2696;0.5744;25.839510
1283;16611;-0.0007;-0.6737;-0.2700;0.5708;25.839511
1283;16612;-0.0007;-0.6732;-0.2700;0.5689;25.839512
1283;16613;-0.0007;-0.6735;-0.2704;0.5653;25.839513
1283;16614;-0.0007;-0.6736;-0.2707;0.5581;25.839514
1283;16615;-0.0007;-0.6733;-0.2708;0.5545;25.839515
1283;16616;-0.0007;-0.6731;-0.2709;0.5581;25.839516
1283;16617;-0.0007;-0.6736;-0.2714;0.5599;25.839517
1283;16618;-0.0007;-0.6744;-0.2719;0.5581;25.839518
1283;16619;-0.0007;-0.6753;-0.2726;0.5545;25.839519
1283;16620;-0.0007;-0.6751;-0.2727;0.5545;25.839520
1283;16621;-0.0007;-0.6731;-0.2722;0.5581;25.839521
1283;16622;-0.0007;-0.6723;-0.2721;0.5599;25.839522
1283;16623;-0.0007;-0.6729;-0.2725;0.5617;25.839523
1283;16624;-0.0007;-0.6735;-0.2731;0.5635;25.839524
1283;16625;-0.0007;-0.6740;-0.2735;0.5599;25.839525
1283;16626;-0.0007;-0.6737;-0.2736;0.5490;25.839526
1283;16627;-0.0007;-0.6738;-0.2739;0.5436;25.839527
1283;16628;-0.0007;-0.6740;-0.2742;0.5436;25.839528
1283;16629;-0.0007;-0.6739;-0.2744;0.5454;25.839529
1283;16630;-0.0007;-0.6740;-0.2747;0.5472;25.839530
1283;16631;-0.0007;-0.6737;-0.2748;0.5400;25.839531
1283;16632;-0.0007;-0.6728;-0.2747;0.5363;25.839532
1283;16633;-0.0007;-0.6727;-0.2748;0.5381;25.839533
1283;16634;-0.0007;-0.6734;-0.2754;0.5418;25.839534
1283;16635;-0.0007;-0.6741;-0.2759;0.5472;25.839535
1283;16636;-0.0007;-0.6740;-0.2761;0.5490;25.839536
1283;16637;-0.0007;-0.6743;-0.2765;0.5508;25.839537
1283;16638;-0.0007;-0.6746;-0.2769;0.5563;25.839538
1283;16639;-0.0007;-0.6746;-0.2771;0.5599;25.839539
1283;16640;-0.0007;-0.6749;-0.2775;0.5635;25.839540
1283;16641;-0.0007;-0.6748;-0.2777;0.5581;25.839541
1283;16642;-0.0007;-0.6743;-0.2777;0.5545;25.839542
1283;16643;-0.0007;-0.6749;-0.2782;0.5545;25.839543
1283;16644;-0.0007;-0.6745;-0.2783;0.5526;25.839544
1283;16645;-0.0007;-0.6732;-0.2780;0.5526;25.839545
1283;16646;-0.0007;-0.6725;-0.2779;0.5490;25.839546
1283;16647;-0.0007;-0.6739;-0.2787;0.5454;25.839547
1283;16648;-0.0007;-0.6755;-0.2796;0.5379;25.839548
1283;16649;-0.0007;-0.6752;-0.2798;0.5397;25.839549
1283;16650;-0.0007;-0.6744;-0.2797;0.5469;25.839550
1283;16651;-0.0007;-0.6746;-0.2800;0.5433;25.839551
1283;16652;-0.0007;-0.6752;-0.2805;0.5397;25.839552
1283;16653;-0.0007;-0.6755;-0.2809;0.5397;25.839553
1283;16654;-0.0007;-0.6752;-0.2810;0.5397;25.839554
1283;16655;-0.0007;-0.6751;-0.2812;0.5379;25.839555
1283;16656;-0.0007;-0.6749;-0.2813;0.5379;25.839556
1283;16657;-0.0007;-0.6737;-0.2811;0.5454;25.839557
1283;16658;-0.0007;-0.6733;-0.2812;0.5526;25.839558
1283;16659;-0.0007;-0.6735;-0.2815;0.5526;25.839559
1283;16660;-0.0007;-0.6741;-0.2820;0.5469;25.839560
1283;16661;-0.0007;-0.6738;-0.2821;0.5487;25.839561
1283;16662;-0.0007;-0.6739;-0.2824;0.5469;25.839562
1283;16663;-0.0007;-0.6749;-0.2831;0.5397;25.839563
1283;16664;-0.0007;-0.6747;-0.2832;0.5325;25.839564
1283;16665;-0.0007;-0.6738;-0.2831;0.5325;25.839565
1283;16666;-0.0007;-0.6733;-0.2831;0.5289;25.839566
1283;16667;-0.0007;-0.6732;-0.2833;0.5235;25.839567
1283;16668;-0.0007;-0.6738;-0.2838;0.5145;25.839568
1283;16669;-0.0007;-0.6743;-0.2843;0.5037;25.839569
1283;16670;-0.0007;-0.6743;-0.2845;0.4983;25.839570
1283;16671;-0.0007;-0.6741;-0.2847;0.5001;25.839571
1283;16672;-0.0007;-0.6741;-0.2849;0.5001;25.839572
1283;16673;-0.0007;-0.6744;-0.2853;0.4983;25.839573
1283;16674;-0.0007;-0.6745;-0.2856;0.4947;25.839574
1283;16675;-0.0007;-0.6749;-0.2860;0.4947;25.839575
1283;16676;-0.0007;-0.6752;-0.2864;0.5001;25.839576
1283;16677;-0.0007;-0.6745;-0.2863;0.4983;25.839577
1283;16678;-0.0007;-0.6736;-0.2862;0.4947;25.839578
1283;16679;-0.0007;-0.6732;-0.2862;0.4929;25.839579
1283;16680;-0.0007;-0.6736;-0.2867;0.4893;25.839580
1283;16681;-0.0007;-0.6735;-0.2869;0.4893;25.839581
1283;16682;-0.0007;-0.6731;-0.2869;0.4911;25.839582
1283;16683;-0.0007;-0.6737;-0.2874;0.4929;25.839583
1283;16684;-0.0007;-0.6741;-0.2878;0.4893;25.839584
1283;16685;-0.0007;-0.6744;-0.2882;0.4875;25.839585
1283;16686;-0.0007;-0.6749;-0.2887;0.4893;25.839586
1283;16687;-0.0007;-0.6748;-0.2889;0.4947;25.839587
1283;16688;-0.0007;-0.6741;-0.2888;0.5019;25.839588
1283;16689;-0.0007;-0.6736;-0.2889;0.5073;25.839589
1283;16690;-0.0007;-0.6737;-0.2891;0.5145;25.839590
1283;16691;-0.0007;-0.6741;-0.2896;0.5199;25.839591
1283;16692;-0.0007;-0.6738;-0.2897;0.5217;25.839592
1283;16693;-0.0007;-0.6741;-0.2901;0.5271;25.839593
1283;16694;-0.0007;-0.6743;-0.2904;0.5325;25.839594
1283;16695;-0.0007;-0.6737;-0.2904;0.5397;25.839595
1283;16696;-0.0007;-0.6735;-0.2905;0.5469;25.839596
1283;16697;-0.0007;-0.6727;-0.2904;0.5469;25.839597
1283;16698;-0.0007;-0.6726;-0.2906;0.5487;25.839598
1283;16699;-0.0007;-0.6734;-0.2912;0.5523;25.839599
1283;16700;-0.0007;-0.6743;-0.2919;0.5505;25.839600
1283;16701;-0.0007;-0.6740;-0.2920;0.5487;25.839601
1283;16702;-0.0007;-0.6733;-0.2919;0.5487;25.839602
1283;16703;-0.0007;-0.6732;-0.2921;0.5487;25.839603
1283;16704;-0.0007;-0.6733;-0.2924;0.5433;25.839604
1283;16705;-0.0007;-0.6733;-0.2926;0.5343;25.839605
1283;16706;-0.0007;-0.6736;-0.2930;0.5271;25.839606
1283;16707;-0.0007;-0.6737;-0.2933;0.5163;25.839607
1283;16708;-0.0007;-0.6737;-0.2935;0.5037;25.839608
1283;16709;-0.0007;-0.6731;-0.2936;0.4929;25.839609
1283;16710;-0.0007;-0.6724;-0.2935;0.4785;25.839610
1283;16711;-0.0007;-0.6729;-0.2940;0.4713;25.839611
1283;16712;-0.0007;-0.6742;-0.2947;0.4677;25.839612
1283;16713;-0.0007;-0.6749;-0.2953;0.4623;25.839613
1283;16714;-0.0007;-0.6752;-0.2957;0.4587;25.839614
1283;16715;-0.0007;-0.6751;-0.2959;0.4533;25.839615
1283;16716;-0.0007;-0.6748;-0.2960;0.4569;25.839616
1283;16717;-0.0008;-0.6755;-0.2966;0.4605;25.839617
1283;16718;-0.0008;-0.6761;-0.2970;0.4623;25.839618
1283;16719;-0.0008;-0.6760;-0.2973;0.4731;25.839619
1283;16720;-0.0008;-0.6757;-0.2974;0.4857;25.839620
1283;16721;-0.0008;-0.6763;-0.2979;0.4929;25.839621
1283;16722;-0.0008;-0.6773;-0.2986;0.4950;25.839622
1283;16723;-0.0008;-0.6790;-0.2996;0.5022;25.839623
1283;16724;-0.0008;-0.6808;-0.3006;0.5075;25.839624
1283;16725;-0.0008;-0.6821;-0.3014;0.5040;25.839625
1283;16726;-0.0008;-0.6843;-0.3027;0.4986;25.839626
1283;16727;-0.0008;-0.6880;-0.3045;0.4878;25.839627
1283;16728;-0.0008;-0.6928;-0.3069;0.4719;25.839628
1283;16729;-0.0008;-0.6991;-0.3100;0.4490;25.839629
1283;16730;-0.0008;-0.7058;-0.3132;0.4264;25.839630
1283;16731;-0.0008;-0.7110;-0.3158;0.4141;25.839631
1283;16732;-0.0008;-0.7161;-0.3183;0.4057;25.839632
1283;16733;-0.0008;-0.7213;-0.3209;0.4057;25.839633
1283;16734;-0.0008;-0.7252;-0.3229;0.4060;25.839634
1283;16735;-0.0008;-0.7273;-0.3241;0.4129;25.839635
1283;16736;-0.0008;-0.7287;-0.3250;0.4250;25.839636
1283;16737;-0.0008;-0.7297;-0.3257;0.4370;25.839637
1283;16738;-0.0008;-0.7300;-0.3261;0.4422;25.839638
1283;16739;-0.0008;-0.7304;-0.3266;0.4404;25.839639
1283;16740;-0.0008;-0.7311;-0.3271;0.4370;25.839640
1283;16741;-0.0008;-0.7323;-0.3280;0.4319;25.839641
1283;16742;-0.0008;-0.7324;-0.3282;0.4234;25.839642
1283;16743;-0.0008;-0.7318;-0.3283;0.4165;25.839643
1283;16744;-0.0008;-0.7315;-0.3284;0.4148;25.839644
1283;16745;-0.0008;-0.7319;-0.3288;0.4148;25.839645
1283;16746;-0.0008;-0.7321;-0.3292;0.4131;25.839646
1283;16747;-0.0008;-0.7317;-0.3293;0.4097;25.839647
1283;16748;-0.0008;-0.7317;-0.3296;0.4029;25.839648
1283;16749;-0.0008;-0.7317;-0.3298;0.3995;25.839649
1283;16750;-0.0008;-0.7309;-0.3298;0.4012;25.839650
1283;16751;-0.0008;-0.7310;-0.3300;0.4046;25.839651
1283;16752;-0.0008;-0.7320;-0.3308;0.4046;25.839652
1283;16753;-0.0008;-0.7330;-0.3315;0.4029;25.839653
1283;16754;-0.0008;-0.7332;-0.3319;0.4012;25.839654
1283;16755;-0.0008;-0.7326;-0.3318;0.3978;25.839655
1283;16756;-0.0008;-0.7311;-0.3315;0.3978;25.839656
1283;16757;-0.0008;-0.7304;-0.3314;0.4012;25.839657
1283;16758;-0.0008;-0.7306;-0.3317;0.4063;25.839658
1283;16759;-0.0008;-0.7311;-0.3323;0.4097;25.839659
1283;16760;-0.0008;-0.7314;-0.3327;0.4165;25.839660
1283;16761;-0.0008;-0.7313;-0.3329;0.4199;25.839661
1283;16762;-0.0008;-0.7312;-0.3331;0.4217;25.839662
1283;16763;-0.0008;-0.7317;-0.3336;0.4148;25.839663
1283;16764;-0.0009;-0.7320;-0.3340;0.4080;25.839664
1283;16765;-0.0009;-0.7317;-0.3342;0.4046;25.839665
1283;16766;-0.0009;-0.7314;-0.3343;0.4046;25.839666
1283;16767;-0.0009;-0.7315;-0.3347;0.4029;25.839667
1283;16768;-0.0009;-0.7325;-0.3353;0.3978;25.839668
1283;16769;-0.0009;-0.7320;-0.3354;0.3943;25.839669
1283;16770;-0.0009;-0.7316;-0.3355;0.3978;25.839670
1283;16771;-0.0009;-0.7322;-0.3360;0.4029;25.839671
1283;16772;-0.0009;-0.7319;-0.3361;0.4012;25.839672
1283;16773;-0.0009;-0.7308;-0.3359;0.3960;25.839673
1283;16774;-0.0009;-0.7300;-0.3358;0.3943;25.839674
1283;16775;-0.0009;-0.7301;-0.3361;0.3995;25.839675
1283;16776;-0.0009;-0.7304;-0.3366;0.4029;25.839676
1283;16777;-0.0009;-0.7307;-0.3369;0.3995;25.839677
1283;16778;-0.0009;-0.7309;-0.3373;0.3978;25.839678
1283;16779;-0.0009;-0.7307;-0.3375;0.3960;25.839679
1283;16780;-0.0009;-0.7308;-0.3378;0.3995;25.839680
1283;16781;-0.0009;-0.7319;-0.3386;0.3978;25.839681
1283;16782;-0.0009;-0.7313;-0.3386;0.3926;25.839682
1283;16783;-0.0009;-0.7305;-0.3385;0.3909;25.839683
1283;16784;-0.0009;-0.7312;-0.3391;0.3892;25.839684
1283;16785;-0.0009;-0.7316;-0.3396;0.3875;25.839685
1283;16786;-0.0009;-0.7319;-0.3399;0.3807;25.839686
1283;16787;-0.0009;-0.7324;-0.3405;0.3773;25.839687
1283;16788;-0.0009;-0.7327;-0.3409;0.3739;25.839688
1283;16789;-0.0009;-0.7324;-0.3410;0.3704;25.839689
1283;16790;-0.0009;-0.7316;-0.3409;0.3687;25.839690
1283;16791;-0.0009;-0.7305;-0.3407;0.3739;25.839691
1283;16792;-0.0009;-0.7296;-0.3405;0.3807;25.839692
1283;16793;-0.0009;-0.7303;-0.3411;0.3824;25.839693
1283;16794;-0.0009;-0.7321;-0.3422;0.3739;25.839694
1283;16795;-0.0009;-0.7331;-0.3430;0.3704;25.839695
1283;16796;-0.0009;-0.7327;-0.3431;0.3687;25.839696
1283;16797;-0.0009;-0.7320;-0.3430;0.3670;25.839697
1283;16798;-0.0009;-0.7320;-0.3433;0.3670;25.839698
1283;16799;-0.0009;-0.7314;-0.3433;0.3670;25.839699
1283;16800;-0.0009;-0.7306;-0.3432;0.3721;25.839700
1283;16801;-0.0009;-0.7312;-0.3437;0.3756;25.839701
1283;16802;-0.0009;-0.7323;-0.3446;0.3773;25.839702
1283;16803;-0.0009;-0.7324;-0.3449;0.3773;25.839703
1283;16804;-0.0009;-0.7321;-0.3450;0.3756;25.839704
1283;16805;-0.0009;-0.7324;-0.3454;0.3739;25.839705
1283;16806;-0.0009;-0.7327;-0.3458;0.3706;25.839706
1283;16807;-0.0009;-0.7325;-0.3460;0.3740;25.839707
1283;16808;-0.0009;-0.7321;-0.3461;0.3807;25.839708
1283;16809;-0.0009;-0.7324;-0.3465;0.3774;25.839709
1283;16810;-0.0009;-0.7325;-0.3468;0.3757;25.839710
1283;16811;-0.0009;-0.7327;-0.3472;0.3723;25.839711
1283;16812;-0.0009;-0.7329;-0.3476;0.3706;25.839712
1283;16813;-0.0009;-0.7324;-0.3476;0.3723;25.839713
1283;16814;-0.0009;-0.7311;-0.3472;0.3756;25.839714
1283;16815;-0.0009;-0.7307;-0.3473;0.3739;25.839715
1283;16816;-0.0009;-0.7321;-0.3483;0.3706;25.839716
1283;16817;-0.0009;-0.7327;-0.3489;0.3723;25.839717
1283;16818;-0.0009;-0.7325;-0.3490;0.3740;25.839718
1283;16819;-0.0009;-0.7325;-0.3493;0.3689;25.839719
1283;16820;-0.0009;-0.7325;-0.3496;0.3638;25.839720
1283;16821;-0.0009;-0.7318;-0.3495;0.3604;25.839721
1283;16822;-0.0009;-0.7315;-0.3496;0.3571;25.839722
1283;16823;-0.0009;-0.7321;-0.3502;0.3571;25.839723
1283;16824;-0.0009;-0.7331;-0.3510;0.3571;25.839724
1283;16825;-0.0009;-0.7338;-0.3516;0.3604;25.839725
1283;16826;-0.0009;-0.7331;-0.3516;0.3655;25.839726
1283;16827;-0.0009;-0.7324;-0.3514;0.3689;25.839727
1283;16828;-0.0009;-0.7314;-0.3513;0.3723;25.839728
1283;16829;-0.0009;-0.7313;-0.3515;0.3740;25.839729
1283;16830;-0.0009;-0.7320;-0.3521;0.3774;25.839730
1283;16831;-0.0009;-0.7321;-0.3524;0.3757;25.839731
1283;16832;-0.0009;-0.7320;-0.3527;0.3706;25.839732
1283;16833;-0.0009;-0.7311;-0.3525;0.3706;25.839733
1283;16834;-0.0009;-0.7309;-0.3527;0.3706;25.839734
1283;16835;-0.0009;-0.7309;-0.3530;0.3672;25.839735
1283;16836;-0.0009;-0.7308;-0.3532;0.3621;25.839736
1283;16837;-0.0009;-0.7315;-0.3538;0.3588;25.839737
1283;16838;-0.0009;-0.7322;-0.3544;0.3571;25.839738
1283;16839;-0.0009;-0.7332;-0.3552;0.3554;25.839739
1283;16840;-0.0009;-0.7331;-0.3554;0.3520;25.839740
1283;16841;-0.0009;-0.7319;-0.3551;0.3537;25.839741
1283;16842;-0.0009;-0.7318;-0.3553;0.3537;25.839742
1283;16843;-0.0009;-0.7325;-0.3559;0.3537;25.839743
1283;16844;-0.0009;-0.7324;-0.3562;0.3537;25.839744
1283;16845;-0.0009;-0.7317;-0.3561;0.3554;25.839745
1283;16846;-0.0009;-0.7305;-0.3558;0.3537;25.839746
1283;16847;-0.0009;-0.7302;-0.3559;0.3486;25.839747
1283;16848;-0.0009;-0.7307;-0.3564;0.3486;25.839748
1283;16849;-0.0009;-0.7316;-0.3572;0.3486;25.839749
1283;16850;-0.0009;-0.7317;-0.3575;0.3486;25.839750
1283;16851;-0.0009;-0.7323;-0.3581;0.3520;25.839751
1283;16852;-0.0009;-0.7343;-0.3593;0.3571;25.839752
1283;16853;-0.0009;-0.7343;-0.3596;0.3621;25.839753
1283;16854;-0.0009;-0.7333;-0.3594;0.3621;25.839754
1283;16855;-0.0009;-0.7326;-0.3593;0.3621;25.839755
1283;16856;-0.0009;-0.7321;-0.3594;0.3638;25.839756
1283;16857;-0.0009;-0.7318;-0.3595;0.3604;25.839757
1283;16858;-0.0009;-0.7314;-0.3596;0.3554;25.839758
1283;16859;-0.0009;-0.7314;-0.3599;0.3520;25.839759
1283;16860;-0.0009;-0.7318;-0.3604;0.3452;25.839760
1283;16861;-0.0009;-0.7311;-0.3603;0.3452;25.839761
1283;16862;-0.0009;-0.7306;-0.3603;0.3469;25.839762
1283;16863;-0.0009;-0.7303;-0.3604;0.3486;25.839763
1283;16864;-0.0009;-0.7302;-0.3607;0.3503;25.839764
1283;16865;-0.0009;-0.7311;-0.3614;0.3486;25.839765
1283;16866;-0.0009;-0.7315;-0.3618;0.3452;25.839766
1283;16867;-0.0009;-0.7319;-0.3623;0.3401;25.839767
1283;16868;-0.0009;-0.7319;-0.3626;0.3401;25.839768
1283;16869;-0.0009;-0.7319;-0.3629;0.3435;25.839769
1283;16870;-0.0009;-0.7318;-0.3631;0.3401;25.839770
1283;16871;-0.0009;-0.7311;-0.3631;0.3351;25.839771
1283;16872;-0.0009;-0.7303;-0.3630;0.3300;25.839772
1283;16873;-0.0009;-0.7307;-0.3634;0.3300;25.839773
1283;16874;-0.0009;-0.7317;-0.3642;0.3351;25.839774
1283;16875;-0.0009;-0.7319;-0.3646;0.3401;25.839775
1283;16876;-0.0009;-0.7315;-0.3647;0.3401;25.839776
1283;16877;-0.0009;-0.7312;-0.3648;0.3384;25.839777
1283;16878;-0.0009;-0.7309;-0.3649;0.3384;25.839778
1283;16879;-0.0009;-0.7305;-0.3650;0.3384;25.839779
1283;16880;-0.0009;-0.7304;-0.3653;0.3368;25.839780
1283;16881;-0.0009;-0.7309;-0.3658;0.3384;25.839781
1283;16882;-0.0009;-0.7319;-0.3665;0.3368;25.839782
1283;16883;-0.0009;-0.7321;-0.3669;0.3368;25.839783
1283;16884;-0.0009;-0.7318;-0.3671;0.3351;25.839784
1283;16885;-0.0009;-0.7320;-0.3675;0.3334;25.839785
1283;16886;-0.0009;-0.7321;-0.3677;0.3368;25.839786
1283;16887;-0.0009;-0.7324;-0.3682;0.3452;25.839787
1283;16888;-0.0009;-0.7320;-0.3683;0.3469;25.839788
1283;16889;-0.0009;-0.7313;-0.3682;0.3401;25.839789
1283;16890;-0.0009;-0.7308;-0.3682;0.3368;25.839790
1283;16891;-0.0009;-0.7311;-0.3686;0.3351;25.839791
1283;16892;-0.0009;-0.7319;-0.3693;0.3317;25.839792
1283;16893;-0.0009;-0.7315;-0.3695;0.3283;25.839793
1283;16894;-0.0009;-0.7308;-0.3694;0.3283;25.839794
1283;16895;-0.0009;-0.7312;-0.3699;0.3300;25.839795
1283;16896;-0.0009;-0.7314;-0.3702;0.3283;25.839796
1283;16897;-0.0009;-0.7316;-0.3706;0.3257;25.839797
1283;16898;-0.0009;-0.7326;-0.3714;0.3290;25.839798
1283;16899;-0.0009;-0.7335;-0.3722;0.3307;25.839799
1283;16900;-0.0009;-0.7344;-0.3729;0.3307;25.839800
1283;16901;-0.0009;-0.7335;-0.3727;0.3290;25.839801
1283;16902;-0.0009;-0.7319;-0.3722;0.3307;25.839802
1283;16903;-0.0009;-0.7320;-0.3725;0.3290;25.839803
1283;16904;-0.0009;-0.7327;-0.3732;0.3240;25.839804
1283;16905;-0.0009;-0.7332;-0.3737;0.3190;25.839805
1283;16906;-0.0009;-0.7326;-0.3737;0.3173;25.839806
1283;16907;-0.0009;-0.7324;-0.3738;0.3223;25.839807
1283;16908;-0.0009;-0.7325;-0.3742;0.3240;25.839808
1283;16909;-0.0009;-0.7315;-0.3740;0.3240;25.839809
1283;16910;-0.0009;-0.7302;-0.3736;0.3257;25.839810
1283;16911;-0.0009;-0.7313;-0.3744;0.3273;25.839811
1283;16912;-0.0009;-0.7324;-0.3753;0.3307;25.839812
1283;16913;-0.0009;-0.7327;-0.3757;0.3324;25.839813
1283;16914;-0.0009;-0.7326;-0.3759;0.3307;25.839814
1283;16915;-0.0009;-0.7323;-0.3761;0.3273;25.839815
1283;16916;-0.0009;-0.7321;-0.3763;0.3240;25.839816
1283;16917;-0.0009;-0.7318;-0.3764;0.3223;25.839817
1283;16918;-0.0009;-0.7317;-0.3766;0.3206;25.839818
1283;16919;-0.0009;-0.7308;-0.3764;0.3156;25.839819
1283;16920;-0.0009;-0.7299;-0.3763;0.3122;25.839820
1283;16921;-0.0009;-0.7308;-0.3770;0.3139;25.839821
1283;16922;-0.0009;-0.7315;-0.3777;0.3173;25.839822
1283;16923;-0.0009;-0.7322;-0.3783;0.3156;25.839823
1283;16924;-0.0009;-0.7312;-0.3781;0.3106;25.839824
1283;16925;-0.0009;-0.7301;-0.3778;0.3089;25.839825
1283;16926;-0.0009;-0.7308;-0.3784;0.3139;25.839826
1283;16927;-0.0009;-0.7313;-0.3789;0.3173;25.839827
1283;16928;-0.0009;-0.7310;-0.3791;0.3156;25.839828
1283;16929;-0.0009;-0.7311;-0.3794;0.3139;25.839829
1283;16930;-0.0009;-0.7316;-0.3800;0.3139;25.839830
1283;16931;-0.0009;-0.7323;-0.3806;0.3106;25.839831
1283;16932;-0.0009;-0.7328;-0.3811;0.3089;25.839832
1283;16933;-0.0009;-0.7325;-0.3812;0.3089;25.839833
1283;16934;-0.0009;-0.7325;-0.3816;0.3106;25.839834
1283;16935;-0.0009;-0.7321;-0.3816;0.3156;25.839835
1283;16936;-0.0009;-0.7318;-0.3817;0.3190;25.839836
1283;16937;-0.0009;-0.7316;-0.3819;0.3190;25.839837
1283;16938;-0.0009;-0.7321;-0.3825;0.3190;25.839838
1283;16939;-0.0009;-0.7328;-0.3832;0.3206;25.839839
1283;16940;-0.0009;-0.7324;-0.3832;0.3240;25.839840
1283;16941;-0.0009;-0.7321;-0.3834;0.3240;25.839841
1283;16942;-0.0009;-0.7320;-0.3836;0.3240;25.839842
1283;16943;-0.0009;-0.7316;-0.3837;0.3257;25.839843
1283;16944;-0.0009;-0.7314;-0.3838;0.3223;25.839844
1283;16945;-0.0009;-0.7317;-0.3843;0.3173;25.839845
1283;16946;-0.0009;-0.7322;-0.3848;0.3173;25.839846
1283;16947;-0.0009;-0.7316;-0.3848;0.3206;25.839847
1283;16948;-0.0009;-0.7311;-0.3848;0.3206;25.839848
1283;16949;-0.0009;-0.7312;-0.3852;0.3173;25.839849
1283;16950;-0.0009;-0.7319;-0.3858;0.3139;25.839850
1283;16951;-0.0009;-0.7330;-0.3867;0.3173;25.839851
1283;16952;-0.0009;-0.7335;-0.3873;0.3206;25.839852
1283;16953;-0.0009;-0.7336;-0.3876;0.3173;25.839853
1283;16954;-0.0009;-0.7329;-0.3875;0.3122;25.839854
1283;16955;-0.0009;-0.7319;-0.3873;0.3122;25.839855
1283;16956;-0.0009;-0.7316;-0.3874;0.3122;25.839856
1283;16957;-0.0009;-0.7309;-0.3873;0.3089;25.839857
1283;16958;-0.0009;-0.7299;-0.3871;0.3072;25.839858
1283;16959;-0.0009;-0.7304;-0.3876;0.3072;25.839859
1283;16960;-0.0009;-0.7313;-0.3884;0.3072;25.839860
1283;16961;-0.0009;-0.7327;-0.3894;0.3038;25.839861
1283;16962;-0.0009;-0.7332;-0.3900;0.2995;25.839862
1283;16963;-0.0009;-0.7322;-0.3898;0.3038;25.839863
1283;16964;-0.0009;-0.7316;-0.3897;0.3089;25.839864
1283;16965;-0.0009;-0.7318;-0.3901;0.3139;25.839865
1283;16966;-0.0009;-0.7331;-0.3911;0.3128;25.839866
1283;16967;-0.0009;-0.7339;-0.3918;0.3078;25.839867
1283;16968;-0.0009;-0.7335;-0.3918;0.3061;25.839868
1283;16969;-0.0009;-0.7333;-0.3921;0.3045;25.839869
1283;16970;-0.0009;-0.7324;-0.3919;0.3028;25.839870
1283;16971;-0.0009;-0.7320;-0.3919;0.3045;25.839871
1283;16972;-0.0009;-0.7320;-0.3922;0.3045;25.839872
1283;16973;-0.0009;-0.7326;-0.3928;0.3045;25.839873
1283;16974;-0.0010;-0.7335;-0.3936;0.3028;25.839874
1283;16975;-0.0009;-0.7330;-0.3936;0.3061;25.839875
1283;16976;-0.0010;-0.7328;-0.3938;0.3111;25.839876
1283;16977;-0.0010;-0.7330;-0.3942;0.3095;25.839877
1283;16978;-0.0009;-0.7321;-0.3940;0.3078;25.839878
1283;16979;-0.0009;-0.7313;-0.3939;0.3061;25.839879
1283;16980;-0.0010;-0.7316;-0.3943;0.3078;25.839880
1283;16981;-0.0010;-0.7317;-0.3946;0.3095;25.839881
1283;16982;-0.0010;-0.7315;-0.3949;0.3095;25.839882
1283;16983;-0.0010;-0.7307;-0.3947;0.3095;25.839883
1283;16984;-0.0010;-0.7303;-0.3948;0.3078;25.839884
1283;16985;-0.0010;-0.7310;-0.3954;0.3061;25.839885
1283;16986;-0.0010;-0.7327;-0.3966;0.3095;25.839886
1283;16987;-0.0010;-0.7341;-0.3977;0.3128;25.839887
1283;16988;-0.0010;-0.7345;-0.3982;0.3111;25.839888
1283;16989;-0.0010;-0.7338;-0.3981;0.3095;25.839889
1283;16990;-0.0010;-0.7330;-0.3980;0.3095;25.839890
1283;16991;-0.0010;-0.7325;-0.3980;0.3111;25.839891
1283;16992;-0.0010;-0.7326;-0.3983;0.3095;25.839892
1283;16993;-0.0010;-0.7316;-0.3981;0.3095;25.839893
1283;16994;-0.0010;-0.7317;-0.3984;0.3111;25.839894
1283;16995;-0.0010;-0.7320;-0.3989;0.3095;25.839895
1283;16996;-0.0010;-0.7317;-0.3990;0.3095;25.839896
1283;16997;-0.0010;-0.7318;-0.3994;0.3111;25.839897
1283;16998;-0.0010;-0.7318;-0.3997;0.3111;25.839898
1283;16999;-0.0010;-0.7320;-0.4000;0.3045;25.839899
1283;17000;-0.0010;-0.7320;-0.4004;0.2995;25.839900
1283;17001;-0.0010;-0.7315;-0.4003;0.2978;25.839901
1283;17002;-0.0010;-0.7315;-0.4007;0.2995;25.839902
1283;17003;-0.0010;-0.7326;-0.4016;0.3011;25.839903
1283;17004;-0.0010;-0.7333;-0.4022;0.3045;25.839904
1283;17005;-0.0010;-0.7334;-0.4026;0.3045;25.839905
1283;17006;-0.0010;-0.7331;-0.4027;0.3028;25.839906
1283;17007;-0.0010;-0.7332;-0.4030;0.3045;25.839907
1283;17008;-0.0010;-0.7330;-0.4033;0.3061;25.839908
1283;17009;-0.0010;-0.7329;-0.4035;0.3078;25.839909
1283;17010;-0.0010;-0.7320;-0.4033;0.3028;25.839910
1283;17011;-0.0010;-0.7315;-0.4033;0.3011;25.839911
1283;17012;-0.0010;-0.7323;-0.4040;0.3011;25.839912
1283;17013;-0.0010;-0.7320;-0.4042;0.3011;25.839913
1283;17014;-0.0010;-0.7307;-0.4037;0.3011;25.839914
1283;17015;-0.0010;-0.7305;-0.4039;0.3011;25.839915
1283;17016;-0.0010;-0.7299;-0.4038;0.3028;25.839916
1283;17017;-0.0010;-0.7303;-0.4044;0.3061;25.839917
1283;17018;-0.0010;-0.7308;-0.4049;0.3028;25.839918
1283;17019;-0.0010;-0.7306;-0.4052;0.2995;25.839919
1283;17020;-0.0010;-0.7313;-0.4058;0.2978;25.839920
1283;17021;-0.0010;-0.7318;-0.4064;0.2978;25.839921
1283;17022;-0.0010;-0.7327;-0.4072;0.2995;25.839922
1283;17023;-0.0010;-0.7330;-0.4077;0.3011;25.839923
1283;17024;-0.0010;-0.7333;-0.4081;0.3011;25.839924
1283;17025;-0.0010;-0.7331;-0.4083;0.3011;25.839925
1283;17026;-0.0010;-0.7314;-0.4076;0.2995;25.839926
1283;17027;-0.0010;-0.7304;-0.4074;0.2978;25.839927
1283;17028;-0.0010;-0.7303;-0.4076;0.2962;25.839928
1283;17029;-0.0010;-0.7312;-0.4084;0.2995;25.839929
1283;17030;-0.0010;-0.7329;-0.4097;0.2978;25.839930
1283;17031;-0.0010;-0.7330;-0.4100;0.2945;25.839931
1283;17032;-0.0010;-0.7317;-0.4096;0.2928;25.839932
1283;17033;-0.0010;-0.7310;-0.4094;0.2928;25.839933
1283;17034;-0.0010;-0.7309;-0.4097;0.2962;25.839934
1283;17035;-0.0010;-0.7315;-0.4103;0.2978;25.839935
1283;17036;-0.0010;-0.7311;-0.4104;0.2945;25.839936
1283;17037;-0.0010;-0.7308;-0.4106;0.2945;25.839937
1283;17038;-0.0010;-0.7316;-0.4113;0.2945;25.839938
1283;17039;-0.0010;-0.7320;-0.4118;0.2945;25.839939
1283;17040;-0.0010;-0.7323;-0.4123;0.2968;25.839940
1283;17041;-0.0010;-0.7323;-0.4126;0.3001;25.839941
1283;17042;-0.0010;-0.7328;-0.4131;0.2968;25.839942
1283;17043;-0.0010;-0.7329;-0.4135;0.2902;25.839943
1283;17044;-0.0010;-0.7332;-0.4139;0.2902;25.839944
1283;17045;-0.0010;-0.7327;-0.4140;0.2919;25.839945
1283;17046;-0.0010;-0.7320;-0.4138;0.2935;25.839946
1283;17047;-0.0010;-0.7322;-0.4143;0.2952;25.839947
1283;17048;-0.0010;-0.7329;-0.4150;0.2919;25.839948
1283;17049;-0.0010;-0.7331;-0.4154;0.2919;25.839949
1283;17050;-0.0010;-0.7338;-0.4161;0.2952;25.839950
1283;17051;-0.0010;-0.7344;-0.4167;0.2968;25.839951
1283;17052;-0.0010;-0.7344;-0.4170;0.2952;25.839952
1283;17053;-0.0010;-0.7345;-0.4173;0.2952;25.839953
1283;17054;-0.0010;-0.7345;-0.4177;0.2952;25.839954
1283;17055;-0.0010;-0.7334;-0.4173;0.2902;25.839955
1283;17056;-0.0010;-0.7316;-0.4167;0.2869;25.839956
1283;17057;-0.0010;-0.7314;-0.4167;0.2919;25.839957
1283;17058;-0.0010;-0.7326;-0.4178;0.2935;25.839958
1283;17059;-0.0010;-0.7327;-0.4181;0.2919;25.839959
1283;17060;-0.0010;-0.7322;-0.4181;0.2919;25.839960
1283;17061;-0.0010;-0.7324;-0.4186;0.2919;25.839961
1283;17062;-0.0010;-0.7329;-0.4191;0.2919;25.839962
1283;17063;-0.0010;-0.7324;-0.4192;0.2886;25.839963
1283;17064;-0.0010;-0.7323;-0.4194;0.2886;25.839964
1283;17065;-0.0010;-0.7327;-0.4199;0.2886;25.839965
1283;17066;-0.0010;-0.7324;-0.4200;0.2853;25.839966
1283;17067;-0.0010;-0.7317;-0.4200;0.2836;25.839967
1283;17068;-0.0010;-0.7322;-0.4205;0.2836;25.839968
1283;17069;-0.0010;-0.7332;-0.4214;0.2820;25.839969
1283;17070;-0.0010;-0.7327;-0.4214;0.2787;25.839970
1283;17071;-0.0010;-0.7317;-0.4212;0.2803;25.839971
1283;17072;-0.0010;-0.7304;-0.4207;0.2820;25.839972
1283;17073;-0.0010;-0.7293;-0.4203;0.2803;25.839973
1283;17074;-0.0010;-0.7293;-0.4207;0.2770;25.839974
1283;17075;-0.0010;-0.7308;-0.4218;0.2754;25.839975
1283;17076;-0.0010;-0.7325;-0.4231;0.2754;25.839976
1283;17077;-0.0010;-0.7329;-0.4236;0.2754;25.839977
1283;17078;-0.0010;-0.7328;-0.4239;0.2770;25.839978
1283;17079;-0.0010;-0.7327;-0.4241;0.2787;25.839979
1283;17080;-0.0010;-0.7319;-0.4240;0.2770;25.839980
1283;17081;-0.0010;-0.7319;-0.4242;0.2770;25.839981
1283;17082;-0.0010;-0.7335;-0.4255;0.2787;25.839982
1283;17083;-0.0010;-0.7340;-0.4260;0.2803;25.839983
1283;17084;-0.0010;-0.7335;-0.4261;0.2787;25.839984
1283;17085;-0.0010;-0.7331;-0.4261;0.2787;25.839985
1283;17086;-0.0010;-0.7322;-0.4259;0.2803;25.839986
1283;17087;-0.0010;-0.7303;-0.4251;0.2803;25.839987
1283;17088;-0.0010;-0.7301;-0.4253;0.2754;25.839988
1283;17089;-0.0010;-0.7320;-0.4267;0.2671;25.839989
1283;17090;-0.0010;-0.7335;-0.4279;0.2622;25.839990
1283;17091;-0.0010;-0.7338;-0.4283;0.2622;25.839991
1283;17092;-0.0010;-0.7332;-0.4283;0.2638;25.839992
1283;17093;-0.0010;-0.7320;-0.4280;0.2638;25.839993
1283;17094;-0.0010;-0.7328;-0.4287;0.2655;25.839994
1283;17095;-0.0010;-0.7337;-0.4295;0.2647;25.839995
1283;17096;-0.0010;-0.7342;-0.4301;0.2663;25.839996
1283;17097;-0.0010;-0.7344;-0.4305;0.2663;25.839997
1283;17098;-0.0010;-0.7341;-0.4306;0.2680;25.839998
1283;17099;-0.0010;-0.7335;-0.4306;0.2729;25.839999
1283;17100;-0.0010;-0.7324;-0.4303;0.2787;25.840000
1283;17101;-0.0010;-0.7322;-0.4305;0.2836;25.840001
1283;17102;-0.0010;-0.7327;-0.4311;0.2827;25.840002
1283;17103;-0.0010;-0.7328;-0.4314;0.2827;25.840003
1283;17104;-0.0010;-0.7316;-0.4310;0.2820;25.840004
1283;17105;-0.0010;-0.7319;-0.4315;0.2803;25.840005
1283;17106;-0.0010;-0.7332;-0.4325;0.2778;25.840006
1283;17107;-0.0010;-0.7330;-0.4328;0.2778;25.840007
1283;17108;-0.0010;-0.7323;-0.4326;0.2810;25.840008
1283;17109;-0.0010;-0.7320;-0.4327;0.2843;25.840009
1283;17110;-0.0010;-0.7314;-0.4327;0.2886;25.840010
1283;17111;-0.0010;-0.7316;-0.4331;0.2843;25.840011
1283;17112;-0.0010;-0.7324;-0.4339;0.2827;25.840012
1283;17113;-0.0010;-0.7336;-0.4349;0.2827;25.840013
1283;17114;-0.0010;-0.7345;-0.4357;0.2810;25.840014
1283;17115;-0.0010;-0.7341;-0.4358;0.2810;25.840015
1283;17116;-0.0010;-0.7337;-0.4358;0.2827;25.840016
1283;17117;-0.0010;-0.7339;-0.4363;0.2843;25.840017
1283;17118;-0.0010;-0.7340;-0.4366;0.2859;25.840018
1283;17119;-0.0010;-0.7342;-0.4371;0.2876;25.840019
1283;17120;-0.0010;-0.7329;-0.4366;0.2859;25.840020
1283;17121;-0.0010;-0.7320;-0.4364;0.2859;25.840021
1283;17122;-0.0010;-0.7323;-0.4368;0.2859;25.840022
1283;17123;-0.0010;-0.7325;-0.4373;0.2843;25.840023
1283;17124;-0.0010;-0.7326;-0.4376;0.2827;25.840024
1283;17125;-0.0010;-0.7328;-0.4381;0.2778;25.840025
1283;17126;-0.0010;-0.7327;-0.4383;0.2745;25.840026
1283;17127;-0.0010;-0.7326;-0.4386;0.2712;25.840027
1283;17128;-0.0010;-0.7322;-0.4387;0.2712;25.840028
1283;17129;-0.0010;-0.7323;-0.4390;0.2712;25.840029
1283;17130;-0.0010;-0.7328;-0.4396;0.2745;25.840030
1283;17131;-0.0010;-0.7326;-0.4398;0.2761;25.840031
1283;17132;-0.0010;-0.7317;-0.4396;0.2745;25.840032
1283;17133;-0.0010;-0.7311;-0.4395;0.2729;25.840033
1283;17134;-0.0010;-0.7316;-0.4401;0.2680;25.840034
1283;17135;-0.0010;-0.7321;-0.4407;0.2663;25.840035
1283;17136;-0.0010;-0.7333;-0.4417;0.2663;25.840036
1283;17137;-0.0010;-0.7337;-0.4423;0.2663;25.840037
1283;17138;-0.0010;-0.7328;-0.4421;0.2696;25.840038
1283;17139;-0.0010;-0.7330;-0.4425;0.2729;25.840039
1283;17140;-0.0010;-0.7339;-0.4433;0.2761;25.840040
1283;17141;-0.0010;-0.7333;-0.4433;0.2810;25.840041
1283;17142;-0.0010;-0.7331;-0.4435;0.2859;25.840042
1283;17143;-0.0010;-0.7330;-0.4437;0.2859;25.840043
1283;17144;-0.0010;-0.7322;-0.4435;0.2859;25.840044
1283;17145;-0.0010;-0.7311;-0.4432;0.2843;25.840045
1283;17146;-0.0010;-0.7325;-0.4443;0.2827;25.840046
1283;17147;-0.0010;-0.7340;-0.4456;0.2794;25.840047
1283;17148;-0.0010;-0.7339;-0.4458;0.2729;25.840048
1283;17149;-0.0010;-0.7340;-0.4462;0.2663;25.840049
1283;17150;-0.0010;-0.7338;-0.4463;0.2631;25.840050
1283;17151;-0.0010;-0.7323;-0.4457;0.2614;25.840051
1283;17152;-0.0010;-0.7312;-0.4454;0.2614;25.840052
1283;17153;-0.0010;-0.7311;-0.4456;0.2582;25.840053
1283;17154;-0.0010;-0.7320;-0.4465;0.2598;25.840054
1283;17155;-0.0010;-0.7329;-0.4474;0.2647;25.840055
1283;17156;-0.0010;-0.7334;-0.4480;0.2696;25.840056
1283;17157;-0.0010;-0.7335;-0.4483;0.2729;25.840057
1283;17158;-0.0010;-0.7328;-0.4482;0.2729;25.840058
1283;17159;-0.0010;-0.7330;-0.4486;0.2712;25.840059
1283;17160;-0.0010;-0.7332;-0.4491;0.2712;25.840060
1283;17161;-0.0010;-0.7328;-0.4492;0.2745;25.840061
1283;17162;-0.0010;-0.7324;-0.4492;0.2745;25.840062
1283;17163;-0.0010;-0.7321;-0.4493;0.2696;25.840063
1283;17164;-0.0010;-0.7325;-0.4499;0.2696;25.840064
1283;17165;-0.0010;-0.7331;-0.4506;0.2690;25.840065
1283;17166;-0.0010;-0.7324;-0.4504;0.2696;25.840066
1283;17167;-0.0010;-0.7324;-0.4508;0.2674;25.840067
1283;17168;-0.0010;-0.7325;-0.4511;0.2706;25.840068
1283;17169;-0.0010;-0.7325;-0.4515;0.2706;25.840069
1283;17170;-0.0011;-0.7328;-0.4519;0.2690;25.840070
1283;17171;-0.0010;-0.7317;-0.4516;0.2712;25.840071
1283;17172;-0.0011;-0.7319;-0.4520;0.2706;25.840072
1283;17173;-0.0011;-0.7332;-0.4531;0.2722;25.840073
1283;17174;-0.0011;-0.7336;-0.4537;0.2722;25.840074
1283;17175;-0.0011;-0.7337;-0.4540;0.2706;25.840075
1283;17176;-0.0011;-0.7333;-0.4541;0.2674;25.840076
1283;17177;-0.0011;-0.7333;-0.4544;0.2657;25.840077
1283;17178;-0.0011;-0.7345;-0.4555;0.2657;25.840078
1283;17179;-0.0011;-0.7348;-0.4559;0.2641;25.840079
1283;17180;-0.0011;-0.7334;-0.4555;0.2609;25.840080
1283;17181;-0.0011;-0.7321;-0.4549;0.2593;25.840081
1283;17182;-0.0011;-0.7316;-0.4549;0.2641;25.840082
1283;17183;-0.0011;-0.7324;-0.4557;0.2657;25.840083
1283;17184;-0.0011;-0.7335;-0.4567;0.2657;25.840084
1283;17185;-0.0011;-0.7339;-0.4573;0.2641;25.840085
1283;17186;-0.0011;-0.7316;-0.4562;0.2609;25.840086
1283;17187;-0.0011;-0.7313;-0.4563;0.2560;25.840087
1283;17188;-0.0011;-0.7321;-0.4571;0.2560;25.840088
1283;17189;-0.0011;-0.7318;-0.4572;0.2576;25.840089
1283;17190;-0.0011;-0.7312;-0.4571;0.2593;25.840090
1283;17191;-0.0011;-0.7316;-0.4578;0.2593;25.840091
1283;17192;-0.0011;-0.7323;-0.4585;0.2593;25.840092
1283;17193;-0.0011;-0.7325;-0.4590;0.2593;25.840093
1283;17194;-0.0011;-0.7321;-0.4589;0.2593;25.840094
1283;17195;-0.0011;-0.7330;-0.4599;0.2609;25.840095
1283;17196;-0.0011;-0.7347;-0.4612;0.2625;25.840096
1283;17197;-0.0011;-0.7351;-0.4618;0.2641;25.840097
1283;17198;-0.0011;-0.7352;-0.4622;0.2641;25.840098
1283;17199;-0.0011;-0.7347;-0.4622;0.2625;25.840099
1283;17200;-0.0011;-0.7339;-0.4620;0.2625;25.840100
1283;17201;-0.0011;-0.7342;-0.4625;0.2593;25.840101
1283;17202;-0.0011;-0.7348;-0.4632;0.2576;25.840102
1283;17203;-0.0011;-0.7349;-0.4635;0.2576;25.840103
1283;17204;-0.0011;-0.7341;-0.4634;0.2576;25.840104
1283;17205;-0.0011;-0.7326;-0.4628;0.2609;25.840105
1283;17206;-0.0011;-0.7319;-0.4626;0.2657;25.840106
1283;17207;-0.0011;-0.7321;-0.4630;0.2641;25.840107
1283;17208;-0.0011;-0.7320;-0.4633;0.2625;25.840108
1283;17209;-0.0011;-0.7318;-0.4635;0.2625;25.840109
1283;17210;-0.0011;-0.7329;-0.4645;0.2609;25.840110
1283;17211;-0.0011;-0.7334;-0.4651;0.2576;25.840111
1283;17212;-0.0011;-0.7326;-0.4649;0.2593;25.840112
1283;17213;-0.0011;-0.7330;-0.4655;0.2593;25.840113
1283;17214;-0.0011;-0.7337;-0.4663;0.2576;25.840114
1283;17215;-0.0011;-0.7337;-0.4666;0.2576;25.840115
1283;17216;-0.0011;-0.7334;-0.4667;0.2576;25.840116
1283;17217;-0.0011;-0.7331;-0.4669;0.2560;25.840117
1283;17218;-0.0011;-0.7327;-0.4669;0.2560;25.840118
1283;17219;-0.0011;-0.7328;-0.4673;0.2544;25.840119
1283;17220;-0.0011;-0.7330;-0.4677;0.2560;25.840120
1283;17221;-0.0011;-0.7338;-0.4686;0.2553;25.840121
1283;17222;-0.0011;-0.7343;-0.4692;0.2569;25.840122
1283;17223;-0.0011;-0.7353;-0.4701;0.2537;25.840123
1283;17224;-0.0011;-0.7356;-0.4706;0.2504;25.840124
1283;17225;-0.0011;-0.7337;-0.4697;0.2521;25.840125
1283;17226;-0.0011;-0.7318;-0.4689;0.2544;25.840126
1283;17227;-0.0011;-0.7314;-0.4689;0.2528;25.840127
1283;17228;-0.0011;-0.7323;-0.4698;0.2521;25.840128
1283;17229;-0.0011;-0.7327;-0.4703;0.2504;25.840129
1283;17230;-0.0011;-0.7334;-0.4711;0.2504;25.840130
1283;17231;-0.0011;-0.7340;-0.4718;0.2472;25.840131
1283;17232;-0.0011;-0.7348;-0.4727;0.2472;25.840132
1283;17233;-0.0011;-0.7349;-0.4730;0.2472;25.840133
1283;17234;-0.0011;-0.7337;-0.4726;0.2440;25.840134
1283;17235;-0.0011;-0.7328;-0.4724;0.2424;25.840135
1283;17236;-0.0011;-0.7334;-0.4731;0.2424;25.840136
1283;17237;-0.0011;-0.7339;-0.4737;0.2456;25.840137
1283;17238;-0.0011;-0.7351;-0.4748;0.2456;25.840138
1283;17239;-0.0011;-0.7353;-0.4753;0.2456;25.840139
1283;17240;-0.0011;-0.7349;-0.4753;0.2472;25.840140
1283;17241;-0.0011;-0.7350;-0.4757;0.2537;25.840141
1283;17242;-0.0011;-0.7349;-0.4759;0.2569;25.840142
1283;17243;-0.0011;-0.7350;-0.4763;0.2569;25.840143
1283;17244;-0.0011;-0.7349;-0.4765;0.2569;25.840144
1283;17245;-0.0011;-0.7333;-0.4759;0.2585;25.840145
1283;17246;-0.0011;-0.7332;-0.4761;0.2585;25.840146
1283;17247;-0.0011;-0.7343;-0.4772;0.2601;25.840147
1283;17248;-0.0011;-0.7352;-0.4781;0.2601;25.840148
1283;17249;-0.0011;-0.7362;-0.4790;0.2585;25.840149
1283;17250;-0.0011;-0.7357;-0.4791;0.2585;25.840150
1283;17251;-0.0011;-0.7353;-0.4791;0.2617;25.840151
1283;17252;-0.0011;-0.7350;-0.4792;0.2617;25.840152
1283;17253;-0.0011;-0.7339;-0.4788;0.2585;25.840153
1283;17254;-0.0011;-0.7337;-0.4790;0.2569;25.840154
1283;17255;-0.0011;-0.7344;-0.4798;0.2601;25.840155
1283;17256;-0.0011;-0.7348;-0.4804;0.2633;25.840156
1283;17257;-0.0011;-0.7349;-0.4807;0.2633;25.840157
1283;17258;-0.0011;-0.7357;-0.4816;0.2617;25.840158
1283;17259;-0.0011;-0.7377;-0.4832;0.2624;25.840159
1283;17260;-0.0011;-0.7379;-0.4837;0.2672;25.840160
1283;17261;-0.0011;-0.7375;-0.4838;0.2720;25.840161
1283;17262;-0.0011;-0.7368;-0.4836;0.2720;25.840162
1283;17263;-0.0011;-0.7349;-0.4827;0.2745;25.840163
1283;17264;-0.0011;-0.7346;-0.4828;0.2793;25.840164
1283;17265;-0.0011;-0.7356;-0.4838;0.2831;25.840165
1283;17266;-0.0011;-0.7368;-0.4849;0.2879;25.840166
1283;17267;-0.0011;-0.7374;-0.4856;0.2895;25.840167
1283;17268;-0.0011;-0.7368;-0.4855;0.2911;25.840168
1283;17269;-0.0011;-0.7368;-0.4859;0.2911;25.840169
1283;17270;-0.0011;-0.7376;-0.4867;0.2927;25.840170
1283;17271;-0.0011;-0.7382;-0.4875;0.2958;25.840171
1283;17272;-0.0011;-0.7381;-0.4877;0.3022;25.840172
1283;17273;-0.0011;-0.7377;-0.4878;0.3086;25.840173
1283;17274;-0.0011;-0.7379;-0.4883;0.3133;25.840174
1283;17275;-0.0011;-0.7384;-0.4889;0.3133;25.840175
1283;17276;-0.0011;-0.7388;-0.4895;0.3149;25.840176
1283;17277;-0.0011;-0.7383;-0.4894;0.3229;25.840177
1283;17278;-0.0011;-0.7372;-0.4891;0.3308;25.840178
1283;17279;-0.0011;-0.7374;-0.4895;0.3420;25.840179
1283;17280;-0.0011;-0.7380;-0.4902;0.3547;25.840180
1283;17281;-0.0011;-0.7382;-0.4907;0.3674;25.840181
1283;17282;-0.0011;-0.7377;-0.4908;0.3785;25.840182
1283;17283;-0.0011;-0.7370;-0.4906;0.3865;25.840183
1283;17284;-0.0011;-0.7370;-0.4909;0.3960;25.840184
1283;17285;-0.0011;-0.7381;-0.4919;0.4104;25.840185
1283;17286;-0.0011;-0.7386;-0.4926;0.4247;25.840186
1283;17287;-0.0011;-0.7387;-0.4930;0.4390;25.840187
1283;17288;-0.0011;-0.7388;-0.4934;0.4549;25.840188
1283;17289;-0.0011;-0.7390;-0.4939;0.4708;25.840189
1283;17290;-0.0011;-0.7390;-0.4942;0.4851;25.840190
1283;17291;-0.0011;-0.7383;-0.4941;0.5010;25.840191
1283;17292;-0.0011;-0.7385;-0.4945;0.5137;25.840192
1283;17293;-0.0011;-0.7384;-0.4948;0.5249;25.840193
1283;17294;-0.0011;-0.7383;-0.4950;0.5408;25.840194
1283;17295;-0.0011;-0.7377;-0.4950;0.5630;25.840195
1283;17296;-0.0011;-0.7375;-0.4952;0.5805;25.840196
1283;17297;-0.0011;-0.7381;-0.4959;0.5964;25.840197
1283;17298;-0.0011;-0.7382;-0.4963;0.6139;25.840198
1283;17299;-0.0011;-0.7377;-0.4962;0.6298;25.840199
1283;17300;-0.0011;-0.7369;-0.4961;0.6489;25.840200
1283;17301;-0.0011;-0.7368;-0.4963;0.6680;25.840201
1283;17302;-0.0011;-0.7368;-0.4967;0.6871;25.840202
1283;17303;-0.0011;-0.7365;-0.4968;0.7078;25.840203
1283;17304;-0.0011;-0.7367;-0.4973;0.7269;25.840204
1283;17305;-0.0011;-0.7372;-0.4979;0.7475;25.840205
1283;17306;-0.0011;-0.7372;-0.4982;0.7666;25.840206
1283;17307;-0.0011;-0.7372;-0.4986;0.7889;25.840207
1283;17308;-0.0011;-0.7366;-0.4985;0.8159;25.840208
1283;17309;-0.0011;-0.7360;-0.4984;0.8430;25.840209
1283;17310;-0.0011;-0.7358;-0.4986;0.8652;25.840210
1283;17311;-0.0011;-0.7358;-0.4990;0.8859;25.840211
1283;17312;-0.0011;-0.7358;-0.4993;0.9034;25.840212
1283;17313;-0.0011;-0.7357;-0.4995;0.9225;25.840213
1283;17314;-0.0011;-0.7354;-0.4996;0.9432;25.840214
1283;17315;-0.0011;-0.7361;-0.5005;0.9564;25.840215
1283;17316;-0.0011;-0.7362;-0.5009;0.9816;25.840216
1283;17317;-0.0011;-0.7353;-0.5006;1.0132;25.840217
1283;17318;-0.0011;-0.7348;-0.5005;1.0291;25.840218
1283;17319;-0.0011;-0.7348;-0.5009;1.0481;25.840219
1283;17320;-0.0011;-0.7352;-0.5015;1.0625;25.840220
1283;17321;-0.0011;-0.7347;-0.5015;1.0720;25.840221
1283;17322;-0.0011;-0.7347;-0.5018;1.0800;25.840222
1283;17323;-0.0011;-0.7347;-0.5022;1.0847;25.840223
1283;17324;-0.0011;-0.7344;-0.5023;1.0847;25.840224
1283;17325;-0.0011;-0.7344;-0.5026;1.0815;25.840225
1283;17326;-0.0011;-0.7341;-0.5027;1.0641;25.840226
1283;17327;-0.0011;-0.7339;-0.5030;1.0354;25.840227
1283;17328;-0.0011;-0.7338;-0.5032;0.9988;25.840228
1283;17329;-0.0011;-0.7336;-0.5034;0.9543;25.840229
1283;17330;-0.0011;-0.7341;-0.5040;0.8934;25.840230
1283;17331;-0.0011;-0.7339;-0.5042;0.8303;25.840231
1283;17332;-0.0011;-0.7337;-0.5044;0.7594;25.840232
1283;17333;-0.0011;-0.7339;-0.5049;0.6901;25.840233
1283;17334;-0.0011;-0.7340;-0.5053;0.6302;25.840234
1283;17335;-0.0011;-0.7338;-0.5055;0.5924;25.840235
1283;17336;-0.0011;-0.7331;-0.5054;0.5798;25.840236
1283;17337;-0.0011;-0.7322;-0.5050;0.6108;25.840237
1283;17338;-0.0011;-0.7318;-0.5052;0.6680;25.840238
1283;17339;-0.0011;-0.7315;-0.5053;0.7460;25.840239
1283;17340;-0.0011;-0.7315;-0.5056;0.8398;25.840240
1283;17341;-0.0011;-0.7315;-0.5060;0.9495;25.840241
1283;17342;-0.0011;-0.7309;-0.5058;1.0688;25.840242
1283;17343;-0.0011;-0.7301;-0.5056;1.1977;25.840243
1283;17344;-0.0011;-0.7282;-0.5046;1.3281;25.840244
1283;17345;-0.0011;-0.7278;-0.5047;1.4362;25.840245
1283;17346;-0.0011;-0.7290;-0.5059;1.5110;25.840246
1283;17347;-0.0011;-0.7296;-0.5066;1.5826;25.840247
1283;17348;-0.0011;-0.7296;-0.5069;1.6478;25.840248
1283;17349;-0.0011;-0.7291;-0.5069;1.6907;25.840249
1283;17350;-0.0011;-0.7287;-0.5070;1.7114;25.840250
1283;17351;-0.0011;-0.7288;-0.5073;1.7066;25.840251
1283;17352;-0.0011;-0.7284;-0.5074;1.6891;25.840252
1283;17353;-0.0011;-0.7283;-0.5076;1.6716;25.840253
1283;17354;-0.0011;-0.7278;-0.5077;1.6525;25.840254
1283;17355;-0.0011;-0.7272;-0.5076;1.6398;25.840255
1283;17356;-0.0011;-0.7272;-0.5079;1.6223;25.840256
1283;17357;-0.0011;-0.7267;-0.5078;1.5969;25.840257
1283;17358;-0.0011;-0.7263;-0.5080;1.5651;25.840258
1283;17359;-0.0011;-0.7261;-0.5081;1.5205;25.840259
1283;17360;-0.0011;-0.7257;-0.5082;1.4728;25.840260
1283;17361;-0.0011;-0.7257;-0.5085;1.4267;25.840261
1283;17362;-0.0011;-0.7252;-0.5084;1.3774;25.840262
1283;17363;-0.0011;-0.7250;-0.5087;1.3281;25.840263
1283;17364;-0.0011;-0.7245;-0.5087;1.2804;25.840264
1283;17365;-0.0011;-0.7235;-0.5083;1.2390;25.840265
1283;17366;-0.0011;-0.7229;-0.5082;1.1897;25.840266
1283;17367;-0.0011;-0.7227;-0.5084;1.1404;25.840267
1283;17368;-0.0011;-0.7228;-0.5088;1.0943;25.840268
1283;17369;-0.0011;-0.7223;-0.5088;1.0450;25.840269
1283;17370;-0.0011;-0.7215;-0.5086;0.9957;25.840270
1283;17371;-0.0011;-0.7211;-0.5085;0.9432;25.840271
1283;17372;-0.0011;-0.7199;-0.5081;0.8875;25.840272
1283;17373;-0.0011;-0.7189;-0.5077;0.8334;25.840273
1283;17374;-0.0011;-0.7181;-0.5074;0.7851;25.840274
1283;17375;-0.0011;-0.7170;-0.5070;0.7369;25.840275
1283;17376;-0.0011;-0.7166;-0.5071;0.7000;25.840276
1283;17377;-0.0011;-0.7163;-0.5072;0.6727;25.840277
1283;17378;-0.0011;-0.7161;-0.5074;0.6534;25.840278
1283;17379;-0.0011;-0.7154;-0.5072;0.6390;25.840279
1283;17380;-0.0011;-0.7143;-0.5067;0.6261;25.840280
1283;17381;-0.0011;-0.7144;-0.5071;0.6181;25.840281
1283;17382;-0.0011;-0.7148;-0.5077;0.6181;25.840282
1283;17383;-0.0011;-0.7152;-0.5084;0.6229;25.840283
1283;17384;-0.0011;-0.7152;-0.5087;0.6277;25.840284
1283;17385;-0.0011;-0.7141;-0.5083;0.6341;25.840285
1283;17386;-0.0011;-0.7137;-0.5083;0.6422;25.840286
1283;17387;-0.0011;-0.7136;-0.5086;0.6470;25.840287
1283;17388;-0.0011;-0.7142;-0.5093;0.6550;25.840288
1283;17389;-0.0011;-0.7144;-0.5098;0.6647;25.840289
1283;17390;-0.0011;-0.7135;-0.5095;0.6759;25.840290
1283;17391;-0.0011;-0.7138;-0.5100;0.6839;25.840291
1283;17392;-0.0011;-0.7144;-0.5107;0.6823;25.840292
1283;17393;-0.0011;-0.7147;-0.5114;0.6823;25.840293
1283;17394;-0.0011;-0.7150;-0.5119;0.6775;25.840294
1283;17395;-0.0011;-0.7144;-0.5118;0.6743;25.840295
1283;17396;-0.0011;-0.7146;-0.5123;0.6727;25.840296
1283;17397;-0.0011;-0.7152;-0.5130;0.6648;25.840297
1283;17398;-0.0011;-0.7147;-0.5130;0.6743;25.840298
1283;17399;-0.0011;-0.7147;-0.5133;0.6759;25.840299
1283;17400;-0.0012;-0.7148;-0.5137;0.6648;25.840300
1283;17401;-0.0012;-0.7152;-0.5143;0.6585;25.840301
1283;17402;-0.0011;-0.7145;-0.5142;0.6553;25.840302
1283;17403;-0.0011;-0.7135;-0.5138;0.6630;25.840303
1283;17404;-0.0011;-0.7133;-0.5140;0.6630;25.840304
1283;17405;-0.0012;-0.7136;-0.5145;0.6630;25.840305
1283;17406;-0.0012;-0.7139;-0.5150;0.6537;25.840306
1283;17407;-0.0012;-0.7137;-0.5152;0.6457;25.840307
1283;17408;-0.0012;-0.7137;-0.5156;0.6457;25.840308
1283;17409;-0.0012;-0.7143;-0.5163;0.6521;25.840309
1283;17410;-0.0012;-0.7144;-0.5167;0.6537;25.840310
1283;17411;-0.0012;-0.7145;-0.5172;0.6585;25.840311
1283;17412;-0.0012;-0.7145;-0.5175;0.6632;25.840312
1283;17413;-0.0012;-0.7138;-0.5173;0.6617;25.840313
1283;17414;-0.0012;-0.7137;-0.5176;0.6537;25.840314
1283;17415;-0.0012;-0.7136;-0.5178;0.6489;25.840315
1283;17416;-0.0012;-0.7137;-0.5183;0.6489;25.840316
1283;17417;-0.0012;-0.7138;-0.5187;0.6489;25.840317
1283;17418;-0.0012;-0.7140;-0.5191;0.6473;25.840318
1283;17419;-0.0012;-0.7142;-0.5197;0.6457;25.840319
1283;17420;-0.0012;-0.7142;-0.5200;0.6426;25.840320
1283;17421;-0.0012;-0.7139;-0.5201;0.6410;25.840321
1283;17422;-0.0012;-0.7136;-0.5202;0.6426;25.840322
1283;17423;-0.0012;-0.7136;-0.5205;0.6457;25.840323
1283;17424;-0.0012;-0.7137;-0.5210;0.6489;25.840324
1283;17425;-0.0012;-0.7140;-0.5215;0.6521;25.840325
1283;17426;-0.0012;-0.7141;-0.5219;0.6553;25.840326
1283;17427;-0.0012;-0.7142;-0.5223;0.6569;25.840327
1283;17428;-0.0012;-0.7139;-0.5225;0.6601;25.840328
1283;17429;-0.0012;-0.7139;-0.5228;0.6632;25.840329
1283;17430;-0.0012;-0.7141;-0.5232;0.6617;25.840330
1283;17431;-0.0012;-0.7140;-0.5235;0.6601;25.840331
1283;17432;-0.0012;-0.7143;-0.5241;0.6537;25.840332
1283;17433;-0.0012;-0.7144;-0.5245;0.6521;25.840333
1283;17434;-0.0012;-0.7146;-0.5249;0.6537;25.840334
1283;17435;-0.0012;-0.7144;-0.5252;0.6505;25.840335
1283;17436;-0.0012;-0.7146;-0.5257;0.6442;25.840336
1283;17437;-0.0012;-0.7149;-0.5262;0.6362;25.840337
1283;17438;-0.0012;-0.7142;-0.5260;0.6330;25.840338
1283;17439;-0.0012;-0.7136;-0.5259;0.6346;25.840339
1283;17440;-0.0012;-0.7133;-0.5260;0.6283;25.840340
1283;17441;-0.0012;-0.7133;-0.5264;0.6235;25.840341
1283;17442;-0.0012;-0.7138;-0.5271;0.6235;25.840342
1283;17443;-0.0012;-0.7139;-0.5275;0.6267;25.840343
1283;17444;-0.0012;-0.7141;-0.5280;0.6314;25.840344
1283;17445;-0.0012;-0.7141;-0.5284;0.6362;25.840345
1283;17446;-0.0012;-0.7140;-0.5286;0.6378;25.840346
1283;17447;-0.0012;-0.7144;-0.5292;0.6362;25.840347
1283;17448;-0.0012;-0.7146;-0.5297;0.6346;25.840348
1283;17449;-0.0012;-0.7151;-0.5304;0.6318;25.840349
1283;17450;-0.0012;-0.7155;-0.5310;0.6318;25.840350
1283;17451;-0.0012;-0.7146;-0.5307;0.6318;25.840351
1283;17452;-0.0012;-0.7141;-0.5307;0.6394;25.840352
1283;17453;-0.0012;-0.7140;-0.5309;0.6378;25.840353
1283;17454;-0.0012;-0.7132;-0.5307;0.6394;25.840354
1283;17455;-0.0012;-0.7134;-0.5312;0.6426;25.840355
1283;17456;-0.0012;-0.7138;-0.5319;0.6365;25.840356
1283;17457;-0.0012;-0.7142;-0.5325;0.6381;25.840357
1283;17458;-0.0012;-0.7142;-0.5328;0.6397;25.840358
1283;17459;-0.0012;-0.7139;-0.5329;0.6413;25.840359
1283;17460;-0.0012;-0.7141;-0.5334;0.6397;25.840360
1283;17461;-0.0012;-0.7143;-0.5339;0.6381;25.840361
1283;17462;-0.0012;-0.7142;-0.5342;0.6381;25.840362
1283;17463;-0.0012;-0.7142;-0.5345;0.6334;25.840363
1283;17464;-0.0012;-0.7142;-0.5348;0.6287;25.840364
1283;17465;-0.0012;-0.7140;-0.5351;0.6224;25.840365
1283;17466;-0.0012;-0.7135;-0.5350;0.6161;25.840366
1283;17467;-0.0012;-0.7133;-0.5352;0.6145;25.840367
1283;17468;-0.0012;-0.7135;-0.5357;0.6145;25.840368
1283;17469;-0.0012;-0.7137;-0.5363;0.6161;25.840369
1283;17470;-0.0012;-0.7138;-0.5366;0.6176;25.840370
1283;17471;-0.0012;-0.7136;-0.5368;0.6176;25.840371
1283;17472;-0.0012;-0.7138;-0.5373;0.6161;25.840372
1283;17473;-0.0012;-0.7144;-0.5381;0.6145;25.840373
1283;17474;-0.0012;-0.7144;-0.5384;0.6192;25.840374
1283;17475;-0.0012;-0.7137;-0.5383;0.6239;25.840375
1283;17476;-0.0012;-0.7135;-0.5384;0.6208;25.840376
1283;17477;-0.0012;-0.7137;-0.5389;0.6161;25.840377
1283;17478;-0.0012;-0.7139;-0.5395;0.6129;25.840378
1283;17479;-0.0012;-0.7141;-0.5399;0.6082;25.840379
1283;17480;-0.0012;-0.7147;-0.5407;0.6019;25.840380
1283;17481;-0.0012;-0.7147;-0.5411;0.5893;25.840381
1283;17482;-0.0012;-0.7146;-0.5413;0.5814;25.840382
1283;17483;-0.0012;-0.7140;-0.5412;0.5782;25.840383
1283;17484;-0.0012;-0.7133;-0.5410;0.5735;25.840384
1283;17485;-0.0012;-0.7135;-0.5415;0.5719;25.840385
1283;17486;-0.0012;-0.7142;-0.5424;0.5688;25.840386
1283;17487;-0.0012;-0.7137;-0.5424;0.5656;25.840387
1283;17488;-0.0012;-0.7134;-0.5425;0.5625;25.840388
1283;17489;-0.0012;-0.7136;-0.5430;0.5609;25.840389
1283;17490;-0.0012;-0.7140;-0.5436;0.5641;25.840390
1283;17491;-0.0012;-0.7138;-0.5438;0.5688;25.840391
1283;17492;-0.0012;-0.7135;-0.5439;0.5735;25.840392
1283;17493;-0.0012;-0.7138;-0.5446;0.5751;25.840393
1283;17494;-0.0012;-0.7135;-0.5447;0.5782;25.840394
1283;17495;-0.0012;-0.7133;-0.5449;0.5845;25.840395
1283;17496;-0.0012;-0.7132;-0.5451;0.5861;25.840396
1283;17497;-0.0012;-0.7135;-0.5457;0.5830;25.840397
1283;17498;-0.0012;-0.7143;-0.5466;0.5830;25.840398
1283;17499;-0.0012;-0.7144;-0.5471;0.5798;25.840399
1283;17500;-0.0012;-0.7138;-0.5470;0.5735;25.840400
1283;17501;-0.0012;-0.7131;-0.5468;0.5688;25.840401
1283;17502;-0.0012;-0.7132;-0.5472;0.5672;25.840402
1283;17503;-0.0012;-0.7138;-0.5480;0.5656;25.840403
1283;17504;-0.0012;-0.7140;-0.5485;0.5567;25.840404
1283;17505;-0.0012;-0.7137;-0.5486;0.5567;25.840405
1283;17506;-0.0012;-0.7136;-0.5489;0.5614;25.840406
1283;17507;-0.0012;-0.7140;-0.5496;0.5692;25.840407
1283;17508;-0.0012;-0.7141;-0.5500;0.5754;25.840408
1283;17509;-0.0012;-0.7137;-0.5500;0.5848;25.840409
1283;17510;-0.0012;-0.7137;-0.5504;0.5926;25.840410
1283;17511;-0.0012;-0.7139;-0.5509;0.6004;25.840411
1283;17512;-0.0012;-0.7134;-0.5508;0.6082;25.840412
1283;17513;-0.0012;-0.7132;-0.5510;0.6191;25.840413
1283;17514;-0.0012;-0.7134;-0.5516;0.6284;25.840414
1283;17515;-0.0012;-0.7139;-0.5523;0.6378;25.840415
1283;17516;-0.0012;-0.7144;-0.5530;0.6440;25.840416
1283;17517;-0.0012;-0.7145;-0.5535;0.6440;25.840417
1283;17518;-0.0012;-0.7146;-0.5538;0.6440;25.840418
1283;17519;-0.0012;-0.7142;-0.5539;0.6440;25.840419
1283;17520;-0.0012;-0.7137;-0.5538;0.6518;25.840420
1283;17521;-0.0012;-0.7132;-0.5538;0.6612;25.840421
1283;17522;-0.0012;-0.7130;-0.5540;0.6627;25.840422
1283;17523;-0.0012;-0.7135;-0.5548;0.6596;25.840423
1283;17524;-0.0012;-0.7139;-0.5555;0.6596;25.840424
1283;17525;-0.0012;-0.7139;-0.5558;0.6612;25.840425
1283;17526;-0.0012;-0.7139;-0.5561;0.6627;25.840426
1283;17527;-0.0012;-0.7138;-0.5564;0.6596;25.840427
1283;17528;-0.0012;-0.7138;-0.5568;0.6596;25.840428
1283;17529;-0.0012;-0.7138;-0.5571;0.6612;25.840429
1283;17530;-0.0012;-0.7132;-0.5570;0.6627;25.840430
1283;17531;-0.0012;-0.7135;-0.5575;0.6627;25.840431
1283;17532;-0.0012;-0.7135;-0.5580;0.6596;25.840432
1283;17533;-0.0012;-0.7139;-0.5586;0.6643;25.840433
1283;17534;-0.0012;-0.7144;-0.5594;0.6658;25.840434
1283;17535;-0.0012;-0.7147;-0.5599;0.6627;25.840435
1283;17536;-0.0012;-0.7144;-0.5601;0.6596;25.840436
1283;17537;-0.0012;-0.7141;-0.5601;0.6534;25.840437
1283;17538;-0.0012;-0.7143;-0.5607;0.6534;25.840438
1283;17539;-0.0012;-0.7150;-0.5616;0.6518;25.840439
1283;17540;-0.0012;-0.7150;-0.5620;0.6518;25.840440
1283;17541;-0.0012;-0.7145;-0.5619;0.6565;25.840441
1283;17542;-0.0012;-0.7139;-0.5618;0.6596;25.840442
1283;17543;-0.0012;-0.7137;-0.5620;0.6612;25.840443
1283;17544;-0.0012;-0.7136;-0.5622;0.6643;25.840444
1283;17545;-0.0012;-0.7132;-0.5623;0.6643;25.840445
1283;17546;-0.0012;-0.7136;-0.5630;0.6627;25.840446
1283;17547;-0.0012;-0.7137;-0.5634;0.6643;25.840447
1283;17548;-0.0012;-0.7135;-0.5636;0.6627;25.840448
1283;17549;-0.0012;-0.7140;-0.5644;0.6533;25.840449
1283;17550;-0.0012;-0.7142;-0.5648;0.6518;25.840450
1283;17551;-0.0012;-0.7142;-0.5653;0.6549;25.840451
1283;17552;-0.0012;-0.7142;-0.5656;0.6580;25.840452
1283;17553;-0.0012;-0.7141;-0.5658;0.6626;25.840453
1283;17554;-0.0012;-0.7142;-0.5663;0.6688;25.840454
1283;17555;-0.0012;-0.7133;-0.5659;0.6672;25.840455
1283;17556;-0.0012;-0.7127;-0.5659;0.6672;25.840456
1283;17557;-0.0012;-0.7131;-0.5665;0.6688;25.840457
1283;17558;-0.0012;-0.7135;-0.5672;0.6750;25.840458
1283;17559;-0.0012;-0.7134;-0.5674;0.6796;25.840459
1283;17560;-0.0012;-0.7128;-0.5673;0.6827;25.840460
1283;17561;-0.0012;-0.7127;-0.5676;0.6904;25.840461
1283;17562;-0.0012;-0.7126;-0.5679;0.6950;25.840462
1283;17563;-0.0012;-0.7126;-0.5683;0.6966;25.840463
1283;17564;-0.0012;-0.7125;-0.5685;0.6935;25.840464
1283;17565;-0.0012;-0.7127;-0.5690;0.6827;25.840465
1283;17566;-0.0012;-0.7127;-0.5693;0.6765;25.840466
1283;17567;-0.0013;-0.7125;-0.5696;0.6703;25.840467
1283;17568;-0.0013;-0.7124;-0.5698;0.6611;25.840468
1283;17569;-0.0013;-0.7131;-0.5708;0.6533;25.840469
1283;17570;-0.0013;-0.7133;-0.5713;0.6456;25.840470
1283;17571;-0.0013;-0.7134;-0.5718;0.6425;25.840471
1283;17572;-0.0013;-0.7135;-0.5721;0.6441;25.840472
1283;17573;-0.0013;-0.7136;-0.5726;0.6472;25.840473
1283;17574;-0.0013;-0.7137;-0.5730;0.6487;25.840474
1283;17575;-0.0013;-0.7138;-0.5735;0.6472;25.840475
1283;17576;-0.0013;-0.7140;-0.5740;0.6472;25.840476
1283;17577;-0.0013;-0.7144;-0.5747;0.6502;25.840477
1283;17578;-0.0013;-0.7140;-0.5747;0.6502;25.840478
1283;17579;-0.0013;-0.7135;-0.5747;0.6487;25.840479
1283;17580;-0.0013;-0.7132;-0.5748;0.6441;25.840480
1283;17581;-0.0013;-0.7133;-0.5753;0.6410;25.840481
1283;17582;-0.0013;-0.7138;-0.5760;0.6410;25.840482
1283;17583;-0.0013;-0.7135;-0.5761;0.6425;25.840483
1283;17584;-0.0013;-0.7130;-0.5761;0.6472;25.840484
1283;17585;-0.0013;-0.7127;-0.5763;0.6502;25.840485
1283;17586;-0.0013;-0.7126;-0.5765;0.6472;25.840486
1283;17587;-0.0013;-0.7133;-0.5774;0.6441;25.840487
1283;17588;-0.0013;-0.7134;-0.5778;0.6394;25.840488
1283;17589;-0.0013;-0.7134;-0.5782;0.6394;25.840489
1283;17590;-0.0013;-0.7130;-0.5783;0.6394;25.840490
1283;17591;-0.0013;-0.7131;-0.5788;0.6379;25.840491
1283;17592;-0.0013;-0.7138;-0.5797;0.6379;25.840492
1283;17593;-0.0013;-0.7139;-0.5801;0.6348;25.840493
1283;17594;-0.0013;-0.7137;-0.5803;0.6394;25.840494
1283;17595;-0.0013;-0.7138;-0.5808;0.6394;25.840495
1283;17596;-0.0013;-0.7134;-0.5807;0.6472;25.840496
1283;17597;-0.0013;-0.7128;-0.5806;0.6533;25.840497
1283;17598;-0.0013;-0.7126;-0.5809;0.6595;25.840498
1283;17599;-0.0013;-0.7127;-0.5813;0.6641;25.840499
1283;17600;-0.0013;-0.7130;-0.5819;0.6578;25.840500
1283;17601;-0.0013;-0.7126;-0.5820;0.6516;25.840501
1283;17602;-0.0013;-0.7123;-0.5821;0.6502;25.840502
1283;17603;-0.0013;-0.7126;-0.5827;0.6394;25.840503
1283;17604;-0.0013;-0.7134;-0.5837;0.6379;25.840504
1283;17605;-0.0013;-0.7138;-0.5843;0.6409;25.840505
1283;17606;-0.0013;-0.7135;-0.5845;0.6440;25.840506
1283;17607;-0.0013;-0.7133;-0.5847;0.6455;25.840507
1283;17608;-0.0013;-0.7130;-0.5848;0.6455;25.840508
1283;17609;-0.0013;-0.7124;-0.5847;0.6455;25.840509
1283;17610;-0.0013;-0.7123;-0.5850;0.6455;25.840510
1283;17611;-0.0013;-0.7125;-0.5855;0.6440;25.840511
1283;17612;-0.0013;-0.7124;-0.5858;0.6425;25.840512
1283;17613;-0.0013;-0.7126;-0.5863;0.6348;25.840513
1283;17614;-0.0013;-0.7126;-0.5867;0.6272;25.840514
1283;17615;-0.0013;-0.7121;-0.5867;0.6211;25.840515
1283;17616;-0.0013;-0.7119;-0.5869;0.6195;25.840516
1283;17617;-0.0013;-0.7123;-0.5876;0.6211;25.840517
1283;17618;-0.0013;-0.7130;-0.5885;0.6272;25.840518
1283;17619;-0.0013;-0.7133;-0.5892;0.6318;25.840519
1283;17620;-0.0013;-0.7134;-0.5895;0.6379;25.840520
1283;17621;-0.0013;-0.7132;-0.5898;0.6379;25.840521
1283;17622;-0.0013;-0.7129;-0.5899;0.6409;25.840522
1283;17623;-0.0013;-0.7126;-0.5900;0.6440;25.840523
1283;17624;-0.0013;-0.7126;-0.5904;0.6440;25.840524
1283;17625;-0.0013;-0.7128;-0.5909;0.6425;25.840525
1283;17626;-0.0013;-0.7128;-0.5913;0.6425;25.840526
1283;17627;-0.0013;-0.7132;-0.5920;0.6486;25.840527
1283;17628;-0.0013;-0.7134;-0.5926;0.6501;25.840528
1283;17629;-0.0013;-0.7134;-0.5929;0.6455;25.840529
1283;17630;-0.0013;-0.7139;-0.5937;0.6425;25.840530
1283;17631;-0.0013;-0.7138;-0.5940;0.6379;25.840531
1283;17632;-0.0013;-0.7130;-0.5937;0.6333;25.840532
1283;17633;-0.0013;-0.7128;-0.5938;0.6364;25.840533
1283;17634;-0.0013;-0.7129;-0.5943;0.6409;25.840534
1283;17635;-0.0013;-0.7130;-0.5947;0.6455;25.840535
1283;17636;-0.0013;-0.7131;-0.5952;0.6425;25.840536
1283;17637;-0.0013;-0.7127;-0.5953;0.6394;25.840537
1283;17638;-0.0013;-0.7123;-0.5953;0.6348;25.840538
1283;17639;-0.0013;-0.7120;-0.5954;0.6287;25.840539
1283;17640;-0.0013;-0.7124;-0.5961;0.6272;25.840540
1283;17641;-0.0013;-0.7126;-0.5966;0.6302;25.840541
1283;17642;-0.0013;-0.7127;-0.5971;0.6333;25.840542
1283;17643;-0.0013;-0.7131;-0.5978;0.6302;25.840543
1283;17644;-0.0013;-0.7131;-0.5982;0.6332;25.840544
1283;17645;-0.0013;-0.7133;-0.5987;0.6423;25.840545
1283;17646;-0.0013;-0.7136;-0.5994;0.6499;25.840546
1283;17647;-0.0013;-0.7132;-0.5994;0.6575;25.840547
1283;17648;-0.0013;-0.7130;-0.5996;0.6635;25.840548
1283;17649;-0.0013;-0.7130;-0.6000;0.6635;25.840549
1283;17650;-0.0013;-0.7127;-0.6001;0.6635;25.840550
1283;17651;-0.0013;-0.7122;-0.6000;0.6650;25.840551
1283;17652;-0.0013;-0.7120;-0.6003;0.6620;25.840552
1283;17653;-0.0013;-0.7125;-0.6010;0.6590;25.840553
1283;17654;-0.0013;-0.7127;-0.6016;0.6499;25.840554
1283;17655;-0.0013;-0.7128;-0.6021;0.6438;25.840555
1283;17656;-0.0013;-0.7130;-0.6026;0.6393;25.840556
1283;17657;-0.0013;-0.7131;-0.6031;0.6332;25.840557
1283;17658;-0.0013;-0.7133;-0.6036;0.6287;25.840558
1283;17659;-0.0013;-0.7132;-0.6038;0.6272;25.840559
1283;17660;-0.0013;-0.7129;-0.6041;0.6287;25.840560
1283;17661;-0.0013;-0.7129;-0.6044;0.6287;25.840561
1283;17662;-0.0013;-0.7129;-0.6048;0.6241;25.840562
1283;17663;-0.0013;-0.7133;-0.6054;0.6226;25.840563
1283;17664;-0.0013;-0.7131;-0.6056;0.6241;25.840564
1283;17665;-0.0013;-0.7127;-0.6057;0.6272;25.840565
1283;17666;-0.0013;-0.7136;-0.6069;0.6332;25.840566
1283;17667;-0.0013;-0.7142;-0.6077;0.6378;25.840567
1283;17668;-0.0013;-0.7134;-0.6074;0.6378;25.840568
1283;17669;-0.0013;-0.7127;-0.6073;0.6378;25.840569
1283;17670;-0.0013;-0.7127;-0.6076;0.6393;25.840570
1283;17671;-0.0013;-0.7127;-0.6080;0.6378;25.840571
1283;17672;-0.0013;-0.7123;-0.6080;0.6348;25.840572
1283;17673;-0.0013;-0.7121;-0.6083;0.6378;25.840573
1283;17674;-0.0013;-0.7123;-0.6087;0.6423;25.840574
1283;17675;-0.0013;-0.7126;-0.6094;0.6454;25.840575
1283;17676;-0.0013;-0.7129;-0.6101;0.6484;25.840576
1283;17677;-0.0013;-0.7128;-0.6103;0.6484;25.840577
1283;17678;-0.0013;-0.7123;-0.6103;0.6499;25.840578
1283;17679;-0.0013;-0.7124;-0.6107;0.6438;25.840579
1283;17680;-0.0013;-0.7123;-0.6110;0.6363;25.840580
1283;17681;-0.0013;-0.7122;-0.6114;0.6317;25.840581
1283;17682;-0.0013;-0.7126;-0.6121;0.6226;25.840582
1283;17683;-0.0013;-0.7131;-0.6129;0.6136;25.840583
1283;17684;-0.0013;-0.7134;-0.6135;0.6151;25.840584
1283;17685;-0.0013;-0.7134;-0.6139;0.6166;25.840585
1283;17686;-0.0013;-0.7132;-0.6141;0.6181;25.840586
1283;17687;-0.0013;-0.7131;-0.6145;0.6196;25.840587
1283;17688;-0.0013;-0.7130;-0.6147;0.6211;25.840588
1283;17689;-0.0013;-0.7126;-0.6148;0.6196;25.840589
1283;17690;-0.0013;-0.7124;-0.6150;0.6196;25.840590
1283;17691;-0.0013;-0.7126;-0.6155;0.6226;25.840591
1283;17692;-0.0013;-0.7128;-0.6161;0.6196;25.840592
1283;17693;-0.0013;-0.7131;-0.6167;0.6151;25.840593
1283;17694;-0.0013;-0.7131;-0.6171;0.6136;25.840594
1283;17695;-0.0013;-0.7128;-0.6172;0.6136;25.840595
1283;17696;-0.0013;-0.7126;-0.6174;0.6166;25.840596
1283;17697;-0.0013;-0.7124;-0.6176;0.6166;25.840597
1283;17698;-0.0013;-0.7121;-0.6178;0.6136;25.840598
1283;17699;-0.0013;-0.7123;-0.6183;0.6121;25.840599
1283;17700;-0.0013;-0.7124;-0.6187;0.6106;25.840600
1283;17701;-0.0013;-0.7126;-0.6193;0.6061;25.840601
1283;17702;-0.0013;-0.7132;-0.6202;0.6076;25.840602
1283;17703;-0.0013;-0.7135;-0.6209;0.6166;25.840603
1283;17704;-0.0013;-0.7135;-0.6212;0.6286;25.840604
1283;17705;-0.0013;-0.7131;-0.6213;0.6331;25.840605
1283;17706;-0.0013;-0.7124;-0.6211;0.6361;25.840606
1283;17707;-0.0013;-0.7120;-0.6211;0.6376;25.840607
1283;17708;-0.0013;-0.7122;-0.6217;0.6391;25.840608
1283;17709;-0.0013;-0.7129;-0.6227;0.6376;25.840609
1283;17710;-0.0014;-0.7132;-0.6233;0.6346;25.840610
1283;17711;-0.0014;-0.7130;-0.6235;0.6376;25.840611
1283;17712;-0.0014;-0.7125;-0.6235;0.6391;25.840612
1283;17713;-0.0014;-0.7123;-0.6237;0.6421;25.840613
1283;17714;-0.0014;-0.7130;-0.6247;0.6466;25.840614
1283;17715;-0.0014;-0.7135;-0.6255;0.6496;25.840615
1283;17716;-0.0014;-0.7135;-0.6258;0.6481;25.840616
1283;17717;-0.0014;-0.7131;-0.6260;0.6406;25.840617
1283;17718;-0.0014;-0.7132;-0.6264;0.6331;25.840618
1283;17719;-0.0014;-0.7134;-0.6270;0.6286;25.840619
1283;17720;-0.0014;-0.7130;-0.6270;0.6271;25.840620
1283;17721;-0.0014;-0.7122;-0.6267;0.6256;25.840621
1283;17722;-0.0014;-0.7124;-0.6273;0.6226;25.840622
1283;17723;-0.0014;-0.7125;-0.6277;0.6211;25.840623
1283;17724;-0.0014;-0.7122;-0.6279;0.6196;25.840624
1283;17725;-0.0014;-0.7120;-0.6281;0.6136;25.840625
1283;17726;-0.0014;-0.7124;-0.6288;0.6001;25.840626
1283;17727;-0.0014;-0.7131;-0.6298;0.6031;25.840627
1283;17728;-0.0014;-0.7132;-0.6303;0.6016;25.840628
1283;17729;-0.0014;-0.7129;-0.6304;0.6016;25.840629
1283;17730;-0.0014;-0.7130;-0.6309;0.6031;25.840630
1283;17731;-0.0014;-0.7134;-0.6316;0.5987;25.840631
1283;17732;-0.0014;-0.7130;-0.6317;0.5942;25.840632
1283;17733;-0.0014;-0.7124;-0.6315;0.5927;25.840633
1283;17734;-0.0014;-0.7121;-0.6317;0.5927;25.840634
1283;17735;-0.0014;-0.7126;-0.6325;0.5927;25.840635
1283;17736;-0.0014;-0.7133;-0.6335;0.5927;25.840636
1283;17737;-0.0014;-0.7134;-0.6340;0.5957;25.840637
1283;17738;-0.0014;-0.7125;-0.6336;0.6001;25.840638
1283;17739;-0.0014;-0.7116;-0.6332;0.6076;25.840639
1283;17740;-0.0014;-0.7114;-0.6334;0.6150;25.840640
1283;17741;-0.0014;-0.7122;-0.6345;0.6165;25.840641
1283;17742;-0.0014;-0.7129;-0.6355;0.6195;25.840642
1283;17743;-0.0014;-0.7134;-0.6364;0.6224;25.840643
1283;17744;-0.0014;-0.7132;-0.6365;0.6209;25.840644
1283;17745;-0.0014;-0.7131;-0.6368;0.6135;25.840645
1283;17746;-0.0014;-0.7133;-0.6374;0.6076;25.840646
1283;17747;-0.0014;-0.7130;-0.6376;0.6061;25.840647
1283;17748;-0.0014;-0.7127;-0.6376;0.6031;25.840648
1283;17749;-0.0014;-0.7126;-0.6380;0.6016;25.840649
1283;17750;-0.0014;-0.7131;-0.6388;0.5987;25.840650
1283;17751;-0.0014;-0.7131;-0.6392;0.5898;25.840651
1283;17752;-0.0014;-0.7129;-0.6394;0.5868;25.840652
1283;17753;-0.0014;-0.7130;-0.6399;0.5883;25.840653
1283;17754;-0.0014;-0.7130;-0.6403;0.5912;25.840654
1283;17755;-0.0014;-0.7126;-0.6404;0.5883;25.840655
1283;17756;-0.0014;-0.7119;-0.6402;0.5808;25.840656
1283;17757;-0.0014;-0.7117;-0.6403;0.5779;25.840657
1283;17758;-0.0014;-0.7119;-0.6409;0.5808;25.840658
1283;17759;-0.0014;-0.7122;-0.6416;0.5853;25.840659
1283;17760;-0.0014;-0.7124;-0.6421;0.5942;25.840660
1283;17761;-0.0014;-0.7125;-0.6427;0.5987;25.840661
1283;17762;-0.0014;-0.7127;-0.6432;0.5972;25.840662
1283;17763;-0.0014;-0.7124;-0.6433;0.6046;25.840663
1283;17764;-0.0014;-0.7120;-0.6433;0.6076;25.840664
1283;17765;-0.0014;-0.7117;-0.6436;0.6135;25.840665
1283;17766;-0.0014;-0.7121;-0.6442;0.6104;25.840666
1283;17767;-0.0014;-0.7125;-0.6451;0.6119;25.840667
1283;17768;-0.0014;-0.7129;-0.6457;0.6090;25.840668
1283;17769;-0.0014;-0.7127;-0.6461;0.6090;25.840669
1283;17770;-0.0014;-0.7127;-0.6464;0.6104;25.840670
1283;17771;-0.0014;-0.7129;-0.6469;0.6090;25.840671
1283;17772;-0.0014;-0.7128;-0.6473;0.6090;25.840672
1283;17773;-0.0014;-0.7125;-0.6474;0.6090;25.840673
1283;17774;-0.0014;-0.7122;-0.6475;0.6075;25.840674
1283;17775;-0.0014;-0.7122;-0.6480;0.6104;25.840675
1283;17776;-0.0014;-0.7127;-0.6488;0.6090;25.840676
1283;17777;-0.0014;-0.7128;-0.6493;0.6060;25.840677
1283;17778;-0.0014;-0.7123;-0.6492;0.6001;25.840678
1283;17779;-0.0014;-0.7120;-0.6493;0.5972;25.840679
1283;17780;-0.0014;-0.7117;-0.6495;0.6046;25.840680
1283;17781;-0.0014;-0.7118;-0.6500;0.6090;25.840681
1283;17782;-0.0014;-0.7116;-0.6502;0.6090;25.840682
1283;17783;-0.0014;-0.7118;-0.6508;0.6119;25.840683
1283;17784;-0.0014;-0.7125;-0.6518;0.6134;25.840684
1283;17785;-0.0014;-0.7131;-0.6527;0.6148;25.840685
1283;17786;-0.0014;-0.7128;-0.6528;0.6119;25.840686
1283;17787;-0.0014;-0.7123;-0.6528;0.6046;25.840687
1283;17788;-0.0014;-0.7126;-0.6536;0.6001;25.840688
1283;17789;-0.0014;-0.7130;-0.6542;0.5972;25.840689
1283;17790;-0.0014;-0.7128;-0.6545;0.5943;25.840690
1283;17791;-0.0014;-0.7128;-0.6549;0.5928;25.840691
1283;17792;-0.0014;-0.7127;-0.6552;0.5928;25.840692
1283;17793;-0.0014;-0.7127;-0.6557;0.5898;25.840693
1283;17794;-0.0014;-0.7126;-0.6559;0.5840;25.840694
1283;17795;-0.0014;-0.7121;-0.6559;0.5840;25.840695
1283;17796;-0.0014;-0.7123;-0.6564;0.5869;25.840696
1283;17797;-0.0014;-0.7124;-0.6570;0.5898;25.840697
1283;17798;-0.0014;-0.7126;-0.6575;0.5898;25.840698
1283;17799;-0.0014;-0.7127;-0.6581;0.5806;25.840699
1283;17800;-0.0014;-0.7125;-0.6582;0.5884;25.840700
1283;17801;-0.0014;-0.7121;-0.6583;0.5913;25.840701
1283;17802;-0.0014;-0.7117;-0.6584;0.5928;25.840702
1283;17803;-0.0014;-0.7118;-0.6589;0.5928;25.840703
1283;17804;-0.0014;-0.7122;-0.6596;0.5864;25.840704
1283;17805;-0.0014;-0.7120;-0.6598;0.5864;25.840705
1283;17806;-0.0014;-0.7122;-0.6605;0.5864;25.840706
1283;17807;-0.0014;-0.7123;-0.6609;0.5879;25.840707
1283;17808;-0.0014;-0.7124;-0.6614;0.5922;25.840708
1283;17809;-0.0014;-0.7122;-0.6617;0.5951;25.840709
1283;17810;-0.0014;-0.7119;-0.6618;0.5980;25.840710
1283;17811;-0.0014;-0.7116;-0.6619;0.6053;25.840711
1283;17812;-0.0014;-0.7118;-0.6625;0.6111;25.840712
1283;17813;-0.0014;-0.7122;-0.6633;0.6155;25.840713
1283;17814;-0.0014;-0.7124;-0.6639;0.6170;25.840714
1283;17815;-0.0014;-0.7122;-0.6641;0.6170;25.840715
1283;17816;-0.0014;-0.7121;-0.6644;0.6155;25.840716
1283;17817;-0.0014;-0.7123;-0.6650;0.6184;25.840717
1283;17818;-0.0014;-0.7125;-0.6656;0.6242;25.840718
1283;17819;-0.0014;-0.7124;-0.6659;0.6257;25.840719
1283;17820;-0.0014;-0.7126;-0.6665;0.6242;25.840720
1283;17821;-0.0014;-0.7131;-0.6674;0.6213;25.840721
1283;17822;-0.0014;-0.7133;-0.6679;0.6184;25.840722
1283;17823;-0.0014;-0.7127;-0.6679;0.6199;25.840723
1283;17824;-0.0014;-0.7125;-0.6681;0.6257;25.840724
1283;17825;-0.0014;-0.7125;-0.6684;0.6301;25.840725
1283;17826;-0.0014;-0.7125;-0.6689;0.6286;25.840726
1283;17827;-0.0014;-0.7123;-0.6691;0.6242;25.840727
1283;17828;-0.0014;-0.7117;-0.6690;0.6228;25.840728
1283;17829;-0.0014;-0.7115;-0.6692;0.6257;25.840729
1283;17830;-0.0014;-0.7117;-0.6697;0.6301;25.840730
1283;17831;-0.0014;-0.7116;-0.6701;0.6286;25.840731
1283;17832;-0.0014;-0.7115;-0.6705;0.6184;25.840732
1283;17833;-0.0014;-0.7114;-0.6706;0.6082;25.840733
1283;17834;-0.0014;-0.7114;-0.6711;0.6010;25.840734
1283;17835;-0.0014;-0.7118;-0.6719;0.6010;25.840735
1283;17836;-0.0014;-0.7118;-0.6723;0.6053;25.840736
1283;17837;-0.0014;-0.7122;-0.6731;0.6024;25.840737
1283;17838;-0.0014;-0.7127;-0.6740;0.5892;25.840738
1283;17839;-0.0014;-0.7130;-0.6747;0.5864;25.840739
1283;17840;-0.0014;-0.7131;-0.6752;0.5921;25.840740
1283;17841;-0.0014;-0.7124;-0.6750;0.6022;25.840741
1283;17842;-0.0014;-0.7118;-0.6748;0.6065;25.840742
1283;17843;-0.0014;-0.7112;-0.6746;0.6109;25.840743
1283;17844;-0.0014;-0.7113;-0.6751;0.6195;25.840744
1283;17845;-0.0015;-0.7118;-0.6761;0.6209;25.840745
1283;17846;-0.0015;-0.7122;-0.6769;0.6166;25.840746
1283;17847;-0.0015;-0.7125;-0.6776;0.6094;25.840747
1283;17848;-0.0015;-0.7126;-0.6781;0.6065;25.840748
1283;17849;-0.0015;-0.7125;-0.6784;0.6065;25.840749
1283;17850;-0.0015;-0.7123;-0.6786;0.6037;25.840750
1283;17851;-0.0015;-0.7120;-0.6787;0.5993;25.840751
1283;17852;-0.0015;-0.7123;-0.6794;0.5907;25.840752
1283;17853;-0.0015;-0.7128;-0.6803;0.5806;25.840753
1283;17854;-0.0015;-0.7125;-0.6805;0.5748;25.840754
1283;17855;-0.0015;-0.7123;-0.6807;0.5691;25.840755
1283;17856;-0.0015;-0.7123;-0.6811;0.5662;25.840756
1283;17857;-0.0015;-0.7120;-0.6812;0.5633;25.840757
1283;17858;-0.0015;-0.7117;-0.6814;0.5662;25.840758
1283;17859;-0.0015;-0.7120;-0.6821;0.5734;25.840759
1283;17860;-0.0015;-0.7121;-0.6826;0.5734;25.840760
1283;17861;-0.0015;-0.7121;-0.6830;0.5748;25.840761
1283;17862;-0.0015;-0.7124;-0.6837;0.5792;25.840762
1283;17863;-0.0015;-0.7121;-0.6839;0.5792;25.840763
1283;17864;-0.0015;-0.7118;-0.6840;0.5820;25.840764
1283;17865;-0.0015;-0.7123;-0.6849;0.5835;25.840765
1283;17866;-0.0015;-0.7127;-0.6857;0.5835;25.840766
1283;17867;-0.0015;-0.7126;-0.6861;0.5864;25.840767
1283;17868;-0.0015;-0.7133;-0.6871;0.5834;25.840768
1283;17869;-0.0015;-0.7130;-0.6873;0.5891;25.840769
1283;17870;-0.0015;-0.7122;-0.6869;0.6037;25.840770
1283;17871;-0.0015;-0.7120;-0.6871;0.6080;25.840771
1283;17872;-0.0015;-0.7119;-0.6874;0.6109;25.840772
1283;17873;-0.0015;-0.7118;-0.6878;0.6080;25.840773
1283;17874;-0.0015;-0.7120;-0.6884;0.6005;25.840774
1283;17875;-0.0015;-0.7124;-0.6892;0.5991;25.840775
1283;17876;-0.0015;-0.7128;-0.6900;0.5977;25.840776
1283;17877;-0.0015;-0.7129;-0.6905;0.6019;25.840777
1283;17878;-0.0015;-0.7122;-0.6903;0.6034;25.840778
1283;17879;-0.0015;-0.7117;-0.6902;0.6019;25.840779
1283;17880;-0.0015;-0.7117;-0.6907;0.5991;25.840780
1283;17881;-0.0015;-0.7121;-0.6914;0.5991;25.840781
1283;17882;-0.0015;-0.7125;-0.6923;0.5991;25.840782
1283;17883;-0.0015;-0.7127;-0.6929;0.5962;25.840783
1283;17884;-0.0015;-0.7127;-0.6934;0.5977;25.840784
1283;17885;-0.0015;-0.7127;-0.6937;0.5948;25.840785
1283;17886;-0.0015;-0.7123;-0.6938;0.5877;25.840786
1283;17887;-0.0015;-0.7121;-0.6940;0.5848;25.840787
1283;17888;-0.0015;-0.7122;-0.6946;0.5834;25.840788
1283;17889;-0.0015;-0.7122;-0.6949;0.5834;25.840789
1283;17890;-0.0015;-0.7121;-0.6953;0.5834;25.840790
1283;17891;-0.0015;-0.7127;-0.6964;0.5848;25.840791
1283;17892;-0.0015;-0.7129;-0.6969;0.5891;25.840792
1283;17893;-0.0015;-0.7126;-0.6971;0.5877;25.840793
1283;17894;-0.0015;-0.7120;-0.6969;0.5877;25.840794
1283;17895;-0.0015;-0.7117;-0.6970;0.5905;25.840795
1283;17896;-0.0015;-0.7117;-0.6974;0.5877;25.840796
1283;17897;-0.0015;-0.7115;-0.6977;0.5863;25.840797
1283;17898;-0.0015;-0.7115;-0.6982;0.5863;25.840798
1283;17899;-0.0015;-0.7119;-0.6989;0.5863;25.840799
1283;17900;-0.0015;-0.7123;-0.6998;0.5863;25.840800
1283;17901;-0.0015;-0.7128;-0.7007;0.5891;25.840801
1283;17902;-0.0015;-0.7122;-0.7006;0.5934;25.840802
1283;17903;-0.0015;-0.7118;-0.7006;0.5977;25.840803
1283;17904;-0.0015;-0.7120;-0.7012;0.5991;25.840804
1283;17905;-0.0015;-0.7126;-0.7022;0.5945;25.840805
1283;17906;-0.0015;-0.7129;-0.7029;0.5960;25.840806
1283;17907;-0.0015;-0.7127;-0.7031;0.5931;25.840807
1283;17908;-0.0015;-0.7127;-0.7036;0.5861;25.840808
1283;17909;-0.0015;-0.7129;-0.7042;0.5790;25.840809
1283;17910;-0.0015;-0.7130;-0.7048;0.5776;25.840810
1283;17911;-0.0015;-0.7132;-0.7053;0.5804;25.840811
1283;17912;-0.0015;-0.7130;-0.7056;0.5889;25.840812
1283;17913;-0.0015;-0.7126;-0.7056;0.5931;25.840813
1283;17914;-0.0015;-0.7123;-0.7058;0.5960;25.840814
1283;17915;-0.0015;-0.7124;-0.7064;0.5960;25.840815
1283;17916;-0.0015;-0.7125;-0.7069;0.5931;25.840816
1283;17917;-0.0015;-0.7123;-0.7071;0.5875;25.840817
1283;17918;-0.0015;-0.7121;-0.7074;0.5832;25.840818
1283;17919;-0.0015;-0.7122;-0.7079;0.5818;25.840819
1283;17920;-0.0015;-0.7121;-0.7082;0.5832;25.840820
1283;17921;-0.0015;-0.7125;-0.7090;0.5861;25.840821
1283;17922;-0.0015;-0.7126;-0.7095;0.5847;25.840822
1283;17923;-0.0015;-0.7122;-0.7096;0.5832;25.840823
1283;17924;-0.0015;-0.7118;-0.7097;0.5847;25.840824
1283;17925;-0.0015;-0.7119;-0.7102;0.5931;25.840825
1283;17926;-0.0015;-0.7124;-0.7111;0.6016;25.840826
1283;17927;-0.0015;-0.7122;-0.7113;0.6073;25.840827
1283;17928;-0.0015;-0.7122;-0.7118;0.6143;25.840828
1283;17929;-0.0015;-0.7125;-0.7125;0.6157;25.840829
1283;17930;-0.0015;-0.7124;-0.7129;0.6087;25.840830
1283;17931;-0.0015;-0.7124;-0.7133;0.5988;25.840831
1283;17932;-0.0015;-0.7127;-0.7140;0.5903;25.840832
1283;17933;-0.0015;-0.7126;-0.7144;0.5847;25.840833
1283;17934;-0.0015;-0.7122;-0.7144;0.5790;25.840834
1283;17935;-0.0015;-0.7118;-0.7145;0.5719;25.840835
1283;17936;-0.0015;-0.7118;-0.7149;0.5635;25.840836
1283;17937;-0.0015;-0.7116;-0.7151;0.5564;25.840837
1283;17938;-0.0015;-0.7114;-0.7153;0.5592;25.840838
1283;17939;-0.0015;-0.7119;-0.7163;0.5635;25.840839
1283;17940;-0.0015;-0.7127;-0.7176;0.5649;25.840840
1283;17941;-0.0015;-0.7133;-0.7186;0.5718;25.840841
1283;17942;-0.0015;-0.7136;-0.7193;0.5746;25.840842
1283;17943;-0.0015;-0.7133;-0.7195;0.5760;25.840843
1283;17944;-0.0015;-0.7132;-0.7198;0.5746;25.840844
1283;17945;-0.0015;-0.7132;-0.7203;0.5732;25.840845
1283;17946;-0.0015;-0.7130;-0.7205;0.5663;25.840846
1283;17947;-0.0015;-0.7123;-0.7202;0.5579;25.840847
1283;17948;-0.0015;-0.7116;-0.7200;0.5537;25.840848
1283;17949;-0.0015;-0.7114;-0.7202;0.5467;25.840849
1283;17950;-0.0015;-0.7111;-0.7204;0.5397;25.840850
1283;17951;-0.0015;-0.7110;-0.7207;0.5327;25.840851
1283;17952;-0.0015;-0.7109;-0.7210;0.5327;25.840852
1283;17953;-0.0015;-0.7113;-0.7219;0.5383;25.840853
1283;17954;-0.0015;-0.7119;-0.7230;0.5425;25.840854
1283;17955;-0.0015;-0.7117;-0.7231;0.5439;25.840855
1283;17956;-0.0015;-0.7113;-0.7232;0.5495;25.840856
1283;17957;-0.0015;-0.7114;-0.7237;0.5509;25.840857
1283;17958;-0.0015;-0.7117;-0.7245;0.5565;25.840858
1283;17959;-0.0015;-0.7121;-0.7253;0.5635;25.840859
1283;17960;-0.0015;-0.7121;-0.7258;0.5677;25.840860
1283;17961;-0.0015;-0.7119;-0.7260;0.5691;25.840861
1283;17962;-0.0015;-0.7118;-0.7264;0.5718;25.840862
1283;17963;-0.0015;-0.7117;-0.7267;0.5774;25.840863
1283;17964;-0.0015;-0.7117;-0.7271;0.5830;25.840864
1283;17965;-0.0015;-0.7112;-0.7271;0.5858;25.840865
1283;17966;-0.0015;-0.7112;-0.7275;0.5872;25.840866
1283;17967;-0.0015;-0.7116;-0.7284;0.5886;25.840867
1283;17968;-0.0016;-0.7119;-0.7292;0.5900;25.840868
1283;17969;-0.0016;-0.7120;-0.7297;0.5942;25.840869
1283;17970;-0.0016;-0.7116;-0.7297;0.5956;25.840870
1283;17971;-0.0016;-0.7112;-0.7298;0.5956;25.840871
1283;17972;-0.0016;-0.7114;-0.7305;0.5914;25.840872
1283;17973;-0.0016;-0.7111;-0.7305;0.5900;25.840873
1283;17974;-0.0016;-0.7112;-0.7311;0.5872;25.840874
1283;17975;-0.0016;-0.7118;-0.7322;0.5795;25.840875
1283;17976;-0.0016;-0.7122;-0.7330;0.5781;25.840876
1283;17977;-0.0016;-0.7121;-0.7334;0.5767;25.840877
1283;17978;-0.0016;-0.7115;-0.7333;0.5712;25.840878
1283;17979;-0.0016;-0.7113;-0.7335;0.5629;25.840879
1283;17980;-0.0016;-0.7114;-0.7341;0.5573;25.840880
1283;17981;-0.0016;-0.7114;-0.7345;0.5587;25.840881
1283;17982;-0.0016;-0.7112;-0.7347;0.5615;25.840882
1283;17983;-0.0016;-0.7110;-0.7349;0.5656;25.840883
1283;17984;-0.0016;-0.7116;-0.7361;0.5698;25.840884
1283;17985;-0.0016;-0.7121;-0.7370;0.5739;25.840885
1283;17986;-0.0016;-0.7122;-0.7375;0.5781;25.840886
1283;17987;-0.0016;-0.7121;-0.7380;0.5822;25.840887
1283;17988;-0.0016;-0.7121;-0.7383;0.5850;25.840888
1283;17989;-0.0016;-0.7118;-0.7386;0.5781;25.840889
1283;17990;-0.0016;-0.7118;-0.7389;0.5698;25.840890
1283;17991;-0.0016;-0.7116;-0.7393;0.5670;25.840891
1283;17992;-0.0016;-0.7119;-0.7400;0.5698;25.840892
1283;17993;-0.0016;-0.7119;-0.7404;0.5726;25.840893
1283;17994;-0.0016;-0.7118;-0.7408;0.5739;25.840894
1283;17995;-0.0016;-0.7118;-0.7413;0.5726;25.840895
1283;17996;-0.0016;-0.7119;-0.7417;0.5739;25.840896
1283;17997;-0.0016;-0.7124;-0.7428;0.5753;25.840897
1283;17998;-0.0016;-0.7124;-0.7432;0.5698;25.840898
1283;17999;-0.0016;-0.7118;-0.7430;0.5643;25.840899
1283;18000;-0.0016;-0.7117;-0.7434;0.5601;25.840900
1283;18001;-0.0016;-0.7115;-0.7437;0.5601;25.840901
1283;18002;-0.0016;-0.7116;-0.7442;0.5629;25.840902
1283;18003;-0.0016;-0.7122;-0.7453;0.5600;25.840903
1283;18004;-0.0016;-0.7122;-0.7458;0.5627;25.840904
1283;18005;-0.0016;-0.7116;-0.7456;0.5655;25.840905
1283;18006;-0.0016;-0.7115;-0.7459;0.5682;25.840906
1283;18007;-0.0016;-0.7120;-0.7470;0.5627;25.840907
1283;18008;-0.0016;-0.7118;-0.7472;0.5545;25.840908
1283;18009;-0.0016;-0.7107;-0.7464;0.5532;25.840909
1283;18010;-0.0016;-0.7107;-0.7470;0.5518;25.840910
1283;18011;-0.0016;-0.7111;-0.7478;0.5532;25.840911
1283;18012;-0.0016;-0.7114;-0.7486;0.5545;25.840912
1283;18013;-0.0016;-0.7116;-0.7493;0.5532;25.840913
1283;18014;-0.0016;-0.7115;-0.7497;0.5532;25.840914
1283;18015;-0.0016;-0.7118;-0.7504;0.5586;25.840915
1283;18016;-0.0016;-0.7121;-0.7512;0.5641;25.840916
1283;18017;-0.0016;-0.7126;-0.7522;0.5614;25.840917
1283;18018;-0.0016;-0.7127;-0.7528;0.5573;25.840918
1283;18019;-0.0016;-0.7120;-0.7525;0.5532;25.840919
1283;18020;-0.0016;-0.7114;-0.7523;0.5518;25.840920
1283;18021;-0.0016;-0.7112;-0.7526;0.5532;25.840921
1283;18022;-0.0016;-0.7115;-0.7533;0.5559;25.840922
1283;18023;-0.0016;-0.7122;-0.7545;0.5627;25.840923
1283;18024;-0.0016;-0.7118;-0.7546;0.5641;25.840924
1283;18025;-0.0016;-0.7116;-0.7548;0.5614;25.840925
1283;18026;-0.0016;-0.7120;-0.7557;0.5573;25.840926
1283;18027;-0.0016;-0.7120;-0.7562;0.5532;25.840927
1283;18028;-0.0016;-0.7118;-0.7564;0.5504;25.840928
1283;18029;-0.0016;-0.7113;-0.7563;0.5491;25.840929
1283;18030;-0.0016;-0.7112;-0.7567;0.5491;25.840930
1283;18031;-0.0016;-0.7114;-0.7574;0.5504;25.840931
1283;18032;-0.0016;-0.7112;-0.7577;0.5532;25.840932
1283;18033;-0.0016;-0.7111;-0.7580;0.5545;25.840933
1283;18034;-0.0016;-0.7109;-0.7582;0.5586;25.840934
1283;18035;-0.0016;-0.7107;-0.7585;0.5614;25.840935
1283;18036;-0.0016;-0.7105;-0.7588;0.5614;25.840936
1283;18037;-0.0016;-0.7105;-0.7592;0.5669;25.840937
1283;18038;-0.0016;-0.7106;-0.7598;0.5666;25.840938
1283;18039;-0.0016;-0.7107;-0.7603;0.5680;25.840939
1283;18040;-0.0016;-0.7110;-0.7611;0.5653;25.840940
1283;18041;-0.0016;-0.7112;-0.7619;0.5626;25.840941
1283;18042;-0.0016;-0.7110;-0.7621;0.5544;25.840942
1283;18043;-0.0016;-0.7109;-0.7624;0.5477;25.840943
1283;18044;-0.0016;-0.7111;-0.7631;0.5422;25.840944
1283;18045;-0.0016;-0.7112;-0.7637;0.5382;25.840945
1283;18046;-0.0016;-0.7113;-0.7643;0.5409;25.840946
1283;18047;-0.0016;-0.7109;-0.7644;0.5477;25.840947
1283;18048;-0.0016;-0.7107;-0.7646;0.5544;25.840948
1283;18049;-0.0016;-0.7106;-0.7649;0.5544;25.840949
1283;18050;-0.0016;-0.7104;-0.7651;0.5517;25.840950
1283;18051;-0.0016;-0.7102;-0.7655;0.5463;25.840951
1283;18052;-0.0016;-0.7104;-0.7661;0.5463;25.840952
1283;18053;-0.0016;-0.7112;-0.7675;0.5490;25.840953
1283;18054;-0.0016;-0.7117;-0.7684;0.5490;25.840954
1283;18055;-0.0016;-0.7118;-0.7691;0.5504;25.840955
1283;18056;-0.0016;-0.7116;-0.7693;0.5504;25.840956
1283;18057;-0.0016;-0.7114;-0.7695;0.5477;25.840957
1283;18058;-0.0016;-0.7117;-0.7704;0.5422;25.840958
1283;18059;-0.0016;-0.7121;-0.7712;0.5382;25.840959
1283;18060;-0.0016;-0.7119;-0.7716;0.5341;25.840960
1283;18061;-0.0016;-0.7117;-0.7718;0.5314;25.840961
1283;18062;-0.0016;-0.7115;-0.7720;0.5300;25.840962
1283;18063;-0.0016;-0.7117;-0.7728;0.5261;25.840963
1283;18064;-0.0016;-0.7118;-0.7733;0.5301;25.840964
1283;18065;-0.0016;-0.7118;-0.7738;0.5382;25.840965
1283;18066;-0.0016;-0.7117;-0.7742;0.5436;25.840966
1283;18067;-0.0016;-0.7115;-0.7744;0.5449;25.840967
1283;18068;-0.0016;-0.7117;-0.7752;0.5436;25.840968
1283;18069;-0.0016;-0.7116;-0.7755;0.5355;25.840969
1283;18070;-0.0016;-0.7110;-0.7753;0.5275;25.840970
1283;18071;-0.0016;-0.7114;-0.7762;0.5248;25.840971
1283;18072;-0.0016;-0.7117;-0.7771;0.5301;25.840972
1283;18073;-0.0016;-0.7119;-0.7778;0.5369;25.840973
1283;18074;-0.0016;-0.7119;-0.7782;0.5436;25.840974
1283;18075;-0.0016;-0.7116;-0.7784;0.5476;25.840975
1283;18076;-0.0016;-0.7114;-0.7786;0.5489;25.840976
1283;18077;-0.0016;-0.7110;-0.7787;0.5489;25.840977
1283;18078;-0.0016;-0.7111;-0.7793;0.5476;25.840978
1283;18079;-0.0017;-0.7116;-0.7803;0.5436;25.840979
1283;18080;-0.0017;-0.7114;-0.7805;0.5409;25.840980
1283;18081;-0.0016;-0.7107;-0.7803;0.5409;25.840981
1283;18082;-0.0017;-0.7103;-0.7803;0.5395;25.840982
1283;18083;-0.0017;-0.7106;-0.7812;0.5369;25.840983
1283;18084;-0.0017;-0.7107;-0.7818;0.5342;25.840984
1283;18085;-0.0017;-0.7102;-0.7817;0.5328;25.840985
1283;18086;-0.0017;-0.7104;-0.7824;0.5301;25.840986
1283;18087;-0.0017;-0.7108;-0.7833;0.5234;25.840987
1283;18088;-0.0017;-0.7110;-0.7840;0.5167;25.840988
1283;18089;-0.0017;-0.7108;-0.7842;0.5140;25.840989
1283;18090;-0.0017;-0.7105;-0.7844;0.5127;25.840990
1283;18091;-0.0017;-0.7106;-0.7850;0.5100;25.840991
1283;18092;-0.0017;-0.7112;-0.7861;0.5045;25.840992
1283;18093;-0.0017;-0.7114;-0.7868;0.5098;25.840993
1283;18094;-0.0017;-0.7110;-0.7869;0.5138;25.840994
1283;18095;-0.0017;-0.7104;-0.7868;0.5164;25.840995
1283;18096;-0.0017;-0.7108;-0.7876;0.5151;25.840996
1283;18097;-0.0017;-0.7114;-0.7888;0.5164;25.840997
1283;18098;-0.0017;-0.7111;-0.7890;0.5191;25.840998
1283;18099;-0.0017;-0.7115;-0.7899;0.5151;25.840999
1283;18100;-0.0017;-0.7115;-0.7904;0.5098;25.841000
1283;18101;-0.0017;-0.7110;-0.7903;0.5111;25.841001
1283;18102;-0.0017;-0.7112;-0.7910;0.5164;25.841002
1283;18103;-0.0017;-0.7122;-0.7926;0.5191;25.841003
1283;18104;-0.0017;-0.7128;-0.7937;0.5204;25.841004
1283;18105;-0.0017;-0.7122;-0.7935;0.5244;25.841005
1283;18106;-0.0017;-0.7111;-0.7928;0.5297;25.841006
1283;18107;-0.0017;-0.7110;-0.7931;0.5284;25.841007
1283;18108;-0.0017;-0.7113;-0.7941;0.5257;25.841008
1283;18109;-0.0017;-0.7114;-0.7946;0.5271;25.841009
1283;18110;-0.0017;-0.7115;-0.7953;0.5324;25.841010
1283;18111;-0.0017;-0.7117;-0.7959;0.5364;25.841011
1283;18112;-0.0017;-0.7118;-0.7966;0.5403;25.841012
1283;18113;-0.0017;-0.7120;-0.7972;0.5470;25.841013
1283;18114;-0.0017;-0.7118;-0.7976;0.5536;25.841014
1283;18115;-0.0017;-0.7116;-0.7978;0.5603;25.841015
1283;18116;-0.0017;-0.7114;-0.7980;0.5642;25.841016
1283;18117;-0.0017;-0.7116;-0.7988;0.5669;25.841017
1283;18118;-0.0017;-0.7118;-0.7995;0.5587;25.841018
1283;18119;-0.0017;-0.7117;-0.8000;0.5547;25.841019
1283;18120;-0.0017;-0.7112;-0.7998;0.5495;25.841020
1283;18121;-0.0017;-0.7107;-0.7998;0.5496;25.841021
1283;18122;-0.0017;-0.7114;-0.8011;0.5389;25.841022
1283;18123;-0.0017;-0.7115;-0.8017;0.5337;25.841023
1283;18124;-0.0017;-0.7114;-0.8020;0.5324;25.841024
1283;18125;-0.0017;-0.7115;-0.8026;0.5245;25.841025
1283;18126;-0.0017;-0.7112;-0.8028;0.5100;25.841026
1283;18127;-0.0017;-0.7114;-0.8036;0.4890;25.841027
1283;18128;-0.0017;-0.7118;-0.8044;0.4601;25.841028
1283;18129;-0.0017;-0.7123;-0.8056;0.4246;25.841029
1283;18130;-0.0017;-0.7135;-0.8074;0.3773;25.841030
1283;18131;-0.0017;-0.7153;-0.8099;0.3163;25.841031
1283;18132;-0.0017;-0.7178;-0.8133;0.2590;25.841032
1283;18133;-0.0017;-0.7214;-0.8178;0.2112;25.841033
1283;18134;-0.0017;-0.7264;-0.8241;0.1828;25.841034
1283;18135;-0.0018;-0.7311;-0.8299;0.1630;25.841035
1283;18136;-0.0018;-0.7333;-0.8329;0.1481;25.841036
1283;18137;-0.0018;-0.7344;-0.8346;0.1387;25.841037
1283;18138;-0.0018;-0.7348;-0.8356;0.1340;25.841038
1283;18139;-0.0018;-0.7349;-0.8362;0.1335;25.841039
1283;18140;-0.0018;-0.7353;-0.8373;0.1340;25.841040
1283;18141;-0.0018;-0.7358;-0.8382;0.1326;25.841041
1283;18142;-0.0018;-0.7362;-0.8393;0.1323;25.841042
1283;18143;-0.0018;-0.7363;-0.8399;0.1330;25.841043
1283;18144;-0.0018;-0.7351;-0.8391;0.1338;25.841044
1283;18145;-0.0018;-0.7333;-0.8376;0.1353;25.841045
1283;18146;-0.0018;-0.7320;-0.8365;0.1359;25.841046
1283;18147;-0.0018;-0.7319;-0.8370;0.1356;25.841047
1283;18148;-0.0018;-0.7327;-0.8384;0.1342;25.841048
1283;18149;-0.0018;-0.7339;-0.8404;0.1350;25.841049
1283;18150;-0.0018;-0.7357;-0.8428;0.1364;25.841050
1283;18151;-0.0018;-0.7371;-0.8450;0.1369;25.841051
1283;18152;-0.0018;-0.7374;-0.8459;0.1379;25.841052
1283;18153;-0.0018;-0.7365;-0.8453;0.1357;25.841053
1283;18154;-0.0018;-0.7349;-0.8441;0.1363;25.841054
1283;18155;-0.0018;-0.7349;-0.8446;0.1364;25.841055
1283;18156;-0.0018;-0.7348;-0.8450;0.1335;25.841056
1283;18157;-0.0018;-0.7336;-0.8441;0.1312;25.841057
1283;18158;-0.0018;-0.7341;-0.8453;0.1314;25.841058
1283;18159;-0.0018;-0.7350;-0.8468;0.1302;25.841059
1283;18160;-0.0018;-0.7351;-0.8475;0.1323;25.841060
1283;18161;-0.0018;-0.7357;-0.8486;0.1331;25.841061
1283;18162;-0.0018;-0.7354;-0.8488;0.1327;25.841062
1283;18163;-0.0018;-0.7338;-0.8474;0.1325;25.841063
1283;18164;-0.0018;-0.7339;-0.8482;0.1322;25.841064
1283;18165;-0.0018;-0.7356;-0.8507;0.1345;25.841065
1283;18166;-0.0018;-0.7363;-0.8520;0.1353;25.841066
1283;18167;-0.0018;-0.7357;-0.8518;0.1348;25.841067
1283;18168;-0.0018;-0.7358;-0.8524;0.1369;25.841068
1283;18169;-0.0018;-0.7360;-0.8532;0.1369;25.841069
1283;18170;-0.0018;-0.7356;-0.8532;0.1366;25.841070
1283;18171;-0.0018;-0.7352;-0.8534;0.1353;25.841071
1283;18172;-0.0018;-0.7350;-0.8536;0.1326;25.841072
1283;18173;-0.0018;-0.7343;-0.8534;0.1321;25.841073
1283;18174;-0.0018;-0.7335;-0.8529;0.1323;25.841074
1283;18175;-0.0018;-0.7329;-0.8528;0.1313;25.841075
1283;18176;-0.0018;-0.7340;-0.8545;0.1306;25.841076
1283;18177;-0.0018;-0.7351;-0.8563;0.1302;25.841077
1283;18178;-0.0018;-0.7350;-0.8568;0.1297;25.841078
1283;18179;-0.0018;-0.7350;-0.8574;0.1304;25.841079
1283;18180;-0.0018;-0.7362;-0.8593;0.1304;25.841080
1283;18181;-0.0018;-0.7367;-0.8604;0.1287;25.841081
1283;18182;-0.0018;-0.7357;-0.8598;0.1270;25.841082
1283;18183;-0.0018;-0.7351;-0.8595;0.1296;25.841083
1283;18184;-0.0018;-0.7361;-0.8613;0.1313;25.841084
1283;18185;-0.0018;-0.7374;-0.8633;0.1300;25.841085
1283;18186;-0.0018;-0.7374;-0.8639;0.1286;25.841086
1283;18187;-0.0018;-0.7370;-0.8639;0.1287;25.841087
1283;18188;-0.0018;-0.7369;-0.8644;0.1299;25.841088
1283;18189;-0.0018;-0.7369;-0.8649;0.1310;25.841089
1283;18190;-0.0018;-0.7363;-0.8648;0.1318;25.841090
1283;18191;-0.0018;-0.7356;-0.8644;0.1311;25.841091
1283;18192;-0.0018;-0.7354;-0.8647;0.1288;25.841092
1283;18193;-0.0018;-0.7361;-0.8662;0.1272;25.841093
1283;18194;-0.0018;-0.7359;-0.8664;0.1263;25.841094
1283;18195;-0.0018;-0.7353;-0.8663;0.1279;25.841095
1283;18196;-0.0018;-0.7358;-0.8674;0.1315;25.841096
1283;18197;-0.0018;-0.7364;-0.8687;0.1323;25.841097
1283;18198;-0.0018;-0.7362;-0.8689;0.1321;25.841098
1283;18199;-0.0018;-0.7357;-0.8689;0.1312;25.841099
1283;18200;-0.0018;-0.7362;-0.8701;0.1319;25.841100
1283;18201;-0.0018;-0.7365;-0.8710;0.1328;25.841101
1283;18202;-0.0018;-0.7363;-0.8712;0.1344;25.841102
1283;18203;-0.0018;-0.7361;-0.8716;0.1369;25.841103
1283;18204;-0.0018;-0.7365;-0.8726;0.1370;25.841104
1283;18205;-0.0018;-0.7363;-0.8728;0.1339;25.841105
1283;18206;-0.0018;-0.7360;-0.8730;0.1318;25.841106
1283;18207;-0.0018;-0.7365;-0.8742;0.1307;25.841107
1283;18208;-0.0018;-0.7371;-0.8756;0.1300;25.841108
1283;18209;-0.0018;-0.7371;-0.8760;0.1292;25.841109
1283;18210;-0.0018;-0.7362;-0.8755;0.1297;25.841110
1283;18211;-0.0018;-0.7356;-0.8752;0.1318;25.841111
1283;18212;-0.0019;-0.7362;-0.8765;0.1328;25.841112
1283;18213;-0.0019;-0.7373;-0.8784;0.1331;25.841113
1283;18214;-0.0019;-0.7372;-0.8789;0.1319;25.841114
1283;18215;-0.0019;-0.7364;-0.8784;0.1295;25.841115
1283;18216;-0.0019;-0.7364;-0.8790;0.1283;25.841116
1283;18217;-0.0019;-0.7360;-0.8790;0.1287;25.841117
1283;18218;-0.0018;-0.7345;-0.8778;0.1299;25.841118
1283;18219;-0.0019;-0.7341;-0.8779;0.1311;25.841119
1283;18220;-0.0019;-0.7347;-0.8792;0.1305;25.841120
1283;18221;-0.0019;-0.7348;-0.8798;0.1307;25.841121
1283;18222;-0.0019;-0.7345;-0.8800;0.1298;25.841122
1283;18223;-0.0019;-0.7346;-0.8807;0.1287;25.841123
1283;18224;-0.0019;-0.7362;-0.8831;0.1299;25.841124
1283;18225;-0.0019;-0.7368;-0.8844;0.1285;25.841125
1283;18226;-0.0019;-0.7356;-0.8835;0.1312;25.841126
1283;18227;-0.0019;-0.7346;-0.8829;0.1325;25.841127
1283;18228;-0.0019;-0.7354;-0.8843;0.1302;25.841128
1283;18229;-0.0019;-0.7366;-0.8863;0.1297;25.841129
1283;18230;-0.0019;-0.7363;-0.8866;0.1277;25.841130
1283;18231;-0.0019;-0.7353;-0.8859;0.1264;25.841131
1283;18232;-0.0019;-0.7345;-0.8855;0.1276;25.841132
1283;18233;-0.0019;-0.7347;-0.8863;0.1293;25.841133
1283;18234;-0.0019;-0.7360;-0.8884;0.1313;25.841134
1283;18235;-0.0019;-0.7365;-0.8895;0.1319;25.841135
1283;18236;-0.0019;-0.7357;-0.8892;0.1298;25.841136
1283;18237;-0.0019;-0.7343;-0.8880;0.1266;25.841137
1283;18238;-0.0019;-0.7332;-0.8873;0.1262;25.841138
1283;18239;-0.0019;-0.7330;-0.8875;0.1296;25.841139
1283;18240;-0.0019;-0.7337;-0.8890;0.1312;25.841140
1283;18241;-0.0019;-0.7343;-0.8903;0.1304;25.841141
1283;18242;-0.0019;-0.7354;-0.8921;0.1285;25.841142
1283;18243;-0.0019;-0.7365;-0.8942;0.1271;25.841143
1283;18244;-0.0019;-0.7361;-0.8940;0.1264;25.841144
1283;18245;-0.0019;-0.7351;-0.8935;0.1267;25.841145
1283;18246;-0.0019;-0.7345;-0.8933;0.1271;25.841146
1283;18247;-0.0019;-0.7346;-0.8940;0.1252;25.841147
1283;18248;-0.0019;-0.7348;-0.8948;0.1224;25.841148
1283;18249;-0.0019;-0.7354;-0.8960;0.1228;25.841149
1283;18250;-0.0019;-0.7361;-0.8974;0.1229;25.841150
1283;18251;-0.0019;-0.7359;-0.8978;0.1239;25.841151
1283;18252;-0.0019;-0.7355;-0.8979;0.1250;25.841152
1283;18253;-0.0019;-0.7352;-0.8981;0.1260;25.841153
1283;18254;-0.0019;-0.7348;-0.8981;0.1268;25.841154
1283;18255;-0.0019;-0.7352;-0.8992;0.1279;25.841155
1283;18256;-0.0019;-0.7355;-0.9002;0.1286;25.841156
1283;18257;-0.0019;-0.7354;-0.9005;0.1286;25.841157
1283;18258;-0.0019;-0.7357;-0.9015;0.1275;25.841158
1283;18259;-0.0019;-0.7354;-0.9017;0.1272;25.841159
1283;18260;-0.0019;-0.7347;-0.9014;0.1264;25.841160
1283;18261;-0.0019;-0.7343;-0.9014;0.1243;25.841161
1283;18262;-0.0019;-0.7341;-0.9018;0.1229;25.841162
1283;18263;-0.0019;-0.7336;-0.9017;0.1227;25.841163
1283;18264;-0.0019;-0.7333;-0.9020;0.1247;25.841164
1283;18265;-0.0019;-0.7342;-0.9036;0.1259;25.841165
1283;18266;-0.0019;-0.7345;-0.9046;0.1274;25.841166
1283;18267;-0.0019;-0.7343;-0.9048;0.1290;25.841167
1283;18268;-0.0019;-0.7332;-0.9041;0.1297;25.841168
1283;18269;-0.0019;-0.7322;-0.9034;0.1287;25.841169
1283;18270;-0.0019;-0.7324;-0.9042;0.1264;25.841170
1283;18271;-0.0019;-0.7333;-0.9059;0.1251;25.841171
1283;18272;-0.0019;-0.7335;-0.9066;0.1241;25.841172
1283;18273;-0.0019;-0.7330;-0.9066;0.1229;25.841173
1283;18274;-0.0019;-0.7330;-0.9072;0.1236;25.841174
1283;18275;-0.0019;-0.7339;-0.9090;0.1251;25.841175
1283;18276;-0.0019;-0.7341;-0.9097;0.1263;25.841176
1283;18277;-0.0019;-0.7332;-0.9092;0.1260;25.841177
1283;18278;-0.0019;-0.7329;-0.9095;0.1242;25.841178
1283;18279;-0.0019;-0.7329;-0.9100;0.1239;25.841179
1283;18280;-0.0019;-0.7334;-0.9112;0.1262;25.841180
1283;18281;-0.0019;-0.7344;-0.9130;0.1272;25.841181
1283;18282;-0.0019;-0.7348;-0.9141;0.1272;25.841182
1283;18283;-0.0019;-0.7345;-0.9142;0.1247;25.841183
1283;18284;-0.0019;-0.7338;-0.9140;0.1224;25.841184
1283;18285;-0.0019;-0.7337;-0.9144;0.1218;25.841185
1283;18286;-0.0019;-0.7346;-0.9161;0.1218;25.841186
1283;18287;-0.0019;-0.7358;-0.9181;0.1229;25.841187
1283;18288;-0.0019;-0.7364;-0.9194;0.1231;25.841188
1283;18289;-0.0019;-0.7362;-0.9198;0.1238;25.841189
1283;18290;-0.0019;-0.7355;-0.9196;0.1252;25.841190
1283;18291;-0.0019;-0.7348;-0.9193;0.1259;25.841191
1283;18292;-0.0019;-0.7344;-0.9192;0.1266;25.841192
1283;18293;-0.0019;-0.7347;-0.9203;0.1262;25.841193
1283;18294;-0.0019;-0.7351;-0.9213;0.1248;25.841194
1283;18295;-0.0019;-0.7352;-0.9221;0.1245;25.841195
1283;18296;-0.0019;-0.7350;-0.9223;0.1243;25.841196
1283;18297;-0.0019;-0.7339;-0.9216;0.1249;25.841197
1283;18298;-0.0019;-0.7337;-0.9218;0.1246;25.841198
1283;18299;-0.0019;-0.7341;-0.9230;0.1230;25.841199
1283;18300;-0.0019;-0.7344;-0.9239;0.1205;25.841200
1283;18301;-0.0019;-0.7343;-0.9244;0.1195;25.841201
1283;18302;-0.0019;-0.7343;-0.9249;0.1198;25.841202
1283;18303;-0.0019;-0.7350;-0.9265;0.1207;25.841203
1283;18304;-0.0019;-0.7352;-0.9273;0.1203;25.841204
1283;18305;-0.0019;-0.7343;-0.9267;0.1202;25.841205
1283;18306;-0.0019;-0.7342;-0.9272;0.1186;25.841206
1283;18307;-0.0019;-0.7344;-0.9279;0.1163;25.841207
1283;18308;-0.0019;-0.7340;-0.9282;0.1155;25.841208
1283;18309;-0.0020;-0.7349;-0.9298;0.1173;25.841209
1283;18310;-0.0020;-0.7350;-0.9306;0.1203;25.841210
1283;18311;-0.0020;-0.7343;-0.9302;0.1216;25.841211
1283;18312;-0.0020;-0.7347;-0.9314;0.1210;25.841212
1283;18313;-0.0020;-0.7347;-0.9320;0.1220;25.841213
1283;18314;-0.0020;-0.7343;-0.9320;0.1240;25.841214
1283;18315;-0.0020;-0.7338;-0.9320;0.1250;25.841215
1283;18316;-0.0020;-0.7339;-0.9326;0.1235;25.841216
1283;18317;-0.0020;-0.7340;-0.9334;0.1212;25.841217
1283;18318;-0.0020;-0.7332;-0.9329;0.1206;25.841218
1283;18319;-0.0020;-0.7327;-0.9330;0.1230;25.841219
1283;18320;-0.0020;-0.7318;-0.9323;0.1254;25.841220
1283;18321;-0.0020;-0.7303;-0.9310;0.1246;25.841221
1283;18322;-0.0020;-0.7301;-0.9313;0.1227;25.841222
1283;18323;-0.0020;-0.7310;-0.9331;0.1233;25.841223
1283;18324;-0.0020;-0.7317;-0.9346;0.1233;25.841224
1283;18325;-0.0020;-0.7317;-0.9352;0.1230;25.841225
1283;18326;-0.0020;-0.7320;-0.9362;0.1225;25.841226
1283;18327;-0.0020;-0.7331;-0.9382;0.1203;25.841227
1283;18328;-0.0020;-0.7344;-0.9405;0.1205;25.841228
1283;18329;-0.0020;-0.7344;-0.9411;0.1213;25.841229
1283;18330;-0.0020;-0.7338;-0.9409;0.1220;25.841230
1283;18331;-0.0020;-0.7341;-0.9418;0.1216;25.841231
1283;18332;-0.0020;-0.7333;-0.9414;0.1192;25.841232
1283;18333;-0.0020;-0.7315;-0.9396;0.1181;25.841233
1283;18334;-0.0020;-0.7310;-0.9396;0.1166;25.841234
1283;18335;-0.0020;-0.7317;-0.9412;0.1161;25.841235
1283;18336;-0.0020;-0.7324;-0.9426;0.1176;25.841236
1283;18337;-0.0020;-0.7327;-0.9436;0.1184;25.841237
1283;18338;-0.0020;-0.7331;-0.9447;0.1167;25.841238
1283;18339;-0.0020;-0.7332;-0.9454;0.1160;25.841239
1283;18340;-0.0020;-0.7324;-0.9450;0.1176;25.841240
1283;18341;-0.0020;-0.7311;-0.9439;0.1201;25.841241
1283;18342;-0.0020;-0.7311;-0.9445;0.1216;25.841242
1283;18343;-0.0020;-0.7328;-0.9473;0.1223;25.841243
1283;18344;-0.0020;-0.7340;-0.9495;0.1203;25.841244
1283;18345;-0.0020;-0.7326;-0.9483;0.1208;25.841245
1283;18346;-0.0020;-0.7318;-0.9478;0.1196;25.841246
1283;18347;-0.0020;-0.7320;-0.9488;0.1183;25.841247
1283;18348;-0.0020;-0.7316;-0.9488;0.1197;25.841248
1283;18349;-0.0020;-0.7321;-0.9500;0.1223;25.841249
1283;18350;-0.0020;-0.7325;-0.9512;0.1221;25.841250
1283;18351;-0.0020;-0.7320;-0.9511;0.1214;25.841251
1283;18352;-0.0020;-0.7323;-0.9520;0.1210;25.841252
1283;18353;-0.0020;-0.7322;-0.9526;0.1220;25.841253
1283;18354;-0.0020;-0.7314;-0.9521;0.1213;25.841254
1283;18355;-0.0020;-0.7313;-0.9526;0.1192;25.841255
1283;18356;-0.0020;-0.7320;-0.9542;0.1190;25.841256
1283;18357;-0.0020;-0.7325;-0.9554;0.1191;25.841257
1283;18358;-0.0020;-0.7323;-0.9557;0.1190;25.841258
1283;18359;-0.0020;-0.7316;-0.9554;0.1187;25.841259
1283;18360;-0.0020;-0.7320;-0.9565;0.1182;25.841260
1283;18361;-0.0020;-0.7328;-0.9582;0.1179;25.841261
1283;18362;-0.0020;-0.7322;-0.9581;0.1176;25.841262
1283;18363;-0.0020;-0.7317;-0.9579;0.1162;25.841263
1283;18364;-0.0020;-0.7318;-0.9588;0.1149;25.841264
1283;18365;-0.0020;-0.7320;-0.9595;0.1148;25.841265
1283;18366;-0.0020;-0.7329;-0.9614;0.1151;25.841266
1283;18367;-0.0020;-0.7339;-0.9633;0.1137;25.841267
1283;18368;-0.0020;-0.7335;-0.9633;0.1125;25.841268
1283;18369;-0.0020;-0.7324;-0.9626;0.1125;25.841269
1283;18370;-0.0020;-0.7318;-0.9623;0.1128;25.841270
1283;18371;-0.0020;-0.7313;-0.9623;0.1132;25.841271
1283;18372;-0.0020;-0.7317;-0.9635;0.1126;25.841272
1283;18373;-0.0020;-0.7329;-0.9657;0.1117;25.841273
1283;18374;-0.0020;-0.7336;-0.9672;0.1127;25.841274
1283;18375;-0.0020;-0.7329;-0.9670;0.1142;25.841275
1283;18376;-0.0020;-0.7325;-0.9670;0.1155;25.841276
1283;18377;-0.0020;-0.7329;-0.9681;0.1154;25.841277
1283;18378;-0.0020;-0.7320;-0.9677;0.1151;25.841278
1283;18379;-0.0020;-0.7306;-0.9663;0.1141;25.841279
1283;18380;-0.0020;-0.7313;-0.9679;0.1120;25.841280
1283;18381;-0.0020;-0.7317;-0.9690;0.1106;25.841281
1283;18382;-0.0020;-0.7313;-0.9691;0.1122;25.841282
1283;18383;-0.0020;-0.7312;-0.9696;0.1150;25.841283
1283;18384;-0.0020;-0.7318;-0.9710;0.1172;25.841284
1283;18385;-0.0020;-0.7317;-0.9715;0.1184;25.841285
1283;18386;-0.0020;-0.7305;-0.9705;0.1181;25.841286
1283;18387;-0.0020;-0.7308;-0.9715;0.1180;25.841287
1283;18388;-0.0020;-0.7317;-0.9734;0.1206;25.841288
1283;18389;-0.0020;-0.7321;-0.9745;0.1225;25.841289
1283;18390;-0.0020;-0.7323;-0.9754;0.1205;25.841290
1283;18391;-0.0020;-0.7329;-0.9768;0.1168;25.841291
1283;18392;-0.0020;-0.7323;-0.9766;0.1165;25.841292
1283;18393;-0.0020;-0.7314;-0.9761;0.1173;25.841293
1283;18394;-0.0020;-0.7317;-0.9771;0.1158;25.841294
1283;18395;-0.0020;-0.7317;-0.9777;0.1166;25.841295
1283;18396;-0.0020;-0.7307;-0.9770;0.1180;25.841296
1283;18397;-0.0020;-0.7305;-0.9774;0.1174;25.841297
1283;18398;-0.0020;-0.7318;-0.9797;0.1149;25.841298
1283;18399;-0.0021;-0.7329;-0.9818;0.1127;25.841299
1283;18400;-0.0021;-0.7323;-0.9816;0.1137;25.841300
1283;18401;-0.0021;-0.7317;-0.9815;0.1141;25.841301
1283;18402;-0.0021;-0.7322;-0.9828;0.1131;25.841302
1283;18403;-0.0021;-0.7315;-0.9824;0.1117;25.841303
1283;18404;-0.0020;-0.7295;-0.9804;0.1121;25.841304
1283;18405;-0.0021;-0.7301;-0.9818;0.1153;25.841305
1283;18406;-0.0021;-0.7324;-0.9855;0.1171;25.841306
1283;18407;-0.0021;-0.7331;-0.9871;0.1169;25.841307
1283;18408;-0.0021;-0.7333;-0.9881;0.1152;25.841308
1283;18409;-0.0021;-0.7330;-0.9883;0.1146;25.841309
1283;18410;-0.0021;-0.7320;-0.9876;0.1163;25.841310
1283;18411;-0.0021;-0.7305;-0.9862;0.1166;25.841311
1283;18412;-0.0021;-0.7299;-0.9860;0.1154;25.841312
1283;18413;-0.0021;-0.7310;-0.9881;0.1137;25.841313
1283;18414;-0.0021;-0.7323;-0.9905;0.1119;25.841314
1283;18415;-0.0021;-0.7331;-0.9923;0.1120;25.841315
1283;18416;-0.0021;-0.7328;-0.9924;0.1122;25.841316
1283;18417;-0.0021;-0.7322;-0.9923;0.1114;25.841317
1283;18418;-0.0021;-0.7318;-0.9924;0.1090;25.841318
1283;18419;-0.0021;-0.7310;-0.9920;0.1089;25.841319
1283;18420;-0.0021;-0.7309;-0.9924;0.1102;25.841320
1283;18421;-0.0021;-0.7307;-0.9929;0.1099;25.841321
1283;18422;-0.0021;-0.7307;-0.9934;0.1080;25.841322
1283;18423;-0.0021;-0.7309;-0.9944;0.1066;25.841323
1283;18424;-0.0021;-0.7318;-0.9962;0.1076;25.841324
1283;18425;-0.0021;-0.7327;-0.9980;0.1106;25.841325
1283;18426;-0.0021;-0.7320;-0.9976;0.1112;25.841326
1283;18427;-0.0021;-0.7316;-0.9979;0.1104;25.841327
1283;18428;-0.0021;-0.7325;-0.9996;0.1113;25.841328
1283;18429;-0.0021;-0.7320;-0.9997;0.1124;25.841329
1283;18430;-0.0021;-0.7311;-0.9991;0.1135;25.841330
1283;18431;-0.0021;-0.7310;-0.9996;0.1133;25.841331
1283;18432;-0.0021;-0.7311;-1.0004;0.1106;25.841332
1283;18433;-0.0021;-0.7316;-1.0016;0.1071;25.841333
1283;18434;-0.0021;-0.7321;-1.0030;0.1063;25.841334
1283;18435;-0.0021;-0.7314;-1.0026;0.1069;25.841335
1283;18436;-0.0021;-0.7305;-1.0022;0.1078;25.841336
1283;18437;-0.0021;-0.7305;-1.0028;0.1082;25.841337
1283;18438;-0.0021;-0.7314;-1.0047;0.1077;25.841338
1283;18439;-0.0021;-0.7327;-1.0071;0.1079;25.841339
1283;18440;-0.0021;-0.7330;-1.0082;0.1093;25.841340
1283;18441;-0.0021;-0.7313;-1.0065;0.1116;25.841341
1283;18442;-0.0021;-0.7301;-1.0054;0.1132;25.841342
1283;18443;-0.0021;-0.7302;-1.0062;0.1140;25.841343
1283;18444;-0.0021;-0.7301;-1.0068;0.1141;25.841344
1283;18445;-0.0021;-0.7307;-1.0083;0.1141;25.841345
1283;18446;-0.0021;-0.7318;-1.0105;0.1122;25.841346
1283;18447;-0.0021;-0.7326;-1.0122;0.1103;25.841347
1283;18448;-0.0021;-0.7329;-1.0133;0.1092;25.841348
1283;18449;-0.0021;-0.7326;-1.0136;0.1082;25.841349
1283;18450;-0.0021;-0.7324;-1.0138;0.1083;25.841350
1283;18451;-0.0021;-0.7323;-1.0143;0.1089;25.841351
1283;18452;-0.0021;-0.7318;-1.0144;0.1094;25.841352
1283;18453;-0.0021;-0.7318;-1.0150;0.1092;25.841353
1283;18454;-0.0021;-0.7315;-1.0152;0.1101;25.841354
1283;18455;-0.0021;-0.7310;-1.0152;0.1105;25.841355
1283;18456;-0.0021;-0.7318;-1.0170;0.1106;25.841356
1283;18457;-0.0021;-0.7318;-1.0175;0.1116;25.841357
1283;18458;-0.0021;-0.7308;-1.0169;0.1108;25.841358
1283;18459;-0.0021;-0.7310;-1.0178;0.1117;25.841359
1283;18460;-0.0021;-0.7320;-1.0199;0.1122;25.841360
1283;18461;-0.0021;-0.7324;-1.0211;0.1089;25.841361
1283;18462;-0.0021;-0.7313;-1.0202;0.1060;25.841362
1283;18463;-0.0021;-0.7306;-1.0199;0.1056;25.841363
1283;18464;-0.0021;-0.7312;-1.0214;0.1070;25.841364
1283;18465;-0.0021;-0.7311;-1.0219;0.1078;25.841365
1283;18466;-0.0021;-0.7315;-1.0232;0.1080;25.841366
1283;18467;-0.0021;-0.7328;-1.0257;0.1062;25.841367
1283;18468;-0.0021;-0.7331;-1.0267;0.1054;25.841368
1283;18469;-0.0021;-0.7327;-1.0268;0.1055;25.841369
1283;18470;-0.0021;-0.7323;-1.0269;0.1056;25.841370
1283;18471;-0.0021;-0.7324;-1.0277;0.1057;25.841371
1283;18472;-0.0021;-0.7322;-1.0281;0.1067;25.841372
1283;18473;-0.0021;-0.7314;-1.0277;0.1071;25.841373
1283;18474;-0.0021;-0.7305;-1.0271;0.1069;25.841374
1283;18475;-0.0021;-0.7289;-1.0256;0.1071;25.841375
1283;18476;-0.0021;-0.7284;-1.0255;0.1048;25.841376
1283;18477;-0.0021;-0.7298;-1.0281;0.1019;25.841377
1283;18478;-0.0021;-0.7306;-1.0298;0.1020;25.841378
1283;18479;-0.0021;-0.7308;-1.0308;0.1034;25.841379
1283;18480;-0.0022;-0.7313;-1.0322;0.1048;25.841380
1283;18481;-0.0022;-0.7320;-1.0339;0.1071;25.841381
1283;18482;-0.0022;-0.7326;-1.0355;0.1080;25.841382
1283;18483;-0.0022;-0.7328;-1.0363;0.1071;25.841383
1283;18484;-0.0022;-0.7321;-1.0361;0.1061;25.841384
1283;18485;-0.0022;-0.7312;-1.0354;0.1049;25.841385
1283;18486;-0.0022;-0.7310;-1.0358;0.1042;25.841386
1283;18487;-0.0022;-0.7320;-1.0379;0.1033;25.841387
1283;18488;-0.0022;-0.7334;-1.0406;0.1035;25.841388
1283;18489;-0.0022;-0.7336;-1.0414;0.1031;25.841389
1283;18490;-0.0022;-0.7319;-1.0399;0.1023;25.841390
1283;18491;-0.0022;-0.7302;-1.0380;0.1029;25.841391
1283;18492;-0.0022;-0.7296;-1.0379;0.1015;25.841392
1283;18493;-0.0022;-0.7294;-1.0383;0.0998;25.841393
1283;18494;-0.0022;-0.7306;-1.0406;0.0998;25.841394
1283;18495;-0.0022;-0.7319;-1.0433;0.1015;25.841395
1283;18496;-0.0022;-0.7326;-1.0449;0.1024;25.841396
1283;18497;-0.0022;-0.7327;-1.0457;0.1021;25.841397
1283;18498;-0.0022;-0.7318;-1.0451;0.1020;25.841398
1283;18499;-0.0022;-0.7314;-1.0452;0.1019;25.841399
1283;18500;-0.0022;-0.7322;-1.0469;0.1017;25.841400
1283;18501;-0.0022;-0.7331;-1.0490;0.1015;25.841401
1283;18502;-0.0022;-0.7334;-1.0502;0.1002;25.841402
1283;18503;-0.0022;-0.7329;-1.0501;0.1014;25.841403
1283;18504;-0.0022;-0.7321;-1.0496;0.1049;25.841404
1283;18505;-0.0022;-0.7326;-1.0510;0.1043;25.841405
1283;18506;-0.0022;-0.7335;-1.0531;0.1039;25.841406
1283;18507;-0.0022;-0.7337;-1.0539;0.1043;25.841407
1283;18508;-0.0022;-0.7335;-1.0544;0.1041;25.841408
1283;18509;-0.0022;-0.7334;-1.0550;0.1039;25.841409
1283;18510;-0.0022;-0.7325;-1.0545;0.1036;25.841410
1283;18511;-0.0022;-0.7313;-1.0532;0.1023;25.841411
1283;18512;-0.0022;-0.7306;-1.0530;0.1005;25.841412
1283;18513;-0.0022;-0.7311;-1.0544;0.1000;25.841413
1283;18514;-0.0022;-0.7318;-1.0562;0.1012;25.841414
1283;18515;-0.0022;-0.7313;-1.0560;0.1025;25.841415
1283;18516;-0.0022;-0.7309;-1.0562;0.1031;25.841416
1283;18517;-0.0022;-0.7318;-1.0581;0.1042;25.841417
1283;18518;-0.0022;-0.7331;-1.0607;0.1042;25.841418
1283;18519;-0.0022;-0.7335;-1.0621;0.1012;25.841419
1283;18520;-0.0022;-0.7328;-1.0617;0.1001;25.841420
1283;18521;-0.0022;-0.7325;-1.0619;0.0991;25.841421
1283;18522;-0.0022;-0.7322;-1.0622;0.0980;25.841422
1283;18523;-0.0022;-0.7322;-1.0629;0.0978;25.841423
1283;18524;-0.0022;-0.7327;-1.0642;0.0990;25.841424
1283;18525;-0.0022;-0.7335;-1.0662;0.0983;25.841425
1283;18526;-0.0022;-0.7343;-1.0680;0.0968;25.841426
1283;18527;-0.0022;-0.7340;-1.0684;0.0969;25.841427
1283;18528;-0.0022;-0.7325;-1.0669;0.0977;25.841428
1283;18529;-0.0022;-0.7317;-1.0664;0.0987;25.841429
1283;18530;-0.0022;-0.7328;-1.0686;0.1002;25.841430
1283;18531;-0.0022;-0.7339;-1.0710;0.1018;25.841431
1283;18532;-0.0022;-0.7337;-1.0715;0.1019;25.841432
1283;18533;-0.0022;-0.7334;-1.0717;0.1009;25.841433
1283;18534;-0.0022;-0.7326;-1.0713;0.1002;25.841434
1283;18535;-0.0022;-0.7317;-1.0706;0.0985;25.841435
1283;18536;-0.0022;-0.7319;-1.0716;0.0976;25.841436
1283;18537;-0.0022;-0.7329;-1.0737;0.0985;25.841437
1283;18538;-0.0022;-0.7338;-1.0758;0.0985;25.841438
1283;18539;-0.0022;-0.7339;-1.0767;0.0984;25.841439
1283;18540;-0.0022;-0.7339;-1.0774;0.0981;25.841440
1283;18541;-0.0022;-0.7340;-1.0782;0.0975;25.841441
1283;18542;-0.0022;-0.7330;-1.0776;0.0971;25.841442
1283;18543;-0.0022;-0.7328;-1.0780;0.0963;25.841443
1283;18544;-0.0022;-0.7331;-1.0791;0.0952;25.841444
1283;18545;-0.0022;-0.7328;-1.0793;0.0955;25.841445
1283;18546;-0.0022;-0.7324;-1.0793;0.0944;25.841446
1283;18547;-0.0022;-0.7319;-1.0794;0.0927;25.841447
1283;18548;-0.0022;-0.7329;-1.0815;0.0908;25.841448
1283;18549;-0.0023;-0.7352;-1.0857;0.0897;25.841449
1283;18550;-0.0023;-0.7360;-1.0875;0.0932;25.841450
1283;18551;-0.0023;-0.7348;-1.0866;0.0983;25.841451
1283;18552;-0.0023;-0.7335;-1.0853;0.1026;25.841452
1283;18553;-0.0023;-0.7327;-1.0848;0.1043;25.841453
1283;18554;-0.0023;-0.7328;-1.0858;0.1043;25.841454
1283;18555;-0.0023;-0.7338;-1.0879;0.1021;25.841455
1283;18556;-0.0023;-0.7347;-1.0899;0.1008;25.841456
1283;18557;-0.0023;-0.7347;-1.0907;0.1019;25.841457
1283;18558;-0.0023;-0.7346;-1.0912;0.1034;25.841458
1283;18559;-0.0023;-0.7339;-1.0910;0.1032;25.841459
1283;18560;-0.0023;-0.7335;-1.0911;0.1024;25.841460
1283;18561;-0.0023;-0.7340;-1.0926;0.1004;25.841461
1283;18562;-0.0023;-0.7340;-1.0933;0.1005;25.841462
1283;18563;-0.0023;-0.7339;-1.0938;0.1007;25.841463
1283;18564;-0.0023;-0.7333;-1.0938;0.0991;25.841464
1283;18565;-0.0023;-0.7336;-1.0948;0.0980;25.841465
1283;18566;-0.0023;-0.7344;-1.0968;0.0973;25.841466
1283;18567;-0.0023;-0.7347;-1.0980;0.0966;25.841467
1283;18568;-0.0023;-0.7354;-1.0998;0.0976;25.841468
1283;18569;-0.0023;-0.7355;-1.1006;0.0983;25.841469
1283;18570;-0.0023;-0.7344;-1.0997;0.1006;25.841470
1283;18571;-0.0023;-0.7335;-1.0991;0.1010;25.841471
1283;18572;-0.0023;-0.7338;-1.1003;0.1001;25.841472
1283;18573;-0.0023;-0.7343;-1.1019;0.0995;25.841473
1283;18574;-0.0023;-0.7341;-1.1022;0.0983;25.841474
1283;18575;-0.0023;-0.7338;-1.1026;0.0970;25.841475
1283;18576;-0.0023;-0.7344;-1.1041;0.0955;25.841476
1283;18577;-0.0023;-0.7348;-1.1055;0.0937;25.841477
1283;18578;-0.0023;-0.7344;-1.1056;0.0929;25.841478
1283;18579;-0.0023;-0.7337;-1.1052;0.0930;25.841479
1283;18580;-0.0023;-0.7347;-1.1075;0.0929;25.841480
1283;18581;-0.0023;-0.7364;-1.1108;0.0918;25.841481
1283;18582;-0.0023;-0.7364;-1.1117;0.0923;25.841482
1283;18583;-0.0023;-0.7354;-1.1109;0.0933;25.841483
1283;18584;-0.0023;-0.7344;-1.1100;0.0936;25.841484
1283;18585;-0.0023;-0.7337;-1.1096;0.0939;25.841485
1283;18586;-0.0023;-0.7335;-1.1102;0.0951;25.841486
1283;18587;-0.0023;-0.7333;-1.1106;0.0954;25.841487
1283;18588;-0.0023;-0.7335;-1.1117;0.0941;25.841488
1283;18589;-0.0023;-0.7346;-1.1140;0.0909;25.841489
1283;18590;-0.0023;-0.7346;-1.1148;0.0897;25.841490
1283;18591;-0.0023;-0.7344;-1.1152;0.0914;25.841491
1283;18592;-0.0023;-0.7338;-1.1151;0.0932;25.841492
1283;18593;-0.0023;-0.7330;-1.1145;0.0944;25.841493
1283;18594;-0.0023;-0.7328;-1.1149;0.0946;25.841494
1283;18595;-0.0023;-0.7326;-1.1155;0.0939;25.841495
1283;18596;-0.0023;-0.7340;-1.1183;0.0941;25.841496
1283;18597;-0.0023;-0.7358;-1.1218;0.0941;25.841497
1283;18598;-0.0023;-0.7352;-1.1216;0.0940;25.841498
1283;18599;-0.0023;-0.7342;-1.1209;0.0945;25.841499
1283;18600;-0.0023;-0.7348;-1.1224;0.0928;25.841500
1283;18601;-0.0023;-0.7353;-1.1240;0.0922;25.841501
1283;18602;-0.0023;-0.7347;-1.1239;0.0915;25.841502
1283;18603;-0.0023;-0.7351;-1.1252;0.0914;25.841503
1283;18604;-0.0023;-0.7367;-1.1284;0.0916;25.841504
1283;18605;-0.0023;-0.7374;-1.1304;0.0927;25.841505
1283;18606;-0.0023;-0.7361;-1.1291;0.0928;25.841506
1283;18607;-0.0023;-0.7353;-1.1286;0.0921;25.841507
1283;18608;-0.0023;-0.7346;-1.1282;0.0920;25.841508
1283;18609;-0.0023;-0.7347;-1.1292;0.0929;25.841509
1283;18610;-0.0023;-0.7356;-1.1313;0.0940;25.841510
1283;18611;-0.0023;-0.7356;-1.1321;0.0937;25.841511
1283;18612;-0.0023;-0.7359;-1.1334;0.0923;25.841512
1283;18613;-0.0024;-0.7366;-1.1351;0.0907;25.841513
1283;18614;-0.0024;-0.7363;-1.1355;0.0912;25.841514
1283;18615;-0.0024;-0.7355;-1.1350;0.0923;25.841515
1283;18616;-0.0023;-0.7346;-1.1343;0.0923;25.841516
1283;18617;-0.0024;-0.7341;-1.1344;0.0914;25.841517
1283;18618;-0.0024;-0.7342;-1.1352;0.0904;25.841518
1283;18619;-0.0024;-0.7342;-1.1361;0.0899;25.841519
1283;18620;-0.0024;-0.7359;-1.1394;0.0898;25.841520
1283;18621;-0.0024;-0.7372;-1.1422;0.0893;25.841521
1283;18622;-0.0024;-0.7371;-1.1428;0.0890;25.841522
1283;18623;-0.0024;-0.7363;-1.1424;0.0900;25.841523
1283;18624;-0.0024;-0.7360;-1.1426;0.0909;25.841524
1283;18625;-0.0024;-0.7354;-1.1425;0.0908;25.841525
1283;18626;-0.0024;-0.7344;-1.1417;0.0904;25.841526
1283;18627;-0.0024;-0.7342;-1.1421;0.0893;25.841527
1283;18628;-0.0024;-0.7355;-1.1450;0.0872;25.841528
1283;18629;-0.0024;-0.7368;-1.1477;0.0879;25.841529
1283;18630;-0.0024;-0.7376;-1.1497;0.0891;25.841530
1283;18631;-0.0024;-0.7374;-1.1503;0.0902;25.841531
1283;18632;-0.0024;-0.7368;-1.1501;0.0903;25.841532
1283;18633;-0.0024;-0.7370;-1.1511;0.0892;25.841533
1283;18634;-0.0024;-0.7369;-1.1518;0.0890;25.841534
1283;18635;-0.0024;-0.7358;-1.1507;0.0892;25.841535
1283;18636;-0.0024;-0.7344;-1.1495;0.0891;25.841536
1283;18637;-0.0024;-0.7347;-1.1507;0.0898;25.841537
1283;18638;-0.0024;-0.7362;-1.1538;0.0899;25.841538
1283;18639;-0.0024;-0.7370;-1.1558;0.0879;25.841539
1283;18640;-0.0024;-0.7371;-1.1568;0.0863;25.841540
1283;18641;-0.0024;-0.7364;-1.1565;0.0852;25.841541
1283;18642;-0.0024;-0.7368;-1.1579;0.0847;25.841542
1283;18643;-0.0024;-0.7375;-1.1596;0.0836;25.841543
1283;18644;-0.0024;-0.7372;-1.1600;0.0844;25.841544
1283;18645;-0.0024;-0.7371;-1.1607;0.0871;25.841545
1283;18646;-0.0024;-0.7371;-1.1615;0.0885;25.841546
1283;18647;-0.0024;-0.7374;-1.1627;0.0869;25.841547
1283;18648;-0.0024;-0.7380;-1.1645;0.0859;25.841548
1283;18649;-0.0024;-0.7379;-1.1652;0.0869;25.841549
1283;18650;-0.0024;-0.7374;-1.1651;0.0873;25.841550
1283;18651;-0.0024;-0.7375;-1.1661;0.0868;25.841551
1283;18652;-0.0024;-0.7377;-1.1672;0.0861;25.841552
1283;18653;-0.0024;-0.7369;-1.1666;0.0875;25.841553
1283;18654;-0.0024;-0.7361;-1.1663;0.0891;25.841554
1283;18655;-0.0024;-0.7375;-1.1692;0.0885;25.841555
1283;18656;-0.0024;-0.7374;-1.1699;0.0863;25.841556
1283;18657;-0.0024;-0.7358;-1.1681;0.0843;25.841557
1283;18658;-0.0024;-0.7356;-1.1687;0.0838;25.841558
1283;18659;-0.0024;-0.7368;-1.1713;0.0843;25.841559
1283;18660;-0.0024;-0.7383;-1.1745;0.0847;25.841560
1283;18661;-0.0024;-0.7389;-1.1762;0.0856;25.841561
1283;18662;-0.0024;-0.7384;-1.1763;0.0873;25.841562
1283;18663;-0.0024;-0.7381;-1.1765;0.0874;25.841563
1283;18664;-0.0024;-0.7383;-1.1777;0.0869;25.841564
1283;18665;-0.0024;-0.7381;-1.1782;0.0871;25.841565
1283;18666;-0.0024;-0.7378;-1.1785;0.0874;25.841566
1283;18667;-0.0024;-0.7378;-1.1794;0.0874;25.841567
1283;18668;-0.0024;-0.7379;-1.1804;0.0872;25.841568
1283;18669;-0.0024;-0.7379;-1.1812;0.0872;25.841569
1283;18670;-0.0024;-0.7381;-1.1822;0.0873;25.841570
1283;18671;-0.0024;-0.7379;-1.1828;0.0866;25.841571
1283;18672;-0.0025;-0.7378;-1.1833;0.0855;25.841572
1283;18673;-0.0025;-0.7386;-1.1855;0.0862;25.841573
1283;18674;-0.0025;-0.7402;-1.1888;0.0861;25.841574
1283;18675;-0.0025;-0.7399;-1.1893;0.0850;25.841575
1283;18676;-0.0025;-0.7393;-1.1888;0.0856;25.841576
1283;18677;-0.0025;-0.7393;-1.1899;0.0875;25.841577
1283;18678;-0.0025;-0.7394;-1.1907;0.0892;25.841578
1283;18679;-0.0025;-0.7395;-1.1917;0.0882;25.841579
1283;18680;-0.0025;-0.7399;-1.1932;0.0872;25.841580
1283;18681;-0.0025;-0.7399;-1.1940;0.0857;25.841581
1283;18682;-0.0025;-0.7386;-1.1928;0.0839;25.841582
1283;18683;-0.0025;-0.7387;-1.1938;0.0829;25.841583
1283;18684;-0.0025;-0.7400;-1.1966;0.0828;25.841584
1283;18685;-0.0025;-0.7401;-1.1976;0.0854;25.841585
1283;18686;-0.0025;-0.7392;-1.1971;0.0888;25.841586
1283;18687;-0.0025;-0.7383;-1.1963;0.0900;25.841587
1283;18688;-0.0025;-0.7381;-1.1970;0.0895;25.841588
1283;18689;-0.0025;-0.7384;-1.1981;0.0888;25.841589
1283;18690;-0.0025;-0.7374;-1.1974;0.0892;25.841590
1283;18691;-0.0025;-0.7374;-1.1982;0.0886;25.841591
1283;18692;-0.0025;-0.7374;-1.1990;0.0880;25.841592
1283;18693;-0.0025;-0.7374;-1.1998;0.0888;25.841593
1283;18694;-0.0025;-0.7387;-1.2028;0.0883;25.841594
1283;18695;-0.0025;-0.7403;-1.2062;0.0880;25.841595
1283;18696;-0.0025;-0.7414;-1.2088;0.0864;25.841596
1283;18697;-0.0025;-0.7412;-1.2094;0.0850;25.841597
1283;18698;-0.0025;-0.7410;-1.2098;0.0854;25.841598
1283;18699;-0.0025;-0.7412;-1.2110;0.0863;25.841599
1283;18700;-0.0025;-0.7406;-1.2109;0.0853;25.841600
1283;18701;-0.0025;-0.7401;-1.2109;0.0846;25.841601
1283;18702;-0.0025;-0.7390;-1.2099;0.0841;25.841602
1283;18703;-0.0025;-0.7383;-1.2096;0.0836;25.841603
1283;18704;-0.0025;-0.7380;-1.2100;0.0840;25.841604
1283;18705;-0.0025;-0.7383;-1.2112;0.0862;25.841605
1283;18706;-0.0025;-0.7390;-1.2133;0.0865;25.841606
1283;18707;-0.0025;-0.7395;-1.2149;0.0868;25.841607
1283;18708;-0.0025;-0.7399;-1.2165;0.0878;25.841608
1283;18709;-0.0025;-0.7403;-1.2179;0.0881;25.841609
1283;18710;-0.0025;-0.7388;-1.2164;0.0864;25.841610
1283;18711;-0.0025;-0.7385;-1.2166;0.0851;25.841611
1283;18712;-0.0025;-0.7393;-1.2188;0.0849;25.841612
1283;18713;-0.0025;-0.7396;-1.2202;0.0853;25.841613
1283;18714;-0.0025;-0.7402;-1.2221;0.0850;25.841614
1283;18715;-0.0025;-0.7400;-1.2224;0.0842;25.841615
1283;18716;-0.0025;-0.7388;-1.2215;0.0850;25.841616
1283;18717;-0.0025;-0.7390;-1.2225;0.0871;25.841617
1283;18718;-0.0025;-0.7392;-1.2237;0.0867;25.841618
1283;18719;-0.0025;-0.7394;-1.2249;0.0846;25.841619
1283;18720;-0.0025;-0.7393;-1.2255;0.0862;25.841620
1283;18721;-0.0025;-0.7396;-1.2270;0.0886;25.841621
1283;18722;-0.0025;-0.7402;-1.2287;0.0875;25.841622
1283;18723;-0.0025;-0.7404;-1.2300;0.0853;25.841623
1283;18724;-0.0025;-0.7402;-1.2305;0.0848;25.841624
1283;18725;-0.0025;-0.7403;-1.2315;0.0844;25.841625
1283;18726;-0.0025;-0.7409;-1.2334;0.0839;25.841626
1283;18727;-0.0026;-0.7414;-1.2352;0.0844;25.841627
1283;18728;-0.0026;-0.7416;-1.2362;0.0854;25.841628
1283;18729;-0.0026;-0.7412;-1.2364;0.0848;25.841629
1283;18730;-0.0026;-0.7418;-1.2383;0.0829;25.841630
1283;18731;-0.0026;-0.7422;-1.2399;0.0822;25.841631
1283;18732;-0.0026;-0.7424;-1.2410;0.0833;25.841632
1283;18733;-0.0026;-0.7423;-1.2417;0.0852;25.841633
1283;18734;-0.0026;-0.7415;-1.2413;0.0867;25.841634
1283;18735;-0.0026;-0.7414;-1.2420;0.0873;25.841635
1283;18736;-0.0026;-0.7420;-1.2438;0.0869;25.841636
1283;18737;-0.0026;-0.7428;-1.2460;0.0852;25.841637
1283;18738;-0.0026;-0.7420;-1.2457;0.0840;25.841638
1283;18739;-0.0026;-0.7401;-1.2432;0.0834;25.841639
1283;18740;-0.0026;-0.7394;-1.2429;0.0848;25.841640
1283;18741;-0.0026;-0.7399;-1.2445;0.0858;25.841641
1283;18742;-0.0026;-0.7405;-1.2466;0.0876;25.841642
1283;18743;-0.0026;-0.7406;-1.2476;0.0878;25.841643
1283;18744;-0.0026;-0.7404;-1.2481;0.0872;25.841644
1283;18745;-0.0026;-0.7408;-1.2496;0.0871;25.841645
1283;18746;-0.0026;-0.7407;-1.2502;0.0861;25.841646
1283;18747;-0.0026;-0.7412;-1.2521;0.0865;25.841647
1283;18748;-0.0026;-0.7419;-1.2540;0.0880;25.841648
1283;18749;-0.0026;-0.7414;-1.2543;0.0890;25.841649
1283;18750;-0.0026;-0.7411;-1.2545;0.0896;25.841650
1283;18751;-0.0026;-0.7418;-1.2566;0.0893;25.841651
1283;18752;-0.0026;-0.7428;-1.2592;0.0871;25.841652
1283;18753;-0.0026;-0.7428;-1.2600;0.0857;25.841653
1283;18754;-0.0026;-0.7413;-1.2584;0.0848;25.841654
1283;18755;-0.0026;-0.7412;-1.2591;0.0847;25.841655
1283;18756;-0.0026;-0.7415;-1.2605;0.0849;25.841656
1283;18757;-0.0026;-0.7416;-1.2615;0.0867;25.841657
1283;18758;-0.0026;-0.7416;-1.2625;0.0892;25.841658
1283;18759;-0.0026;-0.7415;-1.2632;0.0898;25.841659
1283;18760;-0.0026;-0.7413;-1.2638;0.0899;25.841660
1283;18761;-0.0026;-0.7417;-1.2652;0.0887;25.841661
1283;18762;-0.0026;-0.7409;-1.2649;0.0880;25.841662
1283;18763;-0.0026;-0.7402;-1.2644;0.0883;25.841663
1283;18764;-0.0026;-0.7401;-1.2653;0.0880;25.841664
1283;18765;-0.0026;-0.7403;-1.2662;0.0879;25.841665
1283;18766;-0.0026;-0.7399;-1.2666;0.0879;25.841666
1283;18767;-0.0026;-0.7406;-1.2686;0.0872;25.841667
1283;18768;-0.0026;-0.7413;-1.2709;0.0851;25.841668
1283;18769;-0.0026;-0.7409;-1.2711;0.0852;25.841669
1283;18770;-0.0026;-0.7399;-1.2703;0.0866;25.841670
1283;18771;-0.0026;-0.7392;-1.2699;0.0890;25.841671
1283;18772;-0.0026;-0.7393;-1.2710;0.0904;25.841672
1283;18773;-0.0026;-0.7403;-1.2735;0.0917;25.841673
1283;18774;-0.0026;-0.7412;-1.2760;0.0901;25.841674
1283;18775;-0.0026;-0.7416;-1.2776;0.0899;25.841675
1283;18776;-0.0026;-0.7417;-1.2786;0.0911;25.841676
1283;18777;-0.0026;-0.7418;-1.2799;0.0911;25.841677
1283;18778;-0.0026;-0.7422;-1.2813;0.0903;25.841678
1283;18779;-0.0026;-0.7415;-1.2811;0.0903;25.841679
1283;18780;-0.0026;-0.7407;-1.2806;0.0919;25.841680
1283;18781;-0.0026;-0.7405;-1.2812;0.0930;25.841681
1283;18782;-0.0026;-0.7407;-1.2824;0.0926;25.841682
1283;18783;-0.0027;-0.7412;-1.2843;0.0913;25.841683
1283;18784;-0.0027;-0.7419;-1.2863;0.0892;25.841684
1283;18785;-0.0027;-0.7421;-1.2875;0.0894;25.841685
1283;18786;-0.0027;-0.7422;-1.2887;0.0908;25.841686
1283;18787;-0.0027;-0.7427;-1.2904;0.0921;25.841687
1283;18788;-0.0027;-0.7431;-1.2920;0.0901;25.841688
1283;18789;-0.0027;-0.7435;-1.2936;0.0883;25.841689
1283;18790;-0.0027;-0.7435;-1.2947;0.0874;25.841690
1283;18791;-0.0027;-0.7438;-1.2961;0.0884;25.841691
1283;18792;-0.0027;-0.7445;-1.2981;0.0894;25.841692
1283;18793;-0.0027;-0.7442;-1.2986;0.0895;25.841693
1283;18794;-0.0027;-0.7434;-1.2981;0.0898;25.841694
1283;18795;-0.0027;-0.7436;-1.2994;0.0908;25.841695
1283;18796;-0.0027;-0.7443;-1.3015;0.0922;25.841696
1283;18797;-0.0027;-0.7447;-1.3033;0.0928;25.841697
1283;18798;-0.0027;-0.7458;-1.3059;0.0928;25.841698
1283;18799;-0.0027;-0.7473;-1.3096;0.0919;25.841699
1283;18800;-0.0027;-0.7481;-1.3119;0.0919;25.841700
1283;18801;-0.0027;-0.7476;-1.3119;0.0940;25.841701
1283;18802;-0.0027;-0.7474;-1.3126;0.0943;25.841702
1283;18803;-0.0027;-0.7479;-1.3144;0.0944;25.841703
1283;18804;-0.0027;-0.7484;-1.3162;0.0934;25.841704
1283;18805;-0.0027;-0.7482;-1.3168;0.0930;25.841705
1283;18806;-0.0027;-0.7478;-1.3170;0.0939;25.841706
1283;18807;-0.0027;-0.7469;-1.3163;0.0943;25.841707
1283;18808;-0.0027;-0.7457;-1.3152;0.0945;25.841708
1283;18809;-0.0027;-0.7452;-1.3153;0.0946;25.841709
1283;18810;-0.0027;-0.7441;-1.3143;0.0943;25.841710
1283;18811;-0.0027;-0.7431;-1.3133;0.0943;25.841711
1283;18812;-0.0027;-0.7430;-1.3142;0.0926;25.841712
1283;18813;-0.0027;-0.7433;-1.3156;0.0910;25.841713
1283;18814;-0.0027;-0.7428;-1.3157;0.0909;25.841714
1283;18815;-0.0027;-0.7412;-1.3137;0.0920;25.841715
1283;18816;-0.0027;-0.7409;-1.3143;0.0927;25.841716
1283;18817;-0.0027;-0.7416;-1.3163;0.0919;25.841717
1283;18818;-0.0027;-0.7414;-1.3170;0.0930;25.841718
1283;18819;-0.0027;-0.7411;-1.3174;0.0951;25.841719
1283;18820;-0.0027;-0.7413;-1.3187;0.0966;25.841720
1283;18821;-0.0027;-0.7430;-1.3227;0.0968;25.841721
1283;18822;-0.0027;-0.7443;-1.3260;0.0944;25.841722
1283;18823;-0.0027;-0.7441;-1.3265;0.0923;25.841723
1283;18824;-0.0027;-0.7436;-1.3266;0.0924;25.841724
1283;18825;-0.0027;-0.7437;-1.3278;0.0922;25.841725
1283;18826;-0.0027;-0.7443;-1.3296;0.0924;25.841726
1283;18827;-0.0027;-0.7441;-1.3304;0.0935;25.841727
1283;18828;-0.0027;-0.7435;-1.3303;0.0944;25.841728
1283;18829;-0.0027;-0.7443;-1.3327;0.0956;25.841729
1283;18830;-0.0028;-0.7454;-1.3355;0.0963;25.841730
1283;18831;-0.0028;-0.7455;-1.3368;0.0970;25.841731
1283;18832;-0.0028;-0.7453;-1.3374;0.0977;25.841732
1283;18833;-0.0028;-0.7446;-1.3371;0.0980;25.841733
1283;18834;-0.0028;-0.7442;-1.3373;0.0977;25.841734
1283;18835;-0.0028;-0.7434;-1.3368;0.0964;25.841735
1283;18836;-0.0028;-0.7419;-1.3352;0.0949;25.841736
1283;18837;-0.0027;-0.7412;-1.3347;0.0951;25.841737
1283;18838;-0.0028;-0.7412;-1.3358;0.0960;25.841738
1283;18839;-0.0028;-0.7419;-1.3378;0.0966;25.841739
1283;18840;-0.0028;-0.7416;-1.3384;0.0958;25.841740
1283;18841;-0.0028;-0.7408;-1.3379;0.0970;25.841741
1283;18842;-0.0028;-0.7408;-1.3390;0.0964;25.841742
1283;18843;-0.0028;-0.7417;-1.3416;0.0961;25.841743
1283;18844;-0.0028;-0.7421;-1.3433;0.0959;25.841744
1283;18845;-0.0028;-0.7419;-1.3439;0.0960;25.841745
1283;18846;-0.0028;-0.7407;-1.3427;0.0957;25.841746
1283;18847;-0.0028;-0.7410;-1.3442;0.0959;25.841747
1283;18848;-0.0028;-0.7423;-1.3474;0.0956;25.841748
1283;18849;-0.0028;-0.7431;-1.3499;0.0951;25.841749
1283;18850;-0.0028;-0.7432;-1.3510;0.0964;25.841750
1283;18851;-0.0028;-0.7434;-1.3523;0.0973;25.841751
1283;18852;-0.0028;-0.7435;-1.3536;0.0983;25.841752
1283;18853;-0.0028;-0.7433;-1.3543;0.0992;25.841753
1283;18854;-0.0028;-0.7433;-1.3552;0.0992;25.841754
1283;18855;-0.0028;-0.7436;-1.3567;0.0993;25.841755
1283;18856;-0.0028;-0.7440;-1.3583;0.1001;25.841756
1283;18857;-0.0028;-0.7432;-1.3580;0.1020;25.841757
1283;18858;-0.0028;-0.7427;-1.3579;0.1039;25.841758
1283;18859;-0.0028;-0.7425;-1.3586;0.1047;25.841759
1283;18860;-0.0028;-0.7425;-1.3597;0.1039;25.841760
1283;18861;-0.0028;-0.7424;-1.3604;0.1040;25.841761
1283;18862;-0.0028;-0.7424;-1.3616;0.1056;25.841762
1283;18863;-0.0028;-0.7431;-1.3636;0.1074;25.841763
1283;18864;-0.0028;-0.7433;-1.3651;0.1096;25.841764
1283;18865;-0.0028;-0.7435;-1.3665;0.1122;25.841765
1283;18866;-0.0028;-0.7435;-1.3675;0.1113;25.841766
1283;18867;-0.0028;-0.7433;-1.3680;0.1105;25.841767
1283;18868;-0.0028;-0.7435;-1.3694;0.1096;25.841768
1283;18869;-0.0028;-0.7439;-1.3712;0.1079;25.841769
1283;18870;-0.0028;-0.7445;-1.3732;0.1064;25.841770
1283;18871;-0.0028;-0.7447;-1.3747;0.1061;25.841771
1283;18872;-0.0028;-0.7445;-1.3753;0.1080;25.841772
1283;18873;-0.0028;-0.7445;-1.3764;0.1130;25.841773
1283;18874;-0.0028;-0.7443;-1.3769;0.1155;25.841774
1283;18875;-0.0028;-0.7442;-1.3778;0.1138;25.841775
1283;18876;-0.0028;-0.7446;-1.3795;0.1105;25.841776
1283;18877;-0.0028;-0.7447;-1.3807;0.1097;25.841777
1283;18878;-0.0028;-0.7451;-1.3823;0.1081;25.841778
1283;18879;-0.0028;-0.7450;-1.3834;0.1089;25.841779
1283;18880;-0.0028;-0.7453;-1.3848;0.1105;25.841780
1283;18881;-0.0029;-0.7458;-1.3869;0.1122;25.841781
1283;18882;-0.0029;-0.7460;-1.3882;0.1130;25.841782
1283;18883;-0.0029;-0.7460;-1.3892;0.1122;25.841783
1283;18884;-0.0029;-0.7460;-1.3903;0.1105;25.841784
1283;18885;-0.0029;-0.7457;-1.3907;0.1089;25.841785
1283;18886;-0.0029;-0.7452;-1.3908;0.1081;25.841786
1283;18887;-0.0029;-0.7446;-1.3907;0.1097;25.841787
1283;18888;-0.0029;-0.7451;-1.3929;0.1114;25.841788
1283;18889;-0.0029;-0.7458;-1.3951;0.1123;25.841789
1283;18890;-0.0029;-0.7457;-1.3959;0.1131;25.841790
1283;18891;-0.0029;-0.7457;-1.3968;0.1139;25.841791
1283;18892;-0.0029;-0.7459;-1.3982;0.1139;25.841792
1283;18893;-0.0029;-0.7463;-1.4000;0.1139;25.841793
1283;18894;-0.0029;-0.7463;-1.4012;0.1164;25.841794
1283;18895;-0.0029;-0.7458;-1.4011;0.1180;25.841795
1283;18896;-0.0029;-0.7453;-1.4014;0.1172;25.841796
1283;18897;-0.0029;-0.7447;-1.4012;0.1172;25.841797
1283;18898;-0.0029;-0.7445;-1.4019;0.1180;25.841798
1283;18899;-0.0029;-0.7441;-1.4022;0.1180;25.841799
1283;18900;-0.0029;-0.7439;-1.4027;0.1189;25.841800
1283;18901;-0.0029;-0.7439;-1.4038;0.1189;25.841801
1283;18902;-0.0029;-0.7433;-1.4038;0.1189;25.841802
1283;18903;-0.0029;-0.7435;-1.4053;0.1205;25.841803
1283;18904;-0.0029;-0.7444;-1.4080;0.1221;25.841804
1283;18905;-0.0029;-0.7451;-1.4102;0.1246;25.841805
1283;18906;-0.0029;-0.7454;-1.4119;0.1262;25.841806
1283;18907;-0.0029;-0.7457;-1.4136;0.1295;25.841807
1283;18908;-0.0029;-0.7458;-1.4148;0.1320;25.841808
1283;18909;-0.0029;-0.7453;-1.4149;0.1320;25.841809
1283;18910;-0.0029;-0.7449;-1.4153;0.1336;25.841810
1283;18911;-0.0029;-0.7447;-1.4159;0.1385;25.841811
1283;18912;-0.0029;-0.7444;-1.4164;0.1425;25.841812
1283;18913;-0.0029;-0.7442;-1.4169;0.1457;25.841813
1283;18914;-0.0029;-0.7440;-1.4178;0.1490;25.841814
1283;18915;-0.0029;-0.7441;-1.4189;0.1523;25.841815
1283;18916;-0.0029;-0.7447;-1.4212;0.1563;25.841816
1283;18917;-0.0029;-0.7454;-1.4234;0.1596;25.841817
1283;18918;-0.0029;-0.7456;-1.4249;0.1637;25.841818
1283;18919;-0.0029;-0.7453;-1.4256;0.1677;25.841819
1283;18920;-0.0029;-0.7451;-1.4262;0.1726;25.841820
1283;18921;-0.0029;-0.7450;-1.4270;0.1799;25.841821
1283;18922;-0.0029;-0.7448;-1.4277;0.1885;25.841822
1283;18923;-0.0029;-0.7445;-1.4283;0.1974;25.841823
1283;18924;-0.0029;-0.7442;-1.4285;0.2087;25.841824
1283;18925;-0.0029;-0.7435;-1.4285;0.2233;25.841825
1283;18926;-0.0029;-0.7435;-1.4295;0.2395;25.841826
1283;18927;-0.0029;-0.7441;-1.4316;0.2540;25.841827
1283;18928;-0.0029;-0.7441;-1.4327;0.2710;25.841828
1283;18929;-0.0030;-0.7435;-1.4327;0.2913;25.841829
1283;18930;-0.0029;-0.7427;-1.4321;0.3107;25.841830
1283;18931;-0.0029;-0.7422;-1.4324;0.3317;25.841831
1283;18932;-0.0029;-0.7423;-1.4336;0.3560;25.841832
1283;18933;-0.0030;-0.7423;-1.4347;0.3867;25.841833
1283;18934;-0.0030;-0.7422;-1.4355;0.4191;25.841834
1283;18935;-0.0030;-0.7418;-1.4359;0.4506;25.841835
1283;18936;-0.0030;-0.7415;-1.4364;0.4879;25.841836
1283;18937;-0.0030;-0.7409;-1.4362;0.5291;25.841837
1283;18938;-0.0029;-0.7401;-1.4359;0.5728;25.841838
1283;18939;-0.0030;-0.7396;-1.4360;0.6133;25.841839
1283;18940;-0.0029;-0.7383;-1.4346;0.6480;25.841840
1283;18941;-0.0029;-0.7375;-1.4339;0.6747;25.841841
1283;18942;-0.0029;-0.7379;-1.4359;0.6804;25.841842
1283;18943;-0.0030;-0.7381;-1.4373;0.6909;25.841843
1283;18944;-0.0030;-0.7379;-1.4381;0.7209;25.841844
1283;18945;-0.0030;-0.7374;-1.4381;0.7734;25.841845
1283;18946;-0.0030;-0.7367;-1.4379;0.8503;25.841846
1283;18947;-0.0030;-0.7361;-1.4379;0.9377;25.841847
1283;18948;-0.0030;-0.7357;-1.4381;1.0194;25.841848
1283;18949;-0.0030;-0.7354;-1.4386;1.0938;25.841849
1283;18950;-0.0030;-0.7350;-1.4388;1.1529;25.841850
1283;18951;-0.0030;-0.7344;-1.4390;1.1958;25.841851
1283;18952;-0.0030;-0.7340;-1.4392;1.2257;25.841852
1283;18953;-0.0030;-0.7335;-1.4392;1.2411;25.841853
1283;18954;-0.0030;-0.7331;-1.4394;1.2492;25.841854
1283;18955;-0.0030;-0.7324;-1.4393;1.2500;25.841855
1283;18956;-0.0030;-0.7318;-1.4391;1.2492;25.841856
1283;18957;-0.0030;-0.7314;-1.4395;1.2581;25.841857
1283;18958;-0.0030;-0.7309;-1.4396;1.2678;25.841858
1283;18959;-0.0030;-0.7304;-1.4397;1.2734;25.841859
1283;18960;-0.0030;-0.7296;-1.4393;1.2678;25.841860
1283;18961;-0.0030;-0.7288;-1.4388;1.2564;25.841861
1283;18962;-0.0030;-0.7285;-1.4394;1.2411;25.841862
1283;18963;-0.0030;-0.7281;-1.4396;1.2168;25.841863
1283;18964;-0.0030;-0.7276;-1.4397;1.1844;25.841864
1283;18965;-0.0030;-0.7269;-1.4394;1.1432;25.841865
1283;18966;-0.0030;-0.7261;-1.4388;1.1043;25.841866
1283;18967;-0.0030;-0.7255;-1.4389;1.0760;25.841867
1283;18968;-0.0029;-0.7248;-1.4387;1.0607;25.841868
1283;18969;-0.0030;-0.7242;-1.4385;1.0534;25.841869
1283;18970;-0.0029;-0.7238;-1.4387;1.0421;25.841870
1283;18971;-0.0029;-0.7231;-1.4385;1.0243;25.841871
1283;18972;-0.0030;-0.7227;-1.4387;0.9976;25.841872
1283;18973;-0.0029;-0.7221;-1.4388;0.9722;25.841873
1283;18974;-0.0029;-0.7215;-1.4386;0.9502;25.841874
1283;18975;-0.0030;-0.7209;-1.4384;0.9388;25.841875
1283;18976;-0.0029;-0.7203;-1.4384;0.9307;25.841876
1283;18977;-0.0029;-0.7199;-1.4388;0.9209;25.841877
1283;18978;-0.0029;-0.7194;-1.4387;0.9062;25.841878
1283;18979;-0.0029;-0.7186;-1.4383;0.8924;25.841879
1283;18980;-0.0029;-0.7181;-1.4383;0.8794;25.841880
1283;18981;-0.0029;-0.7174;-1.4381;0.8663;25.841881
1283;18982;-0.0029;-0.7171;-1.4385;0.8590;25.841882
1283;18983;-0.0029;-0.7166;-1.4388;0.8582;25.841883
1283;18984;-0.0029;-0.7159;-1.4384;0.8598;25.841884
1283;18985;-0.0029;-0.7153;-1.4382;0.8541;25.841885
1283;18986;-0.0029;-0.7148;-1.4383;0.8419;25.841886
1283;18987;-0.0029;-0.7143;-1.4384;0.8338;25.841887
1283;18988;-0.0029;-0.7136;-1.4382;0.8313;25.841888
1283;18989;-0.0029;-0.7129;-1.4378;0.8338;25.841889
1283;18990;-0.0029;-0.7124;-1.4380;0.8330;25.841890
1283;18991;-0.0029;-0.7120;-1.4382;0.8248;25.841891
1283;18992;-0.0029;-0.7117;-1.4388;0.8118;25.841892
1283;18993;-0.0029;-0.7113;-1.4390;0.7979;25.841893
1283;18994;-0.0029;-0.7103;-1.4383;0.7898;25.841894
1283;18995;-0.0029;-0.7098;-1.4382;0.7931;25.841895
1283;18996;-0.0029;-0.7093;-1.4385;0.8020;25.841896
1283;18997;-0.0029;-0.7089;-1.4387;0.8020;25.841897
1283;18998;-0.0029;-0.7083;-1.4385;0.7890;25.841898
1283;18999;-0.0029;-0.7076;-1.4383;0.7800;25.841899
1283;19000;-0.0029;-0.7074;-1.4388;0.7768;25.841900
1283;19001;-0.0029;-0.7070;-1.4392;0.7711;25.841901
1283;19002;-0.0029;-0.7063;-1.4389;0.7694;25.841902
1283;19003;-0.0029;-0.7057;-1.4388;0.7727;25.841903
1283;19004;-0.0029;-0.7049;-1.4383;0.7776;25.841904
1283;19005;-0.0029;-0.7043;-1.4382;0.7808;25.841905
1283;19006;-0.0029;-0.7039;-1.4386;0.7817;25.841906
1283;19007;-0.0029;-0.7034;-1.4386;0.7865;25.841907
1283;19008;-0.0029;-0.7028;-1.4386;0.7906;25.841908
1283;19009;-0.0029;-0.7021;-1.4381;0.7922;25.841909
1283;19010;-0.0029;-0.7015;-1.4382;0.7914;25.841910
1283;19011;-0.0029;-0.7009;-1.4380;0.7984;25.841911
1283;19012;-0.0029;-0.7003;-1.4380;0.8042;25.841912
1283;19013;-0.0029;-0.7000;-1.4382;0.8107;25.841913
1283;19014;-0.0029;-0.6991;-1.4376;0.8206;25.841914
1283;19015;-0.0029;-0.6985;-1.4374;0.8263;25.841915
1283;19016;-0.0029;-0.6982;-1.4380;0.8271;25.841916
1283;19017;-0.0029;-0.6978;-1.4382;0.8296;25.841917
1283;19018;-0.0029;-0.6972;-1.4383;0.8329;25.841918
1283;19019;-0.0029;-0.6966;-1.4380;0.8370;25.841919
1283;19020;-0.0029;-0.6961;-1.4382;0.8411;25.841920
1283;19021;-0.0029;-0.6958;-1.4386;0.8362;25.841921
1283;19022;-0.0029;-0.6950;-1.4382;0.8288;25.841922
1283;19023;-0.0029;-0.6944;-1.4381;0.8288;25.841923
1283;19024;-0.0029;-0.6939;-1.4381;0.8386;25.841924
1283;19025;-0.0029;-0.6936;-1.4387;0.8550;25.841925
1283;19026;-0.0029;-0.6932;-1.4389;0.8657;25.841926
1283;19027;-0.0029;-0.6923;-1.4383;0.8648;25.841927
1283;19028;-0.0029;-0.6918;-1.4383;0.8575;25.841928
1283;19029;-0.0029;-0.6913;-1.4386;0.8460;25.841929
1283;19030;-0.0029;-0.6909;-1.4386;0.8444;25.841930
1283;19031;-0.0029;-0.6903;-1.4385;0.8509;25.841931
1283;19032;-0.0029;-0.6897;-1.4384;0.8550;25.841932
1283;19033;-0.0029;-0.6892;-1.4385;0.8517;25.841933
1283;19034;-0.0029;-0.6886;-1.4385;0.8435;25.841934
1283;19035;-0.0029;-0.6881;-1.4385;0.8362;25.841935
1283;19036;-0.0029;-0.6875;-1.4385;0.8345;25.841936
1283;19037;-0.0029;-0.6869;-1.4383;0.8370;25.841937
1283;19038;-0.0029;-0.6865;-1.4386;0.8394;25.841938
1283;19039;-0.0029;-0.6860;-1.4385;0.8411;25.841939
1283;19040;-0.0029;-0.6852;-1.4382;0.8411;25.841940
1283;19041;-0.0029;-0.6848;-1.4383;0.8345;25.841941
1283;19042;-0.0029;-0.6840;-1.4379;0.8239;25.841942
1283;19043;-0.0029;-0.6836;-1.4382;0.8132;25.841943
1283;19044;-0.0029;-0.6832;-1.4385;0.8025;25.841944
1283;19045;-0.0029;-0.6826;-1.4383;0.7894;25.841945
1283;19046;-0.0029;-0.6819;-1.4381;0.7648;25.841946
1283;19047;-0.0029;-0.6812;-1.4377;0.7329;25.841947
1283;19048;-0.0029;-0.6809;-1.4381;0.7156;25.841948
1283;19049;-0.0029;-0.6804;-1.4383;0.7189;25.841949
1283;19050;-0.0029;-0.6798;-1.4381;0.7394;25.841950
1283;19051;-0.0029;-0.6791;-1.4379;0.7665;25.841951
1283;19052;-0.0029;-0.6785;-1.4377;0.7982;25.841952
1283;19053;-0.0029;-0.6780;-1.4377;0.8139;25.841953
1283;19054;-0.0029;-0.6776;-1.4379;0.8172;25.841954
1283;19055;-0.0029;-0.6770;-1.4378;0.8163;25.841955
1283;19056;-0.0029;-0.6765;-1.4381;0.8180;25.841956
1283;19057;-0.0029;-0.6759;-1.4379;0.8172;25.841957
1283;19058;-0.0029;-0.6754;-1.4379;0.8139;25.841958
1283;19059;-0.0029;-0.6749;-1.4380;0.8073;25.841959
1283;19060;-0.0029;-0.6743;-1.4379;0.8048;25.841960
1283;19061;-0.0029;-0.6741;-1.4384;0.8023;25.841961
1283;19062;-0.0029;-0.6735;-1.4385;0.8007;25.841962
1283;19063;-0.0029;-0.6728;-1.4381;0.8064;25.841963
1283;19064;-0.0029;-0.6722;-1.4381;0.8188;25.841964
1283;19065;-0.0029;-0.6718;-1.4383;0.8312;25.841965
1283;19066;-0.0029;-0.6713;-1.4385;0.8361;25.841966
1283;19067;-0.0029;-0.6709;-1.4384;0.8337;25.841967
1283;19068;-0.0029;-0.6701;-1.4380;0.8304;25.841968
1283;19069;-0.0029;-0.6697;-1.4382;0.8254;25.841969
1283;19070;-0.0029;-0.6691;-1.4382;0.8254;25.841970
1283;19071;-0.0029;-0.6688;-1.4386;0.8254;25.841971
1283;19072;-0.0029;-0.6682;-1.4386;0.8254;25.841972
1283;19073;-0.0029;-0.6676;-1.4384;0.8295;25.841973
1283;19074;-0.0029;-0.6669;-1.4379;0.8304;25.841974
1283;19075;-0.0029;-0.6661;-1.4376;0.8271;25.841975
1283;19076;-0.0029;-0.6657;-1.4378;0.8221;25.841976
1283;19077;-0.0029;-0.6651;-1.4378;0.8213;25.841977
1283;19078;-0.0029;-0.6645;-1.4376;0.8312;25.841978
1283;19079;-0.0029;-0.6642;-1.4382;0.8395;25.841979
1283;19080;-0.0029;-0.6638;-1.4384;0.8403;25.841980
1283;19081;-0.0029;-0.6634;-1.4386;0.8395;25.841981
1283;19082;-0.0029;-0.6627;-1.4384;0.8386;25.841982
1283;19083;-0.0029;-0.6619;-1.4378;0.8419;25.841983
1283;19084;-0.0029;-0.6615;-1.4380;0.8411;25.841984
1283;19085;-0.0029;-0.6609;-1.4379;0.8361;25.841985
1283;19086;-0.0029;-0.6606;-1.4384;0.8328;25.841986
1283;19087;-0.0029;-0.6602;-1.4386;0.8320;25.841987
1283;19088;-0.0029;-0.6595;-1.4384;0.8320;25.841988
1283;19089;-0.0029;-0.6590;-1.4384;0.8287;25.841989
1283;19090;-0.0029;-0.6585;-1.4385;0.8287;25.841990
1283;19091;-0.0029;-0.6581;-1.4387;0.8345;25.841991
1283;19092;-0.0029;-0.6575;-1.4387;0.8378;25.841992
1283;19093;-0.0029;-0.6567;-1.4381;0.8361;25.841993
1283;19094;-0.0029;-0.6562;-1.4381;0.8254;25.841994
1283;19095;-0.0029;-0.6557;-1.4382;0.8139;25.841995
1283;19096;-0.0029;-0.6553;-1.4384;0.8114;25.841996
1283;19097;-0.0029;-0.6547;-1.4385;0.8139;25.841997
1283;19098;-0.0029;-0.6540;-1.4380;0.8245;25.841998
1283;19099;-0.0029;-0.6536;-1.4382;0.8270;25.841999
1283;19100;-0.0029;-0.6532;-1.4384;0.8245;25.842000
1283;19101;-0.0029;-0.6526;-1.4384;0.8254;25.842001
1283;19102;-0.0029;-0.6521;-1.4384;0.8270;25.842002
1283;19103;-0.0029;-0.6514;-1.4380;0.8295;25.842003
1283;19104;-0.0029;-0.6509;-1.4380;0.8329;25.842004
1283;19105;-0.0029;-0.6504;-1.4382;0.8337;25.842005
1283;19106;-0.0029;-0.6498;-1.4381;0.8353;25.842006
1283;19107;-0.0029;-0.6493;-1.4382;0.8362;25.842007
1283;19108;-0.0029;-0.6487;-1.4379;0.8362;25.842008
1283;19109;-0.0029;-0.6482;-1.4381;0.8320;25.842009
1283;19110;-0.0029;-0.6478;-1.4383;0.8212;25.842010
1283;19111;-0.0029;-0.6474;-1.4387;0.8179;25.842011
1283;19112;-0.0029;-0.6470;-1.4389;0.8237;25.842012
1283;19113;-0.0029;-0.6464;-1.4387;0.8312;25.842013
1283;19114;-0.0029;-0.6458;-1.4387;0.8345;25.842014
1283;19115;-0.0029;-0.6451;-1.4383;0.8287;25.842015
1283;19116;-0.0029;-0.6444;-1.4378;0.8220;25.842016
1283;19117;-0.0029;-0.6437;-1.4373;0.8212;25.842017
1283;19118;-0.0029;-0.6430;-1.4371;0.8154;25.842018
1283;19119;-0.0029;-0.6426;-1.4373;0.8038;25.842019
1283;19120;-0.0029;-0.6420;-1.4372;0.7946;25.842020
1283;19121;-0.0029;-0.6413;-1.4369;0.7954;25.842021
1283;19122;-0.0029;-0.6411;-1.4375;0.8029;25.842022
1283;19123;-0.0029;-0.6406;-1.4378;0.8146;25.842023
1283;19124;-0.0029;-0.6404;-1.4383;0.8245;25.842024
1283;19125;-0.0029;-0.6399;-1.4385;0.8279;25.842025
1283;19126;-0.0029;-0.6392;-1.4379;0.8279;25.842026
1283;19127;-0.0029;-0.6385;-1.4378;0.8220;25.842027
1283;19128;-0.0029;-0.6382;-1.4380;0.8137;25.842028
1283;19129;-0.0029;-0.6376;-1.4380;0.8063;25.842029
1283;19130;-0.0029;-0.6371;-1.4380;0.8046;25.842030
1283;19131;-0.0029;-0.6366;-1.4381;0.8054;25.842031
1283;19132;-0.0029;-0.6363;-1.4386;0.7988;25.842032
1283;19133;-0.0029;-0.6358;-1.4386;0.7888;25.842033
1283;19134;-0.0029;-0.6349;-1.4379;0.7821;25.842034
1283;19135;-0.0029;-0.6343;-1.4376;0.7797;25.842035
1283;19136;-0.0029;-0.6336;-1.4375;0.7805;25.842036
1283;19137;-0.0029;-0.6333;-1.4379;0.7813;25.842037
1283;19138;-0.0029;-0.6328;-1.4379;0.7797;25.842038
1283;19139;-0.0029;-0.6323;-1.4379;0.7788;25.842039
1283;19140;-0.0029;-0.6319;-1.4383;0.7788;25.842040
1283;19141;-0.0029;-0.6313;-1.4381;0.7830;25.842041
1283;19142;-0.0029;-0.6307;-1.4378;0.7896;25.842042
1283;19143;-0.0029;-0.6300;-1.4376;0.8044;25.842043
1283;19144;-0.0029;-0.6296;-1.4377;0.8119;25.842044
1283;19145;-0.0029;-0.6292;-1.4380;0.8144;25.842045
1283;19146;-0.0029;-0.6286;-1.4380;0.8153;25.842046
1283;19147;-0.0029;-0.6282;-1.4382;0.8144;25.842047
1283;19148;-0.0029;-0.6278;-1.4383;0.8186;25.842048
1283;19149;-0.0029;-0.6271;-1.4382;0.8312;25.842049
1283;19150;-0.0029;-0.6268;-1.4385;0.8379;25.842050
1283;19151;-0.0029;-0.6261;-1.4383;0.8387;25.842051
1283;19152;-0.0029;-0.6256;-1.4381;0.8345;25.842052
1283;19153;-0.0029;-0.6250;-1.4380;0.8228;25.842053
1283;19154;-0.0029;-0.6244;-1.4377;0.8103;25.842054
1283;19155;-0.0029;-0.6238;-1.4378;0.8010;25.842055
1283;19156;-0.0029;-0.6232;-1.4376;0.7985;25.842056
1283;19157;-0.0029;-0.6228;-1.4378;0.8002;25.842057
1283;19158;-0.0029;-0.6224;-1.4381;0.8061;25.842058
1283;19159;-0.0029;-0.6219;-1.4381;0.8153;25.842059
1283;19160;-0.0029;-0.6213;-1.4381;0.8211;25.842060
1283;19161;-0.0029;-0.6208;-1.4381;0.8203;25.842061
1283;19162;-0.0029;-0.6205;-1.4386;0.8153;25.842062
1283;19163;-0.0029;-0.6201;-1.4388;0.8061;25.842063
1283;19164;-0.0029;-0.6194;-1.4385;0.8077;25.842064
1283;19165;-0.0029;-0.6189;-1.4386;0.8170;25.842065
1283;19166;-0.0029;-0.6184;-1.4386;0.8195;25.842066
1283;19167;-0.0029;-0.6178;-1.4384;0.8195;25.842067
1283;19168;-0.0029;-0.6173;-1.4385;0.8178;25.842068
1283;19169;-0.0029;-0.6165;-1.4378;0.8153;25.842069
1283;19170;-0.0029;-0.6159;-1.4377;0.8111;25.842070
1283;19171;-0.0029;-0.6156;-1.4380;0.8077;25.842071
1283;19172;-0.0029;-0.6152;-1.4382;0.8103;25.842072
1283;19173;-0.0029;-0.6149;-1.4389;0.8119;25.842073
1283;19174;-0.0029;-0.6144;-1.4389;0.8128;25.842074
1283;19175;-0.0029;-0.6138;-1.4390;0.8144;25.842075
1283;19176;-0.0029;-0.6132;-1.4386;0.8186;25.842076
1283;19177;-0.0029;-0.6125;-1.4384;0.8295;25.842077
1283;19178;-0.0029;-0.6120;-1.4382;0.8337;25.842078
1283;19179;-0.0029;-0.6114;-1.4381;0.8320;25.842079
1283;19180;-0.0029;-0.6109;-1.4381;0.8303;25.842080
1283;19181;-0.0029;-0.6105;-1.4385;0.8236;25.842081
1283;19182;-0.0029;-0.6099;-1.4382;0.8186;25.842082
1283;19183;-0.0029;-0.6095;-1.4384;0.8178;25.842083
1283;19184;-0.0029;-0.6090;-1.4386;0.8170;25.842084
1283;19185;-0.0029;-0.6087;-1.4389;0.8103;25.842085
1283;19186;-0.0029;-0.6079;-1.4385;0.8010;25.842086
1283;19187;-0.0029;-0.6072;-1.4380;0.8002;25.842087
1283;19188;-0.0029;-0.6068;-1.4382;0.8019;25.842088
1283;19189;-0.0029;-0.6062;-1.4380;0.8036;25.842089
1283;19190;-0.0029;-0.6057;-1.4382;0.8052;25.842090
1283;19191;-0.0029;-0.6052;-1.4382;0.8052;25.842091
1283;19192;-0.0029;-0.6047;-1.4381;0.8103;25.842092
1283;19193;-0.0029;-0.6043;-1.4383;0.8144;25.842093
1283;19194;-0.0029;-0.6036;-1.4381;0.8255;25.842094
1283;19195;-0.0029;-0.6031;-1.4380;0.8306;25.842095
1283;19196;-0.0029;-0.6027;-1.4385;0.8314;25.842096
1283;19197;-0.0029;-0.6022;-1.4384;0.8348;25.842097
1283;19198;-0.0029;-0.6017;-1.4385;0.8340;25.842098
1283;19199;-0.0029;-0.6011;-1.4383;0.8213;25.842099
1283;19200;-0.0029;-0.6006;-1.4383;0.8112;25.842100
1283;19201;-0.0029;-0.6001;-1.4384;0.8137;25.842101
1283;19202;-0.0029;-0.5996;-1.4384;0.8230;25.842102
1283;19203;-0.0029;-0.5992;-1.4388;0.8306;25.842103
1283;19204;-0.0029;-0.5988;-1.4389;0.8323;25.842104
1283;19205;-0.0029;-0.5981;-1.4386;0.8255;25.842105
1283;19206;-0.0029;-0.5975;-1.4383;0.8129;25.842106
1283;19207;-0.0029;-0.5970;-1.4382;0.8070;25.842107
1283;19208;-0.0029;-0.5965;-1.4385;0.8019;25.842108
1283;19209;-0.0029;-0.5960;-1.4384;0.7960;25.842109
1283;19210;-0.0029;-0.5953;-1.4381;0.7943;25.842110
1283;19211;-0.0029;-0.5948;-1.4381;0.7926;25.842111
1283;19212;-0.0029;-0.5942;-1.4379;0.7977;25.842112
1283;19213;-0.0029;-0.5937;-1.4378;0.8078;25.842113
1283;19214;-0.0029;-0.5932;-1.4380;0.8120;25.842114
1283;19215;-0.0029;-0.5927;-1.4380;0.8129;25.842115
1283;19216;-0.0029;-0.5923;-1.4384;0.8078;25.842116
1283;19217;-0.0029;-0.5919;-1.4385;0.8053;25.842117
1283;19218;-0.0029;-0.5913;-1.4383;0.8045;25.842118
1283;19219;-0.0029;-0.5908;-1.4384;0.8002;25.842119
1283;19220;-0.0029;-0.5903;-1.4382;0.7952;25.842120
1283;19221;-0.0029;-0.5898;-1.4386;0.7926;25.842121
1283;19222;-0.0029;-0.5892;-1.4382;0.7943;25.842122
1283;19223;-0.0029;-0.5885;-1.4380;0.7969;25.842123
1283;19224;-0.0029;-0.5881;-1.4379;0.7994;25.842124
1283;19225;-0.0029;-0.5875;-1.4379;0.8045;25.842125
1283;19226;-0.0029;-0.5870;-1.4378;0.8028;25.842126
1283;19227;-0.0029;-0.5865;-1.4380;0.7977;25.842127
1283;19228;-0.0029;-0.5862;-1.4384;0.7977;25.842128
1283;19229;-0.0029;-0.5856;-1.4384;0.7969;25.842129
1283;19230;-0.0029;-0.5849;-1.4377;0.7986;25.842130
1283;19231;-0.0029;-0.5844;-1.4378;0.7986;25.842131
1283;19232;-0.0029;-0.5840;-1.4381;0.7943;25.842132
1283;19233;-0.0029;-0.5836;-1.4383;0.7926;25.842133
1283;19234;-0.0029;-0.5831;-1.4384;0.7943;25.842134
1283;19235;-0.0029;-0.5824;-1.4380;0.8002;25.842135
1283;19236;-0.0029;-0.5820;-1.4382;0.8053;25.842136
1283;19237;-0.0029;-0.5815;-1.4382;0.8011;25.842137
1283;19238;-0.0029;-0.5808;-1.4379;0.7943;25.842138
1283;19239;-0.0029;-0.5804;-1.4380;0.7926;25.842139
1283;19240;-0.0029;-0.5797;-1.4376;0.7986;25.842140
1283;19241;-0.0029;-0.5792;-1.4375;0.8138;25.842141
1283;19242;-0.0029;-0.5787;-1.4376;0.8223;25.842142
1283;19243;-0.0029;-0.5783;-1.4379;0.8274;25.842143
1283;19244;-0.0029;-0.5778;-1.4381;0.8249;25.842144
1283;19245;-0.0029;-0.5771;-1.4373;0.8215;25.842145
1283;19246;-0.0029;-0.5764;-1.4369;0.8206;25.842146
1283;19247;-0.0029;-0.5758;-1.4369;0.8164;25.842147
1283;19248;-0.0029;-0.5754;-1.4370;0.8113;25.842148
1283;19249;-0.0029;-0.5751;-1.4376;0.7985;25.842149
1283;19250;-0.0029;-0.5747;-1.4379;0.7892;25.842150
1283;19251;-0.0029;-0.5742;-1.4380;0.7926;25.842151
1283;19252;-0.0029;-0.5738;-1.4381;0.7994;25.842152
1283;19253;-0.0029;-0.5732;-1.4379;0.8096;25.842153
1283;19254;-0.0029;-0.5726;-1.4376;0.8172;25.842154
1283;19255;-0.0029;-0.5719;-1.4372;0.8232;25.842155
1283;19256;-0.0029;-0.5714;-1.4373;0.8266;25.842156
1283;19257;-0.0029;-0.5712;-1.4382;0.8206;25.842157
1283;19258;-0.0029;-0.5707;-1.4382;0.8147;25.842158
1283;19259;-0.0029;-0.5703;-1.4383;0.8079;25.842159
1283;19260;-0.0029;-0.5697;-1.4382;0.7985;25.842160
1283;19261;-0.0029;-0.5692;-1.4380;0.7934;25.842161
1283;19262;-0.0029;-0.5686;-1.4380;0.7934;25.842162
1283;19263;-0.0029;-0.5682;-1.4381;0.8019;25.842163
1283;19264;-0.0029;-0.5677;-1.4384;0.8096;25.842164
1283;19265;-0.0029;-0.5672;-1.4384;0.8070;25.842165
1283;19266;-0.0029;-0.5665;-1.4380;0.8011;25.842166
1283;19267;-0.0029;-0.5660;-1.4378;0.8002;25.842167
1283;19268;-0.0029;-0.5654;-1.4376;0.8070;25.842168
1283;19269;-0.0029;-0.5651;-1.4381;0.8104;25.842169
1283;19270;-0.0029;-0.5646;-1.4383;0.8087;25.842170
1283;19271;-0.0029;-0.5640;-1.4381;0.8053;25.842171
1283;19272;-0.0029;-0.5636;-1.4383;0.8011;25.842172
1283;19273;-0.0029;-0.5630;-1.4382;0.8036;25.842173
1283;19274;-0.0029;-0.5627;-1.4383;0.8062;25.842174
1283;19275;-0.0029;-0.5621;-1.4383;0.8045;25.842175
1283;19276;-0.0029;-0.5616;-1.4383;0.8079;25.842176
1283;19277;-0.0029;-0.5610;-1.4382;0.8121;25.842177
1283;19278;-0.0029;-0.5605;-1.4379;0.8130;25.842178
1283;19279;-0.0029;-0.5601;-1.4384;0.8087;25.842179
1283;19280;-0.0029;-0.5598;-1.4389;0.8036;25.842180
1283;19281;-0.0029;-0.5592;-1.4387;0.8045;25.842181
1283;19282;-0.0029;-0.5587;-1.4386;0.8121;25.842182
1283;19283;-0.0029;-0.5581;-1.4386;0.8206;25.842183
1283;19284;-0.0029;-0.5578;-1.4389;0.8189;25.842184
1283;19285;-0.0029;-0.5573;-1.4389;0.8070;25.842185
1283;19286;-0.0029;-0.5565;-1.4382;0.8045;25.842186
1283;19287;-0.0029;-0.5558;-1.4377;0.8104;25.842187
1283;19288;-0.0029;-0.5553;-1.4379;0.8087;25.842188
1283;19289;-0.0029;-0.5549;-1.4381;0.8002;25.842189
1283;19290;-0.0029;-0.5545;-1.4383;0.7875;25.842190
1283;19291;-0.0029;-0.5540;-1.4383;0.7832;25.842191
1283;19292;-0.0029;-0.5534;-1.4382;0.7866;25.842192
1283;19293;-0.0029;-0.5530;-1.4383;0.7892;25.842193
1283;19294;-0.0029;-0.5526;-1.4388;0.7900;25.842194
1283;19295;-0.0029;-0.5523;-1.4391;0.7883;25.842195
1283;19296;-0.0029;-0.5515;-1.4385;0.7883;25.842196
1283;19297;-0.0029;-0.5509;-1.4382;0.7875;25.842197
1283;19298;-0.0029;-0.5505;-1.4383;0.7858;25.842198
1283;19299;-0.0029;-0.5499;-1.4383;0.7993;25.842199
1283;19300;-0.0029;-0.5495;-1.4383;0.8045;25.842200
1283;19301;-0.0029;-0.5489;-1.4382;0.8019;25.842201
1283;19302;-0.0029;-0.5483;-1.4380;0.7993;25.842202
1283;19303;-0.0029;-0.5479;-1.4381;0.8002;25.842203
1283;19304;-0.0029;-0.5473;-1.4380;0.8062;25.842204
1283;19305;-0.0029;-0.5468;-1.4382;0.8045;25.842205
1283;19306;-0.0029;-0.5462;-1.4380;0.7968;25.842206
1283;19307;-0.0029;-0.5457;-1.4379;0.7873;25.842207
1283;19308;-0.0029;-0.5453;-1.4382;0.7788;25.842208
1283;19309;-0.0029;-0.5449;-1.4382;0.7754;25.842209
1283;19310;-0.0029;-0.5444;-1.4384;0.7736;25.842210
1283;19311;-0.0029;-0.5438;-1.4381;0.7677;25.842211
1283;19312;-0.0029;-0.5432;-1.4379;0.7625;25.842212
1283;19313;-0.0029;-0.5428;-1.4380;0.7625;25.842213
1283;19314;-0.0029;-0.5423;-1.4382;0.7754;25.842214
1283;19315;-0.0029;-0.5418;-1.4382;0.7873;25.842215
1283;19316;-0.0029;-0.5414;-1.4383;0.7950;25.842216
1283;19317;-0.0029;-0.5410;-1.4387;0.7959;25.842217
1283;19318;-0.0029;-0.5405;-1.4389;0.7873;25.842218
1283;19319;-0.0029;-0.5401;-1.4388;0.7822;25.842219
1283;19320;-0.0029;-0.5396;-1.4389;0.7796;25.842220
1283;19321;-0.0029;-0.5390;-1.4387;0.7762;25.842221
1283;19322;-0.0029;-0.5384;-1.4384;0.7728;25.842222
1283;19323;-0.0029;-0.5377;-1.4379;0.7659;25.842223
1283;19324;-0.0029;-0.5372;-1.4379;0.7582;25.842224
1283;19325;-0.0029;-0.5369;-1.4385;0.7531;25.842225
1283;19326;-0.0029;-0.5363;-1.4382;0.7557;25.842226
1283;19327;-0.0029;-0.5357;-1.4379;0.7591;25.842227
1283;19328;-0.0029;-0.5351;-1.4377;0.7582;25.842228
1283;19329;-0.0029;-0.5346;-1.4377;0.7608;25.842229
1283;19330;-0.0029;-0.5343;-1.4382;0.7625;25.842230
1283;19331;-0.0029;-0.5338;-1.4384;0.7557;25.842231
1283;19332;-0.0029;-0.5333;-1.4382;0.7454;25.842232
1283;19333;-0.0029;-0.5328;-1.4383;0.7283;25.842233
1283;19334;-0.0029;-0.5324;-1.4387;0.7095;25.842234
1283;19335;-0.0029;-0.5322;-1.4392;0.6949;25.842235
1283;19336;-0.0029;-0.5317;-1.4394;0.6881;25.842236
1283;19337;-0.0029;-0.5311;-1.4390;0.6898;25.842237
1283;19338;-0.0029;-0.5306;-1.4392;0.6906;25.842238
1283;19339;-0.0029;-0.5300;-1.4388;0.6855;25.842239
1283;19340;-0.0029;-0.5294;-1.4385;0.6761;25.842240
1283;19341;-0.0029;-0.5288;-1.4383;0.6701;25.842241
1283;19342;-0.0029;-0.5284;-1.4385;0.6701;25.842242
1283;19343;-0.0029;-0.5279;-1.4387;0.6675;25.842243
1283;19344;-0.0029;-0.5274;-1.4385;0.6624;25.842244
1283;19345;-0.0029;-0.5268;-1.4383;0.6607;25.842245
1283;19346;-0.0029;-0.5264;-1.4387;0.6581;25.842246
1283;19347;-0.0029;-0.5260;-1.4390;0.6521;25.842247
1283;19348;-0.0029;-0.5257;-1.4394;0.6410;25.842248
1283;19349;-0.0029;-0.5251;-1.4393;0.6282;25.842249
1283;19350;-0.0029;-0.5245;-1.4388;0.6196;25.842250
1283;19351;-0.0029;-0.5239;-1.4385;0.6102;25.842251
1283;19352;-0.0029;-0.5234;-1.4385;0.6025;25.842252
1283;19353;-0.0029;-0.5230;-1.4387;0.5897;25.842253
1283;19354;-0.0029;-0.5225;-1.4387;0.5734;25.842254
1283;19355;-0.0029;-0.5220;-1.4389;0.5571;25.842255
1283;19356;-0.0029;-0.5216;-1.4391;0.5366;25.842256
1283;19357;-0.0029;-0.5211;-1.4390;0.5152;25.842257
1283;19358;-0.0029;-0.5206;-1.4392;0.4887;25.842258
1283;19359;-0.0029;-0.5202;-1.4393;0.4587;25.842259
1283;19360;-0.0029;-0.5196;-1.4392;0.4262;25.842260
1283;19361;-0.0029;-0.5192;-1.4394;0.3928;25.842261
1283;19362;-0.0029;-0.5186;-1.4394;0.3605;25.842262
1283;19363;-0.0029;-0.5184;-1.4398;0.3192;25.842263
1283;19364;-0.0029;-0.5180;-1.4403;0.2790;25.842264
1283;19365;-0.0029;-0.5176;-1.4405;0.2430;25.842265
1283;19366;-0.0029;-0.5172;-1.4406;0.2097;25.842266
1283;19367;-0.0029;-0.5167;-1.4406;0.1772;25.842267
1283;19368;-0.0029;-0.5161;-1.4405;0.1481;25.842268
1283;19369;-0.0029;-0.5160;-1.4415;0.1241;25.842269
1283;19370;-0.0029;-0.5158;-1.4423;0.0999;25.842270
1283;19371;-0.0029;-0.5159;-1.4441;0.0779;25.842271
1283;19372;-0.0029;-0.5157;-1.4451;0.0599;25.842272
1283;19373;-0.0029;-0.5147;-1.4437;0.0470;25.842273
1283;19374;-0.0029;-0.5132;-1.4406;0.0370;25.842274
1283;19375;-0.0029;-0.5114;-1.4371;0.0282;25.842275
1283;19376;-0.0029;-0.5116;-1.4389;0.0226;25.842276
1283;19377;-0.0029;-0.5138;-1.4465;0.0192;25.842277
1283;19378;-0.0029;-0.5182;-1.4602;0.0166;25.842278
1283;19379;-0.0015;-0.2799;-0.7897;0.0290;25.842279
1283;19380;-0.0015;-0.2794;-0.7890;0.0248;25.842280
1283;19381;-0.0015;-0.2804;-0.7927;0.0189;25.842281
1283;19382;-0.0015;-0.2840;-0.8036;0.0142;25.842282
1283;19383;-0.0015;-0.2838;-0.8038;0.0146;25.842283
1283;19384;-0.0015;-0.2831;-0.8026;0.0175;25.842284
1283;19385;-0.0015;-0.2872;-0.8148;0.0183;25.842285
1283;19386;-0.0015;-0.2881;-0.8184;0.0177;25.842286
1283;19387;-0.0015;-0.2892;-0.8223;0.0180;25.842287
1283;19388;-0.0015;-0.2883;-0.8204;0.0187;25.842288
1283;19389;-0.0016;-0.2905;-0.8275;0.0163;25.842289
1283;19390;-0.0016;-0.2951;-0.8416;0.0152;25.842290
1283;19391;-0.0016;-0.2947;-0.8412;0.0174;25.842291
1283;19392;-0.0016;-0.2941;-0.8402;0.0220;25.842292
1283;19393;-0.0016;-0.2931;-0.8383;0.0242;25.842293
1283;19394;-0.0016;-0.2915;-0.8343;0.0242;25.842294
1283;19395;-0.0016;-0.2888;-0.8276;0.0233;25.842295
1283;19396;-0.0016;-0.2888;-0.8283;0.0243;25.842296
1283;19397;-0.0016;-0.2916;-0.8373;0.0272;25.842297
1283;19398;-0.0016;-0.2908;-0.8357;0.0301;25.842298
1283;19399;-0.0016;-0.2895;-0.8328;0.0337;25.842299
1283;19400;-0.0016;-0.2887;-0.8313;0.0370;25.842300
1283;19401;-0.0016;-0.2886;-0.8320;0.0373;25.842301
1283;19402;-0.0003;-0.0549;-0.1585;0.0488;25.842302
1283;19403;-0.0003;-0.0564;-0.1628;0.0496;25.842303
1283;19404;-0.0003;-0.0560;-0.1620;0.0507;25.842304
1283;19405;-0.0016;-0.2897;-0.8383;0.0350;25.842305
1283;19406;-0.0016;-0.2874;-0.8326;0.0352;25.842306
1283;19407;-0.0016;-0.2847;-0.8255;0.0398;25.842307
1283;19408;-0.0015;-0.2831;-0.8218;0.0443;25.842308
1283;19409;-0.0003;-0.0501;-0.1455;0.0608;25.842309
1283;19410;-0.0003;-0.0520;-0.1512;0.0621;25.842310
1283;19411;-0.0003;-0.0523;-0.1523;0.0652;25.842311
1283;19412;-0.0003;-0.0521;-0.1519;0.0657;25.842312
1283;19413;-0.0003;-0.0522;-0.1522;0.0653;25.842313
1283;19414;-0.0003;-0.0520;-0.1520;0.0689;25.842314
1283;19415;-0.0003;-0.0513;-0.1500;0.0710;25.842315
1283;19416;-0.0003;-0.0519;-0.1519;0.0721;25.842316
1283;19417;-0.0003;-0.0521;-0.1526;0.0744;25.842317
1283;19418;-0.0003;-0.0508;-0.1489;0.0734;25.842318
1283;19419;-0.0003;-0.0503;-0.1476;0.0725;25.842319
1283;19420;-0.0003;-0.0503;-0.1478;0.0740;25.842320
1283;19421;-0.0003;-0.0506;-0.1488;0.0762;25.842321
1283;19422;-0.0003;-0.0520;-0.1530;0.0778;25.842322
1283;19423;-0.0003;-0.0515;-0.1518;0.0770;25.842323
1283;19424;-0.0003;-0.0499;-0.1470;0.0773;25.842324
1283;19425;-0.0003;-0.0501;-0.1480;0.0784;25.842325
1283;19426;-0.0003;-0.0519;-0.1534;0.0798;25.842326
1283;19427;-0.0003;-0.0521;-0.1541;0.0803;25.842327
1283;19428;-0.0003;-0.0510;-0.1509;0.0800;25.842328
1283;19429;-0.0003;-0.0501;-0.1484;0.0816;25.842329
1283;19430;-0.0003;-0.0494;-0.1467;0.0850;25.842330
1283;19431;-0.0003;-0.0484;-0.1439;0.0842;25.842331
1283;19432;-0.0003;-0.0492;-0.1463;0.0815;25.842332
1283;19433;-0.0003;-0.0499;-0.1485;0.0804;25.842333
1283;19434;-0.0003;-0.0497;-0.1480;0.0821;25.842334
1283;19435;-0.0003;-0.0491;-0.1465;0.0855;25.842335
1283;19436;-0.0003;-0.0490;-0.1464;0.0872;25.842336
1283;19437;-0.0003;-0.0501;-0.1497;0.0869;25.842337
1283;19438;-0.0003;-0.0503;-0.1504;0.0875;25.842338
1283;19439;-0.0003;-0.0493;-0.1477;0.0887;25.842339
1283;19440;-0.0003;-0.0491;-0.1471;0.0886;25.842340
1283;19441;-0.0003;-0.0500;-0.1501;0.0885;25.842341
1283;19442;-0.0003;-0.0499;-0.1500;0.0882;25.842342
1283;19443;-0.0003;-0.0491;-0.1478;0.0867;25.842343
1283;19444;-0.0003;-0.0478;-0.1438;0.0885;25.842344
1283;19445;-0.0003;-0.0463;-0.1397;0.0874;25.842345
1283;19446;-0.0003;-0.0466;-0.1405;0.0840;25.842346
1283;19447;-0.0003;-0.0476;-0.1439;0.0830;25.842347
1283;19448;-0.0003;-0.0477;-0.1442;0.0842;25.842348
1283;19449;-0.0003;-0.0474;-0.1434;0.0836;25.842349
1283;19450;-0.0003;-0.0463;-0.1402;0.0834;25.842350
1283;19451;-0.0003;-0.0455;-0.1379;0.0860;25.842351
1283;19452;-0.0003;-0.0461;-0.1400;0.0888;25.842352
1283;19453;-0.0003;-0.0460;-0.1398;0.0880;25.842353
1283;19454;-0.0003;-0.0452;-0.1376;0.0849;25.842354
1283;19455;-0.0003;-0.0443;-0.1350;0.0849;25.842355
1283;19456;-0.0003;-0.0444;-0.1354;0.0868;25.842356
1283;19457;-0.0003;-0.0447;-0.1363;0.0851;25.842357
1283;19458;-0.0003;-0.0445;-0.1359;0.0826;25.842358
1283;19459;-0.0002;-0.0432;-0.1320;0.0846;25.842359
1283;19460;-0.0002;-0.0421;-0.1288;0.0866;25.842360
1283;19461;-0.0002;-0.0410;-0.1256;0.0841;25.842361
1283;19462;-0.0002;-0.0406;-0.1245;0.0812;25.842362
1283;19463;-0.0002;-0.0413;-0.1267;0.0817;25.842363
1283;19464;-0.0002;-0.0422;-0.1298;0.0827;25.842364
1283;19465;-0.0002;-0.0427;-0.1313;0.0822;25.842365
1283;19466;-0.0002;-0.0419;-0.1289;0.0830;25.842366
1283;19467;-0.0002;-0.0415;-0.1278;0.0835;25.842367
1283;19468;-0.0002;-0.0417;-0.1288;0.0813;25.842368
1283;19469;-0.0002;-0.0419;-0.1294;0.0809;25.842369
1283;19470;-0.0002;-0.0427;-0.1321;0.0829;25.842370
1283;19471;-0.0003;-0.0437;-0.1354;0.0815;25.842371
1283;19472;-0.0003;-0.0444;-0.1377;0.0790;25.842372
1283;19473;-0.0003;-0.0435;-0.1348;0.0793;25.842373
1283;19474;-0.0002;-0.0418;-0.1297;0.0814;25.842374
1283;19475;-0.0002;-0.0409;-0.1272;0.0801;25.842375
1283;19476;-0.0002;-0.0406;-0.1264;0.0772;25.842376
1283;19477;-0.0002;-0.0415;-0.1293;0.0776;25.842377
1283;19478;-0.0002;-0.0420;-0.1309;0.0789;25.842378
1283;19479;-0.0002;-0.0406;-0.1269;0.0788;25.842379
1283;19480;-0.0002;-0.0400;-0.1249;0.0796;25.842380
1283;19481;-0.0002;-0.0400;-0.1251;0.0802;25.842381
1283;19482;-0.0002;-0.0398;-0.1247;0.0802;25.842382
1283;19483;-0.0002;-0.0397;-0.1246;0.0788;25.842383
1283;19484;-0.0002;-0.0402;-0.1261;0.0756;25.842384
1283;19485;-0.0002;-0.0413;-0.1296;0.0749;25.842385
1283;19486;-0.0002;-0.0417;-0.1312;0.0767;25.842386
1283;19487;-0.0002;-0.0415;-0.1305;0.0773;25.842387
1283;19488;-0.0002;-0.0409;-0.1288;0.0736;25.842388
1283;19489;-0.0002;-0.0394;-0.1244;0.0716;25.842389
1283;19490;-0.0002;-0.0380;-0.1200;0.0744;25.842390
1283;19491;-0.0002;-0.0371;-0.1173;0.0767;25.842391
1283;19492;-0.0002;-0.0363;-0.1149;0.0765;25.842392
1283;19493;-0.0002;-0.0363;-0.1149;0.0752;25.842393
1283;19494;-0.0002;-0.0374;-0.1187;0.0731;25.842394
1283;19495;-0.0002;-0.0391;-0.1242;0.0717;25.842395
1283;19496;-0.0002;-0.0394;-0.1251;0.0739;25.842396
1283;19497;-0.0002;-0.0390;-0.1240;0.0783;25.842397
1283;19498;-0.0002;-0.0386;-0.1229;0.0778;25.842398
1283;19499;-0.0002;-0.0380;-0.1211;0.0731;25.842399
1283;19500;-0.0002;-0.0385;-0.1228;0.0696;25.842400
1283;19501;-0.0002;-0.0390;-0.1248;0.0697;25.842401
1283;19502;-0.0002;-0.0384;-0.1230;0.0718;25.842402
1283;19503;-0.0002;-0.0385;-0.1234;0.0714;25.842403
1283;19504;-0.0002;-0.0391;-0.1254;0.0711;25.842404
1283;19505;-0.0002;-0.0380;-0.1220;0.0750;25.842405
1283;19506;-0.0002;-0.0367;-0.1180;0.0758;25.842406
1283;19507;-0.0002;-0.0365;-0.1175;0.0729;25.842407
1283;19508;-0.0002;-0.0366;-0.1180;0.0698;25.842408
1283;19509;-0.0002;-0.0341;-0.1098;0.0701;25.842409
1283;19510;-0.0002;-0.0325;-0.1049;0.0704;25.842410
1283;19511;-0.0002;-0.0324;-0.1048;0.0700;25.842411
1283;19512;-0.0002;-0.0332;-0.1073;0.0679;25.842412
1283;19513;-0.0002;-0.0325;-0.1053;0.0652;25.842413
1283;19514;-0.0002;-0.0324;-0.1050;0.0658;25.842414
1283;19515;-0.0002;-0.0335;-0.1087;0.0671;25.842415
1283;19516;-0.0002;-0.0359;-0.1166;0.0676;25.842416
1283;19517;-0.0002;-0.0354;-0.1152;0.0667;25.842417
1283;19518;-0.0002;-0.0353;-0.1150;0.0673;25.842418
1283;19519;-0.0002;-0.0362;-0.1181;0.0697;25.842419
1283;19520;-0.0002;-0.0366;-0.1195;0.0732;25.842420
1283;19521;-0.0002;-0.0353;-0.1153;0.0743;25.842421
1283;19522;-0.0002;-0.0321;-0.1049;0.0709;25.842422
1283;19523;-0.0002;-0.0314;-0.1029;0.0680;25.842423
1283;19524;-0.0002;-0.0314;-0.1029;0.0660;25.842424
1283;19525;-0.0002;-0.0309;-0.1014;0.0651;25.842425
1283;19526;-0.0002;-0.0315;-0.1034;0.0657;25.842426
1283;19527;-0.0002;-0.0329;-0.1083;0.0673;25.842427
1283;19528;-0.0002;-0.0335;-0.1102;0.0655;25.842428
1283;19529;-0.0002;-0.0323;-0.1065;0.0626;25.842429
1283;19530;-0.0002;-0.0323;-0.1067;0.0631;25.842430
1283;19531;-0.0002;-0.0349;-0.1154;0.0643;25.842431
1283;19532;-0.0002;-0.0349;-0.1153;0.0623;25.842432
1283;19533;-0.0002;-0.0317;-0.1050;0.0626;25.842433
1283;19534;-0.0002;-0.0319;-0.1056;0.0650;25.842434
1283;19535;-0.0002;-0.0322;-0.1067;0.0653;25.842435
1283;19536;-0.0002;-0.0313;-0.1038;0.0632;25.842436
1283;19537;-0.0002;-0.0296;-0.0983;0.0603;25.842437
1283;19538;-0.0002;-0.0277;-0.0923;0.0609;25.842438
1283;19539;-0.0002;-0.0277;-0.0923;0.0652;25.842439
1283;19540;-0.0002;-0.0295;-0.0983;0.0686;25.842440
1283;19541;-0.0002;-0.0315;-0.1052;0.0685;25.842441
1283;19542;-0.0002;-0.0320;-0.1071;0.0657;25.842442
1283;19543;-0.0002;-0.0311;-0.1039;0.0638;25.842443
1283;19544;-0.0002;-0.0307;-0.1029;0.0643;25.842444
1283;19545;-0.0002;-0.0306;-0.1028;0.0640;25.842445
1283;19546;-0.0002;-0.0286;-0.0962;0.0632;25.842446
1283;19547;-0.0002;-0.0278;-0.0933;0.0648;25.842447
1283;19548;-0.0002;-0.0295;-0.0993;0.0674;25.842448
1283;19549;-0.0002;-0.0309;-0.1043;0.0680;25.842449
1283;19550;-0.0002;-0.0313;-0.1057;0.0681;25.842450
1283;19551;-0.0002;-0.0310;-0.1047;0.0683;25.842451
1283;19552;-0.0002;-0.0298;-0.1006;0.0678;25.842452
1283;19553;-0.0002;-0.0282;-0.0956;0.0657;25.842453
1283;19554;-0.0002;-0.0273;-0.0924;0.0627;25.842454
1283;19555;-0.0002;-0.0276;-0.0938;0.0621;25.842455
1283;19556;-0.0002;-0.0284;-0.0965;0.0643;25.842456
1283;19557;-0.0002;-0.0287;-0.0976;0.0648;25.842457
1283;19558;-0.0002;-0.0282;-0.0961;0.0637;25.842458
1283;19559;-0.0002;-0.0279;-0.0949;0.0653;25.842459
1283;19560;-0.0002;-0.0280;-0.0956;0.0685;25.842460
1283;19561;-0.0002;-0.0282;-0.0963;0.0686;25.842461
1283;19562;-0.0002;-0.0274;-0.0936;0.0671;25.842462
1283;19563;-0.0002;-0.0263;-0.0901;0.0668;25.842463
1283;19564;-0.0002;-0.0258;-0.0886;0.0668;25.842464
1283;19565;-0.0002;-0.0257;-0.0881;0.0664;25.842465
1283;19566;-0.0002;-0.0271;-0.0930;0.0649;25.842466
1283;19567;-0.0002;-0.0292;-0.1004;0.0647;25.842467
1283;19568;-0.0002;-0.0293;-0.1008;0.0637;25.842468
1283;19569;-0.0002;-0.0278;-0.0959;0.0620;25.842469
1283;19570;-0.0002;-0.0263;-0.0906;0.0628;25.842470
1283;19571;-0.0002;-0.0252;-0.0871;0.0649;25.842471
1283;19572;-0.0002;-0.0250;-0.0863;0.0628;25.842472
1283;19573;-0.0002;-0.0250;-0.0864;0.0621;25.842473
1283;19574;-0.0002;-0.0256;-0.0888;0.0652;25.842474
1283;19575;-0.0002;-0.0261;-0.0906;0.0698;25.842475
1283;19576;-0.0002;-0.0262;-0.0909;0.0730;25.842476
1283;19577;-0.0002;-0.0266;-0.0924;0.0725;25.842477
1283;19578;-0.0002;-0.0266;-0.0927;0.0720;25.842478
1283;19579;-0.0002;-0.0273;-0.0951;0.0693;25.842479
1283;19580;-0.0002;-0.0280;-0.0976;0.0649;25.842480
1283;19581;-0.0002;-0.0272;-0.0949;0.0643;25.842481
1283;19582;-0.0002;-0.0255;-0.0892;0.0661;25.842482
1283;19583;-0.0002;-0.0234;-0.0820;0.0661;25.842483
1283;19584;-0.0001;-0.0226;-0.0793;0.0644;25.842484
1283;19585;-0.0002;-0.0236;-0.0830;0.0661;25.842485
1283;19586;-0.0002;-0.0242;-0.0850;0.0672;25.842486
1283;19587;-0.0002;-0.0253;-0.0891;0.0634;25.842487
1283;19588;-0.0002;-0.0262;-0.0923;0.0619;25.842488
1283;19589;-0.0002;-0.0256;-0.0903;0.0653;25.842489
1283;19590;-0.0002;-0.0244;-0.0861;0.0696;25.842490
1283;19591;-0.0002;-0.0238;-0.0841;0.0719;25.842491
1283;19592;-0.0002;-0.0245;-0.0868;0.0709;25.842492
1283;19593;-0.0002;-0.0252;-0.0895;0.0683;25.842493
1283;19594;-0.0002;-0.0235;-0.0834;0.0670;25.842494
1283;19595;-0.0001;-0.0220;-0.0780;0.0667;25.842495
1283;19596;-0.0001;-0.0213;-0.0758;0.0672;25.842496
1283;19597;-0.0001;-0.0211;-0.0752;0.0676;25.842497
1283;19598;-0.0001;-0.0207;-0.0739;0.0662;25.842498
1283;19599;-0.0001;-0.0219;-0.0783;0.0661;25.842499
1283;19600;-0.0002;-0.0244;-0.0870;0.0685;25.842500
1283;19601;-0.0002;-0.0253;-0.0906;0.0732;25.842501
1283;19602;-0.0002;-0.0248;-0.0889;0.0749;25.842502
1283;19603;-0.0002;-0.0237;-0.0851;0.0727;25.842503
1283;19604;-0.0002;-0.0233;-0.0838;0.0727;25.842504
1283;19605;-0.0002;-0.0237;-0.0853;0.0746;25.842505
1283;19606;-0.0002;-0.0230;-0.0828;0.0724;25.842506
1283;19607;-0.0002;-0.0227;-0.0817;0.0699;25.842507
1283;19608;-0.0002;-0.0222;-0.0802;0.0701;25.842508
1283;19609;-0.0001;-0.0210;-0.0759;0.0728;25.842509
1283;19610;-0.0001;-0.0200;-0.0721;0.0751;25.842510
1283;19611;-0.0001;-0.0190;-0.0688;0.0751;25.842511
1283;19612;-0.0001;-0.0199;-0.0722;0.0756;25.842512
1283;19613;-0.0002;-0.0221;-0.0802;0.0774;25.842513
1283;19614;-0.0002;-0.0228;-0.0827;0.0779;25.842514
1283;19615;-0.0002;-0.0221;-0.0803;0.0770;25.842515
1283;19616;-0.0001;-0.0209;-0.0762;0.0762;25.842516
1283;19617;-0.0001;-0.0211;-0.0769;0.0774;25.842517
1283;19618;-0.0001;-0.0209;-0.0762;0.0805;25.842518
1283;19619;-0.0001;-0.0202;-0.0737;0.0852;25.842519
1283;19620;-0.0001;-0.0201;-0.0736;0.0855;25.842520
1283;19621;-0.0001;-0.0206;-0.0754;0.0829;25.842521
1283;19622;-0.0001;-0.0203;-0.0746;0.0820;25.842522
1283;19623;-0.0001;-0.0202;-0.0743;0.0831;25.842523
1283;19624;-0.0001;-0.0208;-0.0765;0.0864;25.842524
1283;19625;-0.0001;-0.0205;-0.0754;0.0888;25.842525
1283;19626;-0.0001;-0.0199;-0.0734;0.0898;25.842526
1283;19627;-0.0001;-0.0191;-0.0705;0.0900;25.842527
1283;19628;-0.0001;-0.0191;-0.0704;0.0895;25.842528
1283;19629;-0.0001;-0.0193;-0.0714;0.0886;25.842529
1283;19630;-0.0001;-0.0190;-0.0704;0.0886;25.842530
1283;19631;-0.0001;-0.0194;-0.0718;0.0888;25.842531
1283;19632;-0.0001;-0.0201;-0.0747;0.0923;25.842532
1283;19633;-0.0001;-0.0200;-0.0745;0.0946;25.842533
1283;19634;-0.0001;-0.0193;-0.0720;0.0950;25.842534
1283;19635;-0.0001;-0.0193;-0.0718;0.0971;25.842535
1283;19636;-0.0001;-0.0196;-0.0732;0.1006;25.842536
1283;19637;-0.0001;-0.0186;-0.0696;0.1036;25.842537
1283;19638;-0.0001;-0.0177;-0.0663;0.1060;25.842538
1283;19639;-0.0001;-0.0180;-0.0674;0.1060;25.842539
1283;19640;-0.0001;-0.0185;-0.0694;0.1050;25.842540
1283;19641;-0.0001;-0.0187;-0.0703;0.1049;25.842541
1283;19642;-0.0001;-0.0188;-0.0706;0.1055;25.842542
1283;19643;-0.0001;-0.0184;-0.0693;0.1066;25.842543
1283;19644;-0.0001;-0.0183;-0.0690;0.1096;25.842544
1283;19645;-0.0001;-0.0189;-0.0712;0.1136;25.842545
1283;19646;-0.0001;-0.0186;-0.0701;0.1146;25.842546
1283;19647;-0.0001;-0.0182;-0.0688;0.1151;25.842547
1283;19648;-0.0001;-0.0185;-0.0701;0.1145;25.842548
1283;19649;-0.0001;-0.0189;-0.0715;0.1162;25.842549
1283;19650;-0.0001;-0.0189;-0.0717;0.1205;25.842550
1283;19651;-0.0001;-0.0181;-0.0688;0.1253;25.842551
1283;19652;-0.0001;-0.0169;-0.0644;0.1283;25.842552
1283;19653;-0.0001;-0.0164;-0.0625;0.1301;25.842553
1283;19654;-0.0001;-0.0169;-0.0644;0.1320;25.842554
1283;19655;-0.0001;-0.0175;-0.0668;0.1335;25.842555
1283;19656;-0.0001;-0.0175;-0.0670;0.1377;25.842556
1283;19657;-0.0001;-0.0173;-0.0664;0.1444;25.842557
1283;19658;-0.0001;-0.0172;-0.0661;0.1472;25.842558
1283;19659;-0.0001;-0.0175;-0.0671;0.1476;25.842559
1283;19660;-0.0001;-0.0179;-0.0689;0.1504;25.842560
1283;19661;-0.0001;-0.0174;-0.0668;0.1516;25.842561
1283;19662;-0.0001;-0.0167;-0.0644;0.1503;25.842562
1283;19663;-0.0001;-0.0167;-0.0646;0.1528;25.842563
1283;19664;-0.0001;-0.0168;-0.0651;0.1564;25.842564
1283;19665;-0.0001;-0.0168;-0.0648;0.1584;25.842565
1283;19666;-0.0001;-0.0168;-0.0650;0.1614;25.842566
1283;19667;-0.0001;-0.0167;-0.0646;0.1645;25.842567
1283;19668;-0.0001;-0.0166;-0.0644;0.1677;25.842568
1283;19669;-0.0001;-0.0163;-0.0635;0.1696;25.842569
1283;19670;-0.0001;-0.0160;-0.0624;0.1720;25.842570
1283;19671;-0.0001;-0.0155;-0.0604;0.1745;25.842571
1283;19672;-0.0001;-0.0152;-0.0594;0.1761;25.842572
1283;19673;-0.0001;-0.0159;-0.0620;0.1760;25.842573
1283;19674;-0.0001;-0.0162;-0.0633;0.1799;25.842574
1283;19675;-0.0001;-0.0157;-0.0616;0.1877;25.842575
1283;19676;-0.0001;-0.0157;-0.0615;0.1919;25.842576
1283;19677;-0.0001;-0.0161;-0.0631;0.1951;25.842577
1283;19678;-0.0001;-0.0158;-0.0622;0.1977;25.842578
1283;19679;-0.0001;-0.0151;-0.0596;0.1997;25.842579
1283;19680;-0.0001;-0.0148;-0.0582;0.2019;25.842580
1283;19681;-0.0001;-0.0149;-0.0588;0.1993;25.842581
1283;19682;-0.0001;-0.0151;-0.0596;0.2012;25.842582
1283;19683;-0.0001;-0.0155;-0.0615;0.2077;25.842583
1283;19684;-0.0001;-0.0154;-0.0609;0.2120;25.842584
1283;19685;-0.0001;-0.0148;-0.0589;0.2188;25.842585
1283;19686;-0.0001;-0.0147;-0.0584;0.2274;25.842586
1283;19687;-0.0001;-0.0146;-0.0582;0.2352;25.842587
1283;19688;-0.0001;-0.0144;-0.0576;0.2418;25.842588
1283;19689;-0.0001;-0.0144;-0.0574;0.2449;25.842589
1283;19690;-0.0001;-0.0146;-0.0582;0.2492;25.842590
1283;19691;-0.0001;-0.0147;-0.0588;0.2516;25.842591
1283;19692;-0.0001;-0.0147;-0.0589;0.2517;25.842592
1283;19693;-0.0001;-0.0146;-0.0587;0.2560;25.842593
1283;19694;-0.0001;-0.0143;-0.0576;0.2627;25.842594
1283;19695;-0.0001;-0.0142;-0.0571;0.2670;25.842595
1283;19696;-0.0001;-0.0142;-0.0571;0.2708;25.842596
1283;19697;-0.0001;-0.0140;-0.0564;0.2767;25.842597
1283;19698;-0.0001;-0.0139;-0.0563;0.2817;25.842598
1283;19699;-0.0001;-0.0139;-0.0563;0.2861;25.842599
1283;19700;-0.0001;-0.0140;-0.0567;0.2883;25.842600
1283;19701;-0.0001;-0.0142;-0.0576;0.2949;25.842601
1283;19702;-0.0001;-0.0144;-0.0585;0.2991;25.842602
1283;19703;-0.0001;-0.0144;-0.0583;0.3013;25.842603
1283;19704;-0.0001;-0.0142;-0.0578;0.3014;25.842604
1283;19705;-0.0001;-0.0141;-0.0574;0.3036;25.842605
1283;19706;-0.0001;-0.0140;-0.0572;0.3123;25.842606
1283;19707;-0.0001;-0.0139;-0.0570;0.3167;25.842607
1283;19708;-0.0001;-0.0138;-0.0565;0.3254;25.842608
1283;19709;-0.0001;-0.0137;-0.0561;0.3298;25.842609
1283;19710;-0.0001;-0.0137;-0.0561;0.3364;25.842610
1283;19711;-0.0001;-0.0138;-0.0565;0.3451;25.842611
1283;19712;-0.0001;-0.0139;-0.0570;0.3495;25.842612
1283;19713;-0.0001;-0.0141;-0.0583;0.3516;25.842613
1283;19714;-0.0001;-0.0142;-0.0588;0.3515;25.842614
1283;19715;-0.0001;-0.0140;-0.0577;0.3582;25.842615
1283;19716;-0.0001;-0.0136;-0.0560;0.3647;25.842616
1283;19717;-0.0001;-0.0135;-0.0558;0.3647;25.842617
1283;19718;-0.0001;-0.0135;-0.0560;0.3669;25.842618
1283;19719;-0.0001;-0.0135;-0.0559;0.3778;25.842619
1283;19720;-0.0001;-0.0136;-0.0565;0.3910;25.842620
1283;19721;-0.0001;-0.0136;-0.0565;0.3975;25.842621
1283;19722;-0.0001;-0.0133;-0.0555;0.3997;25.842622
1283;19723;-0.0001;-0.0133;-0.0555;0.4019;25.842623
1283;19724;-0.0001;-0.0136;-0.0568;0.4041;25.842624
1283;19725;-0.0001;-0.0137;-0.0575;0.4041;25.842625
1283;19726;-0.0001;-0.0137;-0.0575;0.4106;25.842626
1283;19727;-0.0001;-0.0136;-0.0573;0.4193;25.842627
1283;19728;-0.0001;-0.0134;-0.0564;0.4259;25.842628
1283;19729;-0.0001;-0.0131;-0.0550;0.4346;25.842629
1283;19730;-0.0001;-0.0131;-0.0550;0.4434;25.842630
1283;19731;-0.0001;-0.0132;-0.0557;0.4565;25.842631
1283;19732;-0.0001;-0.0131;-0.0555;0.4608;25.842632
1283;19733;-0.0001;-0.0131;-0.0552;0.4674;25.842633
1283;19734;-0.0001;-0.0131;-0.0555;0.4718;25.842634
1283;19735;-0.0001;-0.0131;-0.0554;0.4739;25.842635
1283;19736;-0.0001;-0.0130;-0.0554;0.4718;25.842636
1283;19737;-0.0001;-0.0131;-0.0557;0.4718;25.842637
1283;19738;-0.0001;-0.0131;-0.0557;0.4761;25.842638
1283;19739;-0.0001;-0.0131;-0.0559;0.4849;25.842639
1283;19740;-0.0001;-0.0131;-0.0561;0.4914;25.842640
1283;19741;-0.0001;-0.0131;-0.0559;0.4958;25.842641
1283;19742;-0.0001;-0.0130;-0.0556;0.5023;25.842642
1283;19743;-0.0001;-0.0127;-0.0546;0.5111;25.842643
1283;19744;-0.0001;-0.0125;-0.0535;0.5220;25.842644
1283;19745;-0.0001;-0.0124;-0.0535;0.5307;25.842645
1283;19746;-0.0001;-0.0125;-0.0537;0.5373;25.842646
1283;19747;-0.0001;-0.0126;-0.0542;0.5417;25.842647
1283;19748;-0.0001;-0.0125;-0.0539;0.5460;25.842648
1283;19749;-0.0001;-0.0123;-0.0532;0.5548;25.842649
1283;19750;-0.0001;-0.0124;-0.0537;0.5613;25.842650
1283;19751;-0.0001;-0.0127;-0.0549;0.5657;25.842651
1283;19752;-0.0001;-0.0128;-0.0558;0.5766;25.842652
1283;19753;-0.0001;-0.0128;-0.0558;0.5832;25.842653
1283;19754;-0.0001;-0.0129;-0.0562;0.5897;25.842654
1283;19755;-0.0001;-0.0130;-0.0567;0.5919;25.842655
1283;19756;-0.0001;-0.0129;-0.0565;0.5963;25.842656
1283;19757;-0.0001;-0.0127;-0.0555;0.5984;25.842657
1283;19758;-0.0001;-0.0124;-0.0543;0.6006;25.842658
1283;19759;-0.0001;-0.0121;-0.0531;0.6094;25.842659
1283;19760;-0.0001;-0.0121;-0.0531;0.6159;25.842660
1283;19761;-0.0001;-0.0122;-0.0536;0.6225;25.842661
1283;19762;-0.0001;-0.0124;-0.0547;0.6312;25.842662
1283;19763;-0.0001;-0.0125;-0.0552;0.6356;25.842663
1283;19764;-0.0001;-0.0126;-0.0556;0.6399;25.842664
1283;19765;-0.0001;-0.0127;-0.0560;0.6465;25.842665
1283;19766;-0.0001;-0.0126;-0.0557;0.6552;25.842666
1283;19767;-0.0001;-0.0124;-0.0552;0.6596;25.842667
1283;19768;-0.0001;-0.0121;-0.0538;0.6618;25.842668
1283;19769;-0.0001;-0.0118;-0.0526;0.6705;25.842669
1283;19770;-0.0001;-0.0119;-0.0529;0.6771;25.842670
1283;19771;-0.0001;-0.0120;-0.0535;0.6836;25.842671
1283;19772;-0.0001;-0.0120;-0.0538;0.6880;25.842672
1283;19773;-0.0001;-0.0120;-0.0536;0.6858;25.842673
1283;19774;-0.0001;-0.0119;-0.0535;0.6945;25.842674
1283;19775;-0.0001;-0.0121;-0.0542;0.7033;25.842675
1283;19776;-0.0001;-0.0121;-0.0543;0.7120;25.842676
1283;19777;-0.0001;-0.0122;-0.0549;0.7186;25.842677
1283;19778;-0.0001;-0.0122;-0.0549;0.7186;25.842678
1283;19779;-0.0001;-0.0121;-0.0547;0.7229;25.842679
1283;19780;-0.0001;-0.0120;-0.0543;0.7295;25.842680
1283;19781;-0.0001;-0.0119;-0.0541;0.7382;25.842681
1283;19782;-0.0001;-0.0118;-0.0537;0.7448;25.842682
1283;19783;-0.0001;-0.0118;-0.0536;0.7491;25.842683
1283;19784;-0.0001;-0.0117;-0.0534;0.7557;25.842684
1283;19785;-0.0001;-0.0117;-0.0534;0.7623;25.842685
1283;19786;-0.0001;-0.0118;-0.0539;0.7666;25.842686
1283;19787;-0.0001;-0.0119;-0.0543;0.7732;25.842687
1283;19788;-0.0001;-0.0118;-0.0539;0.7797;25.842688
1283;19789;-0.0001;-0.0117;-0.0534;0.7885;25.842689
1283;19790;-0.0001;-0.0117;-0.0537;0.8016;25.842690
1283;19791;-0.0001;-0.0118;-0.0543;0.8059;25.842691
1283;19792;-0.0001;-0.0118;-0.0543;0.8059;25.842692
1283;19793;-0.0001;-0.0118;-0.0544;0.8037;25.842693
1283;19794;-0.0001;-0.0118;-0.0544;0.8147;25.842694
1283;19795;-0.0001;-0.0119;-0.0548;0.8256;25.842695
1283;19796;-0.0001;-0.0118;-0.0548;0.8300;25.842696
1283;19797;-0.0001;-0.0117;-0.0543;0.8343;25.842697
1283;19798;-0.0001;-0.0116;-0.0536;0.8387;25.842698
1283;19799;-0.0001;-0.0114;-0.0530;0.8518;25.842699
1283;19800;-0.0001;-0.0113;-0.0528;0.8627;25.842700
1283;19801;-0.0001;-0.0114;-0.0532;0.8584;25.842701
1283;19802;-0.0001;-0.0115;-0.0537;0.8584;25.842702
1283;19803;-0.0001;-0.0116;-0.0543;0.8649;25.842703
1283;19804;-0.0001;-0.0115;-0.0539;0.8715;25.842704
1283;19805;-0.0001;-0.0115;-0.0539;0.8780;25.842705
1283;19806;-0.0001;-0.0115;-0.0541;0.8824;25.842706
1283;19807;-0.0001;-0.0115;-0.0539;0.8911;25.842707
1283;19808;-0.0001;-0.0114;-0.0540;0.8977;25.842708
1283;19809;-0.0001;-0.0114;-0.0537;0.9042;25.842709
1283;19810;-0.0001;-0.0114;-0.0540;0.9086;25.842710
1283;19811;-0.0001;-0.0115;-0.0546;0.9064;25.842711
1283;19812;-0.0001;-0.0116;-0.0550;0.9086;25.842712
1283;19813;-0.0001;-0.0117;-0.0553;0.9151;25.842713
1283;19814;-0.0001;-0.0115;-0.0547;0.9217;25.842714
1283;19815;-0.0001;-0.0113;-0.0538;0.9239;25.842715
1283;19816;-0.0001;-0.0113;-0.0537;0.9239;25.842716
1283;19817;-0.0001;-0.0114;-0.0544;0.9348;25.842717
1283;19818;-0.0001;-0.0114;-0.0547;0.9435;25.842718
1283;19819;-0.0001;-0.0113;-0.0540;0.9501;25.842719
1283;19820;-0.0001;-0.0112;-0.0537;0.9588;25.842720
1283;19821;-0.0001;-0.0112;-0.0540;0.9566;25.842721
1283;19822;-0.0001;-0.0113;-0.0544;0.9588;25.842722
1283;19823;-0.0001;-0.0112;-0.0540;0.9632;25.842723
1283;19824;-0.0001;-0.0111;-0.0537;0.9676;25.842724
1283;19825;-0.0001;-0.0112;-0.0540;0.9763;25.842725
1283;19826;-0.0001;-0.0113;-0.0545;0.9763;25.842726
1283;19827;-0.0001;-0.0112;-0.0542;0.9763;25.842727
1283;19828;-0.0001;-0.0111;-0.0538;0.9828;25.842728
1283;19829;-0.0001;-0.0110;-0.0533;0.9938;25.842729
1283;19830;-0.0001;-0.0110;-0.0535;1.0047;25.842730
1283;19831;-0.0001;-0.0111;-0.0540;1.0047;25.842731
1283;19832;-0.0001;-0.0111;-0.0540;1.0047;25.842732
1283;19833;-0.0001;-0.0110;-0.0538;1.0091;25.842733
1283;19834;-0.0001;-0.0110;-0.0538;1.0134;25.842734
1283;19835;-0.0001;-0.0109;-0.0536;1.0200;25.842735
1283;19836;-0.0001;-0.0109;-0.0536;1.0178;25.842736
1283;19837;-0.0001;-0.0109;-0.0536;1.0200;25.842737
1283;19838;-0.0001;-0.0109;-0.0536;1.0222;25.842738
1283;19839;-0.0001;-0.0109;-0.0538;1.0200;25.842739
1283;19840;-0.0001;-0.0110;-0.0543;1.0265;25.842740
1283;19841;-0.0001;-0.0111;-0.0549;1.0309;25.842741
1283;19842;-0.0001;-0.0111;-0.0550;1.0374;25.842742
1283;19843;-0.0001;-0.0109;-0.0541;1.0484;25.842743
1283;19844;-0.0001;-0.0108;-0.0536;1.0549;25.842744
1283;19845;-0.0001;-0.0107;-0.0534;1.0593;25.842745
1283;19846;-0.0001;-0.0108;-0.0538;1.0615;25.842746
1283;19847;-0.0001;-0.0108;-0.0541;1.0637;25.842747
1283;19848;-0.0001;-0.0108;-0.0541;1.0637;25.842748
1283;19849;-0.0001;-0.0106;-0.0534;1.0615;25.842749
1283;19850;-0.0001;-0.0107;-0.0539;1.0615;25.842750
1283;19851;-0.0001;-0.0108;-0.0545;1.0637;25.842751
1283;19852;-0.0001;-0.0108;-0.0543;1.0702;25.842752
1283;19853;-0.0001;-0.0106;-0.0536;1.0811;25.842753
1283;19854;-0.0001;-0.0105;-0.0530;1.0877;25.842754
1283;19855;-0.0001;-0.0105;-0.0530;1.0942;25.842755
1283;19856;-0.0001;-0.0105;-0.0534;1.0921;25.842756
1283;19857;-0.0001;-0.0105;-0.0534;1.0899;25.842757
1283;19858;-0.0001;-0.0104;-0.0532;1.0942;25.842758
1283;19859;-0.0001;-0.0105;-0.0536;1.0986;25.842759
1283;19860;-0.0001;-0.0105;-0.0538;1.1008;25.842760
1283;19861;-0.0001;-0.0104;-0.0534;1.1052;25.842761
1283;19862;-0.0001;-0.0103;-0.0530;1.1095;25.842762
1283;19863;-0.0001;-0.0103;-0.0530;1.1095;25.842763
1283;19864;-0.0001;-0.0103;-0.0531;1.1073;25.842764
1283;19865;-0.0001;-0.0104;-0.0537;1.1073;25.842765
1283;19866;-0.0001;-0.0105;-0.0541;1.1117;25.842766
1283;19867;-0.0001;-0.0105;-0.0545;1.1117;25.842767
1283;19868;-0.0001;-0.0105;-0.0545;1.1204;25.842768
1283;19869;-0.0001;-0.0105;-0.0545;1.1226;25.842769
1283;19870;-0.0001;-0.0104;-0.0539;1.1226;25.842770
1283;19871;-0.0001;-0.0102;-0.0533;1.1292;25.842771
1283;19872;-0.0001;-0.0103;-0.0537;1.1314;25.842772
1283;19873;-0.0001;-0.0104;-0.0542;1.1379;25.842773
1283;19874;-0.0001;-0.0104;-0.0542;1.1401;25.842774
1283;19875;-0.0001;-0.0103;-0.0540;1.1379;25.842775
1283;19876;-0.0001;-0.0103;-0.0539;1.1357;25.842776
1283;19877;-0.0001;-0.0102;-0.0539;1.1401;25.842777
1283;19878;-0.0001;-0.0102;-0.0535;1.1532;25.842778
1283;19879;-0.0001;-0.0101;-0.0535;1.1576;25.842779
1283;19880;-0.0001;-0.0102;-0.0537;1.1598;25.842780
1283;19881;-0.0001;-0.0101;-0.0537;1.1619;25.842781
1283;19882;-0.0001;-0.0103;-0.0544;1.1576;25.842782
1283;19883;-0.0001;-0.0102;-0.0540;1.1576;25.842783
1283;19884;-0.0001;-0.0099;-0.0524;1.1598;25.842784
1283;19885;-0.0001;-0.0098;-0.0521;1.1598;25.842785
1283;19886;-0.0001;-0.0100;-0.0531;1.1707;25.842786
1283;19887;-0.0001;-0.0101;-0.0542;1.1816;25.842787
1283;19888;-0.0001;-0.0102;-0.0549;1.1882;25.842788
1283;19889;-0.0001;-0.0102;-0.0546;1.1903;25.842789
1283;19890;-0.0001;-0.0100;-0.0539;1.1947;25.842790
1283;19891;-0.0001;-0.0099;-0.0530;1.1969;25.842791
1283;19892;-0.0001;-0.0098;-0.0529;1.1882;25.842792
1283;19893;-0.0001;-0.0098;-0.0531;1.1838;25.842793
1283;19894;-0.0001;-0.0099;-0.0537;1.1925;25.842794
1283;19895;-0.0001;-0.0099;-0.0539;1.1947;25.842795
1283;19896;-0.0001;-0.0099;-0.0538;1.1947;25.842796
1283;19897;-0.0001;-0.0100;-0.0544;1.1925;25.842797
1283;19898;-0.0001;-0.0100;-0.0544;1.1903;25.842798
1283;19899;-0.0001;-0.0098;-0.0538;1.1969;25.842799
1283;19900;-0.0001;-0.0097;-0.0532;1.2056;25.842800
1283;19901;-0.0001;-0.0097;-0.0532;1.2122;25.842801
1283;19902;-0.0001;-0.0097;-0.0532;1.2144;25.842802
1283;19903;-0.0001;-0.0097;-0.0532;1.2122;25.842803
1283;19904;-0.0001;-0.0097;-0.0532;1.2100;25.842804
1283;19905;-0.0001;-0.0097;-0.0534;1.2013;25.842805
1283;19906;-0.0001;-0.0098;-0.0543;1.2013;25.842806
1283;19907;-0.0001;-0.0098;-0.0545;1.2056;25.842807
1283;19908;-0.0001;-0.0098;-0.0543;1.2122;25.842808
1283;19909;-0.0001;-0.0097;-0.0541;1.2231;25.842809
1283;19910;-0.0001;-0.0097;-0.0538;1.2209;25.842810
1283;19911;-0.0001;-0.0095;-0.0532;1.2165;25.842811
1283;19912;-0.0001;-0.0095;-0.0531;1.2144;25.842812
1283;19913;-0.0001;-0.0094;-0.0524;1.2165;25.842813
1283;19914;-0.0001;-0.0094;-0.0525;1.2275;25.842814
1283;19915;-0.0001;-0.0095;-0.0531;1.2296;25.842815
1283;19916;-0.0001;-0.0095;-0.0536;1.2340;25.842816
1283;19917;-0.0001;-0.0097;-0.0545;1.2340;25.842817
1283;19918;-0.0001;-0.0096;-0.0543;1.2340;25.842818
1283;19919;-0.0001;-0.0095;-0.0538;1.2362;25.842819
1283;19920;-0.0001;-0.0095;-0.0538;1.2384;25.842820
1283;19921;-0.0001;-0.0094;-0.0536;1.2449;25.842821
1283;19922;-0.0001;-0.0095;-0.0541;1.2515;25.842822
1283;19923;-0.0001;-0.0096;-0.0545;1.2537;25.842823
1283;19924;-0.0001;-0.0095;-0.0543;1.2559;25.842824
1283;19925;-0.0001;-0.0095;-0.0541;1.2515;25.842825
1283;19926;-0.0001;-0.0094;-0.0538;1.2537;25.842826
1283;19927;-0.0001;-0.0094;-0.0536;1.2580;25.842827
1283;19928;-0.0001;-0.0093;-0.0535;1.2602;25.842828
1283;19929;-0.0001;-0.0093;-0.0535;1.2602;25.842829
1283;19930;-0.0001;-0.0093;-0.0537;1.2559;25.842830
1283;19931;-0.0001;-0.0093;-0.0537;1.2537;25.842831
1283;19932;-0.0001;-0.0093;-0.0539;1.2537;25.842832
1283;19933;-0.0001;-0.0093;-0.0541;1.2537;25.842833
1283;19934;-0.0001;-0.0093;-0.0541;1.2624;25.842834
1283;19935;-0.0001;-0.0093;-0.0542;1.2668;25.842835
1283;19936;-0.0001;-0.0093;-0.0541;1.2646;25.842836
1283;19937;-0.0001;-0.0092;-0.0537;1.2711;25.842837
1283;19938;-0.0001;-0.0092;-0.0541;1.2799;25.842838
1283;19939;-0.0001;-0.0093;-0.0544;1.2864;25.842839
1283;19940;-0.0001;-0.0093;-0.0546;1.2821;25.842840
1283;19941;-0.0001;-0.0093;-0.0546;1.2733;25.842841
1283;19942;-0.0001;-0.0093;-0.0548;1.2733;25.842842
1283;19943;-0.0001;-0.0092;-0.0542;1.2733;25.842843
1283;19944;-0.0001;-0.0090;-0.0535;1.2799;25.842844
1283;19945;-0.0001;-0.0091;-0.0537;1.2864;25.842845
1283;19946;-0.0001;-0.0091;-0.0539;1.2908;25.842846
1283;19947;-0.0001;-0.0091;-0.0539;1.2864;25.842847
1283;19948;-0.0001;-0.0091;-0.0541;1.2755;25.842848
1283;19949;-0.0001;-0.0090;-0.0537;1.2733;25.842849
1283;19950;-0.0001;-0.0089;-0.0533;1.2799;25.842850
1283;19951;-0.0001;-0.0089;-0.0532;1.2843;25.842851
1283;19952;-0.0001;-0.0089;-0.0532;1.2843;25.842852
1283;19953;-0.0001;-0.0088;-0.0530;1.2864;25.842853
1283;19954;-0.0001;-0.0088;-0.0532;1.2930;25.842854
1283;19955;-0.0001;-0.0089;-0.0539;1.2974;25.842855
1283;19956;-0.0001;-0.0090;-0.0542;1.3017;25.842856
1283;19957;-0.0001;-0.0089;-0.0541;1.3061;25.842857
1283;19958;-0.0001;-0.0089;-0.0541;1.3017;25.842858
1283;19959;-0.0001;-0.0089;-0.0541;1.3039;25.842859
1283;19960;-0.0001;-0.0089;-0.0544;1.3105;25.842860
1283;19961;-0.0001;-0.0089;-0.0541;1.3105;25.842861
1283;19962;-0.0001;-0.0087;-0.0535;1.3105;25.842862
1283;19963;-0.0001;-0.0088;-0.0537;1.3061;25.842863
1283;19964;-0.0001;-0.0087;-0.0536;1.3083;25.842864
1283;19965;-0.0001;-0.0086;-0.0533;1.3126;25.842865
1283;19966;-0.0001;-0.0087;-0.0538;1.3105;25.842866
1283;19967;-0.0001;-0.0088;-0.0544;1.3105;25.842867
1283;19968;-0.0001;-0.0088;-0.0546;1.3083;25.842868
1283;19969;-0.0001;-0.0087;-0.0538;1.3061;25.842869
1283;19970;-0.0001;-0.0086;-0.0538;1.3083;25.842870
1283;19971;-0.0001;-0.0087;-0.0542;1.3083;25.842871
1283;19972;-0.0001;-0.0087;-0.0543;1.3148;25.842872
1283;19973;-0.0001;-0.0086;-0.0536;1.3257;25.842873
1283;19974;-0.0001;-0.0085;-0.0531;1.3301;25.842874
1283;19975;-0.0001;-0.0084;-0.0527;1.3257;25.842875
1283;19976;-0.0001;-0.0084;-0.0529;1.3192;25.842876
1283;19977;-0.0001;-0.0085;-0.0536;1.3236;25.842877
1283;19978;-0.0001;-0.0086;-0.0542;1.3279;25.842878
1283;19979;-0.0001;-0.0086;-0.0542;1.3257;25.842879
1283;19980;-0.0001;-0.0085;-0.0542;1.3345;25.842880
1283;19981;-0.0001;-0.0085;-0.0543;1.3454;25.842881
1283;19982;-0.0001;-0.0085;-0.0543;1.3498;25.842882
1283;19983;-0.0001;-0.0086;-0.0550;1.3476;25.842883
1283;19984;-0.0001;-0.0087;-0.0556;1.3454;25.842884
1283;19985;-0.0001;-0.0086;-0.0549;1.3498;25.842885
1283;19986;-0.0001;-0.0083;-0.0536;1.3454;25.842886
1283;19987;-0.0001;-0.0083;-0.0536;1.3367;25.842887
1283;19988;-0.0001;-0.0083;-0.0538;1.3323;25.842888
1283;19989;-0.0001;-0.0083;-0.0534;1.3323;25.842889
1283;19990;-0.0001;-0.0083;-0.0534;1.3432;25.842890
1283;19991;-0.0001;-0.0083;-0.0538;1.3432;25.842891
1283;19992;-0.0001;-0.0082;-0.0533;1.3454;25.842892
1283;19993;-0.0001;-0.0081;-0.0527;1.3498;25.842893
1283;19994;-0.0001;-0.0082;-0.0533;1.3520;25.842894
1283;19995;-0.0001;-0.0083;-0.0540;1.3607;25.842895
1283;19996;-0.0001;-0.0082;-0.0538;1.3651;25.842896
1283;19997;-0.0001;-0.0082;-0.0538;1.3651;25.842897
1283;19998;-0.0001;-0.0082;-0.0542;1.3629;25.842898
1283;19999;-0.0001;-0.0082;-0.0542;1.3607;25.842899
